start_time	end_time	Block	Grid	IFU	Single Shape
0.305	1.204	1600.0	1600.0	868.1	1600.0
2.204	2.374	482.7	309.6	3.0	1600.0
2.394	3.743	580.3	487.0	0.0	1600.0
3.843	4.103	685.5	615.5	0.0	1600.0
4.113	5.102	710.2	612.7	0.0	1600.0
5.112	5.312	691.8	625.2	0.0	1600.0
5.322	5.592	641.3	691.7	0.0	1600.0
5.622	5.842	827.3	527.7	0.0	1600.0
5.852	6.171	782.5	607.6	0.0	1600.0
6.261	6.541	1600.0	0.0	644.6	1600.0
6.641	7.481	1600.0	160.3	575.2	1600.0
7.491	8.21	1600.0	97.1	320.1	0.0
8.49	8.65	0.0	1600.0	646.3	1600.0
8.67	9.0	0.0	1600.0	736.3	1600.0
9.02	9.24	0.0	1600.0	859.2	1600.0
9.26	9.479	0.0	1600.0	853.5	671.0
9.499	9.929	0.0	1600.0	869.7	520.6
9.979	10.719	172.8	1600.0	480.9	0.0
10.759	11.208	0.0	1600.0	1005.6	202.0
11.228	12.528	49.0	1600.0	1041.7	0.0
12.538	12.768	0.0	1600.0	895.5	1600.0
13.067	13.267	903.2	437.1	0.0	1600.0
13.287	13.487	975.3	489.3	0.0	1600.0
13.557	13.807	1600.0	0.0	535.4	1600.0
13.847	14.017	1600.0	0.0	869.7	1600.0
14.027	14.547	1600.0	0.0	1600.0	1600.0
14.796	15.016	1600.0	694.4	0.0	1600.0
15.046	15.196	817.4	621.7	0.0	1600.0
15.216	15.456	791.9	604.6	0.0	1600.0
15.496	15.666	1022.9	379.8	106.9	1600.0
15.686	15.826	649.2	727.2	36.7	0.0
16.036	16.216	0.0	1600.0	755.3	443.5
16.226	16.365	0.0	1600.0	839.0	396.7
16.405	16.605	0.0	1600.0	862.7	482.9
16.635	16.745	0.0	1600.0	782.5	441.3
16.775	16.885	0.0	1600.0	886.3	506.2
16.935	17.135	0.0	1600.0	642.0	265.7
17.215	17.315	0.0	1600.0	632.7	245.1
17.325	17.605	0.0	1600.0	657.0	183.9
17.635	17.705	0.0	1600.0	650.2	233.9
17.715	17.865	0.0	1600.0	684.1	245.1
17.955	18.084	0.0	1600.0	728.9	301.9
18.104	18.384	0.0	1600.0	683.6	220.0
18.404	18.694	0.0	1600.0	758.2	255.4
18.734	19.743	90.2	1600.0	641.6	0.0
19.783	21.353	35.1	1600.0	867.2	1600.0
21.572	21.712	842.4	526.6	0.0	1600.0
21.732	21.862	909.1	510.5	0.0	1600.0
21.912	22.002	934.5	517.4	0.0	1600.0
22.012	22.262	931.7	568.0	0.0	1600.0
22.292	22.542	1600.0	678.9	0.0	1600.0
22.572	23.122	1600.0	543.8	0.0	1600.0
23.142	23.501	777.0	638.7	0.0	1600.0
23.521	23.881	1600.0	579.5	0.0	1600.0
23.911	24.161	1600.0	683.5	0.0	1600.0
24.211	24.411	1600.0	615.8	1.0	1600.0
24.451	24.581	1600.0	667.7	0.0	1600.0
24.601	24.751	1600.0	603.5	0.0	1600.0
24.98	25.71	1600.0	0.0	931.2	1600.0
25.82	26.0	1600.0	593.0	0.0	814.1
26.01	26.19	1600.0	674.0	0.0	1600.0
26.28	26.44	1600.0	235.7	261.4	2.0
26.5	26.849	881.0	587.0	46.2	0.0
27.049	27.419	0.0	1600.0	836.5	462.5
27.529	27.739	0.0	1600.0	880.6	448.2
27.759	27.919	0.0	1600.0	873.4	528.6
27.969	28.039	0.0	1600.0	751.7	235.6
28.089	28.358	0.0	1600.0	765.7	225.3
28.378	28.708	0.0	1600.0	758.6	276.4
28.738	29.368	0.0	1600.0	749.9	289.4
29.598	29.908	0.0	1600.0	767.4	340.9
29.948	30.377	0.0	1600.0	880.2	318.2
30.417	30.587	0.0	1600.0	811.7	368.5
30.707	30.777	0.0	1600.0	776.3	313.1
30.817	31.327	0.0	1600.0	776.8	245.1
31.357	31.627	0.0	1600.0	790.2	337.7
31.657	31.886	0.0	1600.0	900.0	458.1
31.906	32.246	0.0	1600.0	976.0	523.2
32.436	32.616	0.0	1600.0	743.3	221.8
32.636	32.736	0.0	1600.0	730.2	191.7
32.756	32.866	0.0	1600.0	713.3	171.2
32.886	33.306	0.0	1600.0	725.7	253.1
33.346	33.545	92.3	1600.0	552.4	0.0
33.555	33.725	146.7	1600.0	494.4	0.0
33.765	33.845	144.4	1600.0	495.1	0.0
34.005	34.095	0.0	1600.0	756.0	125.3
34.135	34.395	0.0	1600.0	746.2	51.9
34.415	34.495	27.6	1600.0	700.3	0.0
34.535	34.925	60.4	1600.0	693.1	0.0
34.935	35.734	46.0	1600.0	746.2	1600.0
36.074	36.214	876.0	522.4	0.0	1600.0
36.234	36.414	907.0	569.3	0.0	1600.0
36.574	36.734	1600.0	513.1	0.0	1600.0
36.804	37.093	1600.0	0.0	549.8	1600.0
37.293	37.423	1600.0	0.0	583.3	1600.0
37.473	37.643	1600.0	0.0	907.1	1600.0
37.703	37.923	1600.0	0.0	782.8	1600.0
37.963	38.253	1600.0	17.5	604.7	1600.0
38.433	38.912	1600.0	47.7	531.3	0.0
38.982	39.112	1600.0	614.0	0.0	583.6
39.152	39.352	754.2	699.4	0.0	408.1
39.382	39.472	874.3	574.0	0.0	101.5
39.832	39.932	817.1	600.0	0.0	80.4
39.942	40.082	750.6	705.5	0.0	1600.0
40.291	40.421	0.0	1600.0	731.5	535.1
40.441	40.581	0.0	1600.0	802.7	537.1
40.611	40.891	0.0	1600.0	824.3	619.6
41.101	41.521	397.4	1600.0	263.0	0.0
41.621	41.711	0.0	1600.0	859.3	297.5
41.731	42.21	15.8	1600.0	918.4	1600.0
42.39	42.76	5.0	1600.0	927.2	1600.0
42.83	42.92	10.8	1600.0	919.0	1600.0
43.03	43.19	0.0	1600.0	914.3	1600.0
43.56	43.63	766.0	1600.0	0.0	1600.0
43.789	44.359	961.0	545.8	0.0	1600.0
44.529	45.169	1600.0	606.9	0.0	1600.0
45.199	45.329	1600.0	530.4	0.0	185.4
45.608	45.848	1600.0	468.0	101.4	1600.0
45.898	45.978	1600.0	511.5	0.0	1600.0
45.998	46.218	1600.0	532.5	0.0	1600.0
46.378	46.478	1600.0	504.2	0.0	1600.0
46.568	46.738	1600.0	0.0	723.7	1600.0
46.808	46.918	1600.0	0.0	891.2	1600.0
46.978	47.058	1600.0	0.0	894.8	1600.0
47.078	47.517	1600.0	33.8	938.5	1600.0
47.597	47.957	1600.0	41.8	997.7	0.0
47.997	48.237	1600.0	53.2	962.4	0.0
48.397	48.667	1600.0	59.1	427.2	0.0
48.687	49.076	993.3	555.1	45.3	1600.0
49.196	49.376	760.9	758.1	8.1	0.0
49.776	49.876	0.0	1600.0	848.1	842.0
50.076	50.256	0.0	1600.0	1043.6	987.1
50.356	50.546	0.0	1600.0	1007.8	927.6
50.635	50.745	461.0	1600.0	214.0	14.1
50.915	51.055	371.8	1600.0	303.2	0.0
51.065	51.155	314.0	1600.0	380.0	0.0
51.295	51.435	267.4	1600.0	410.9	0.0
51.515	51.875	0.0	1600.0	986.6	1600.0
52.095	52.904	0.0	1600.0	1016.6	0.0
53.344	53.464	1047.6	497.6	0.0	1600.0
53.724	53.804	1600.0	0.0	554.5	1600.0
53.854	54.003	1600.0	0.0	697.6	1600.0
54.023	54.653	1600.0	0.0	901.9	1600.0
54.753	54.993	1600.0	0.0	973.5	1600.0
55.113	55.333	1600.0	0.0	949.0	1600.0
55.642	55.832	1600.0	650.3	0.0	1600.0
55.842	56.012	807.3	712.3	0.0	528.8
56.052	56.152	1038.6	449.0	32.2	41.0
56.182	56.272	816.0	669.1	33.0	0.0
56.422	56.592	692.5	764.6	60.3	0.0
56.722	56.792	0.0	1600.0	858.2	710.7
57.112	57.212	0.0	1600.0	940.7	355.4
57.242	57.401	0.0	1600.0	972.3	261.5
57.421	57.611	0.0	1600.0	1063.1	94.0
57.641	57.781	5.0	1600.0	978.2	0.0
57.811	58.001	0.0	1600.0	784.9	132.8
58.031	58.221	0.0	1600.0	771.6	138.7
58.241	58.371	0.0	1600.0	851.3	178.4
58.401	58.731	0.0	1600.0	976.1	254.7
58.971	59.041	0.0	1600.0	792.5	371.7
59.051	59.17	0.0	1600.0	821.0	361.7
59.18	59.29	0.0	1600.0	872.0	311.1
59.32	59.63	0.0	1600.0	823.8	368.7
59.73	60.09	64.2	1600.0	964.3	1600.0
60.25	60.799	18.4	1600.0	790.3	0.0
60.839	60.989	13.0	1600.0	813.0	0.0
61.169	61.629	29.2	1600.0	825.3	1600.0
61.849	62.069	995.8	514.9	0.0	1600.0
62.149	62.339	1600.0	525.7	0.0	1600.0
62.359	62.728	1600.0	633.8	0.0	1600.0
62.948	63.348	1600.0	580.9	0.0	1600.0
63.488	63.678	1600.0	668.3	0.0	1600.0
63.708	63.978	1600.0	573.3	0.0	1600.0
63.998	64.078	1600.0	558.8	0.0	1600.0
64.377	64.617	1600.0	577.4	0.0	1600.0
64.927	65.797	1600.0	25.5	824.8	1600.0
65.916	66.496	1600.0	42.0	674.7	0.0
67.246	67.386	0.0	1600.0	848.0	1600.0
67.406	67.586	0.0	1600.0	973.4	1600.0
67.596	67.745	0.0	1600.0	991.5	1600.0
67.775	67.875	0.0	1600.0	903.8	1600.0
68.035	68.245	0.0	1600.0	893.1	1600.0
68.385	68.465	0.0	1600.0	940.1	1600.0
68.605	68.745	0.0	1600.0	826.0	1600.0
68.765	69.314	0.0	1600.0	817.1	623.0
69.604	69.704	502.8	1600.0	225.0	0.0
70.094	70.244	808.4	610.8	0.0	380.3
70.294	70.474	357.7	1600.0	311.0	0.0
70.594	70.914	192.2	1600.0	526.9	1600.0
71.033	71.113	0.0	1600.0	805.7	209.9
71.233	71.353	0.0	1600.0	797.5	1600.0
71.373	71.633	0.0	1600.0	799.9	338.0
71.753	72.513	0.0	1600.0	830.7	341.0
72.533	72.832	0.0	1600.0	850.2	333.0
73.432	73.632	1058.2	516.6	0.0	1600.0
73.662	73.812	1600.0	623.7	0.0	1600.0
74.122	74.392	1600.0	0.0	803.3	1600.0
74.412	74.791	1600.0	17.5	1014.3	1600.0
74.851	75.161	1600.0	42.0	953.0	1600.0
75.311	75.611	1600.0	554.1	0.0	1600.0
76.001	76.071	803.0	653.3	0.0	116.8
76.56	76.75	0.0	1600.0	984.6	237.2
77.07	77.25	0.0	1600.0	916.0	64.1
77.28	77.73	36.8	1600.0	993.0	0.0
77.75	77.999	0.0	1600.0	1088.1	236.0
78.219	78.339	0.0	1600.0	1006.3	96.3
78.999	79.139	0.0	1600.0	988.9	193.5
79.439	79.708	0.0	1600.0	1600.0	160.9
79.738	79.898	40.4	1600.0	1600.0	0.0
79.988	80.378	99.2	1600.0	1021.8	0.0
80.598	80.718	0.0	1600.0	751.8	1600.0
80.858	81.827	0.0	1600.0	720.8	1600.0
81.847	82.067	9.2	1600.0	738.9	399.9
82.847	82.996	1015.3	519.6	0.0	1600.0
83.026	83.226	1600.0	624.0	0.0	1600.0
83.256	83.406	1600.0	502.7	0.0	1600.0
83.446	83.686	1600.0	694.9	0.0	1600.0
83.716	83.866	1600.0	609.1	0.0	1600.0
83.886	84.116	865.0	523.5	0.0	1600.0
84.136	84.336	764.9	629.3	0.0	1600.0
84.486	84.735	819.0	583.5	0.0	1600.0
84.755	84.905	741.0	683.5	0.0	1600.0
85.025	85.095	833.0	619.2	0.0	1600.0
85.175	85.395	1600.0	591.2	0.0	1600.0
85.575	85.825	1600.0	0.0	713.4	1600.0
85.945	86.135	1600.0	24.6	713.4	0.0
86.265	86.335	1600.0	611.8	0.0	665.7
86.345	86.584	1600.0	668.4	0.0	445.3
86.784	86.934	844.2	577.7	0.0	212.0
86.984	87.204	634.9	1600.0	29.1	0.0
87.284	87.544	0.0	1600.0	915.3	618.7
87.684	87.784	0.0	1600.0	1017.9	354.1
88.014	88.223	0.0	1600.0	818.6	78.3
88.343	88.443	0.0	1600.0	908.8	4.2
88.473	89.183	0.0	1600.0	775.1	113.6
89.203	89.343	0.0	1600.0	811.3	1600.0
89.483	89.563	0.0	1600.0	779.0	1600.0
89.593	89.802	0.0	1600.0	984.6	0.0
89.822	90.072	26.2	1600.0	799.5	0.0
90.362	90.452	0.0	1600.0	849.2	1600.0
90.472	90.802	0.0	1600.0	940.4	1600.0
90.822	91.142	0.0	1600.0	823.7	322.5
91.302	91.701	0.0	1600.0	785.2	337.3
91.741	91.981	0.0	1600.0	867.3	300.1
92.001	92.171	0.0	1600.0	969.8	200.0
92.191	92.451	0.0	1600.0	1003.5	121.4
92.501	92.621	24.0	1600.0	741.3	402.5
92.631	92.761	0.0	1600.0	795.7	350.6
92.841	92.961	0.0	1600.0	823.0	291.8
93.041	93.211	0.0	1600.0	735.7	357.2
93.52	93.64	0.0	1600.0	827.6	317.2
93.74	94.0	0.0	1600.0	954.3	221.4
94.04	94.13	0.0	1600.0	1012.6	192.8
94.16	94.28	0.0	1600.0	1037.7	108.2
94.4	94.56	0.0	1600.0	1017.1	192.1
94.58	95.069	4.2	1600.0	1084.3	0.0
95.559	95.959	12.4	1600.0	1114.7	0.0
95.979	96.259	0.0	1600.0	1043.7	41.0
96.279	96.599	61.4	1600.0	1212.0	0.0
96.808	97.138	0.0	1600.0	1058.1	38.2
97.358	97.528	0.0	1600.0	1093.5	1.0
97.538	97.758	12.8	1600.0	1021.4	3.0
97.768	98.527	3.6	1600.0	1080.5	1600.0
98.937	99.157	940.5	497.2	0.0	1600.0
99.177	99.427	1600.0	550.3	0.0	1600.0
99.737	99.837	1600.0	0.0	790.1	1600.0
99.937	100.416	1600.0	79.7	872.8	2.0
100.536	101.036	1600.0	64.4	839.9	1600.0
101.136	101.266	1600.0	636.8	0.0	599.9
101.506	101.636	864.9	585.6	0.0	131.0
101.865	101.935	0.0	1600.0	696.6	1600.0
102.095	102.295	0.0	1600.0	775.4	713.4
102.335	102.565	0.0	1600.0	703.7	625.9
102.595	102.765	0.0	1600.0	789.0	758.2
102.785	102.925	0.0	1600.0	907.6	858.5
102.955	103.075	0.0	1600.0	873.1	759.5
103.375	103.494	0.0	1600.0	740.5	568.0
103.514	103.644	2.8	1600.0	666.8	499.6
103.674	104.004	0.0	1600.0	719.0	605.3
104.024	104.424	0.0	1600.0	768.4	641.3
104.444	104.614	0.0	1600.0	756.4	534.5
104.714	105.034	0.0	1600.0	788.0	571.4
105.074	105.453	0.0	1600.0	776.2	630.3
105.633	105.713	0.0	1600.0	822.6	634.8
105.743	105.843	0.0	1600.0	771.7	520.2
105.963	106.283	0.0	1600.0	752.5	507.7
106.433	106.733	0.0	1600.0	792.7	568.1
106.753	107.022	0.0	1600.0	835.3	491.4
107.252	107.412	115.3	1600.0	630.6	0.0
107.632	107.812	0.0	1600.0	903.5	89.1
107.832	108.052	57.0	1600.0	822.7	0.0
108.132	108.302	99.6	1600.0	835.3	0.0
108.312	108.711	25.0	1600.0	897.9	1600.0
108.801	109.041	0.0	1600.0	898.3	1600.0
109.061	109.381	0.0	1600.0	956.9	1600.0
109.761	109.991	765.2	587.5	0.0	1600.0
110.011	110.151	893.0	490.0	0.0	1600.0
110.181	110.36	877.3	458.2	7.0	1600.0
110.4	110.53	861.8	440.3	6.0	1600.0
110.55	110.68	800.1	514.8	39.0	1600.0
110.7	110.82	818.3	520.3	58.0	1600.0
111.08	111.24	912.5	515.4	0.0	1600.0
111.85	112.059	1600.0	1600.0	1600.0	1600.0
112.159	112.249	1600.0	1600.0	1600.0	1600.0
112.369	112.729	1600.0	1600.0	1600.0	1600.0
112.929	113.289	1600.0	1600.0	1600.0	1600.0
113.369	113.499	1600.0	1600.0	1600.0	1600.0
113.519	115.168	1600.0	1600.0	1600.0	1600.0
115.348	116.907	1600.0	1600.0	1600.0	1600.0
117.067	117.286	1600.0	1600.0	1600.0	1600.0
117.326	117.726	1600.0	1600.0	1600.0	1600.0
117.816	118.266	1600.0	1600.0	1600.0	1600.0
118.306	118.855	1600.0	1600.0	1600.0	1600.0
