,action_change_index_ogd,action,start_time,end_time,action_numbers,change,start_time_action,end_time_action
0,0,Cap Off,320.0,420.0,0,,0.0,5067.0
1,35,Apply Tip,5067.0,5157.0,1,1.0,5067.0,13612.0
2,115,Setting Units,13612.0,13712.0,2,1.0,13612.0,15790.999999999998
3,132,Priming,15790.999999999998,15880.999999999998,3,1.0,15790.999999999998,30802.0
4,258,Setting Units,30802.0,30901.999999999996,2,-1.0,30802.0,34800.0
5,294,Injection,34800.0,34900.0,4,2.0,34800.0,38238.0
6,321,Setting Units,38238.0,38338.0,2,-2.0,38238.0,41326.0
7,351,Injection,41326.0,41426.0,4,2.0,41326.0,41696.00000000001
8,354,Setting Units,41696.00000000001,41796.00000000001,2,-2.0,41696.00000000001,42255.0
9,358,Injection,42255.0,42355.0,4,2.0,42255.0,53989.0
10,465,Remove Tip,53989.0,54089.0,5,1.0,53989.0,63283.0
11,542,Cap On,63283.0,63383.0,6,1.0,63283.0,70049.0
