start_time	end_time	Block	Grid	IFU	Single Shape
0.055	0.185	1600.0	1600.0	390.9	1600.0
0.335	0.515	1600.0	1600.0	439.1	1600.0
0.555	0.755	1600.0	1600.0	477.3	1600.0
0.835	1.234	1600.0	1600.0	486.2	1600.0
1.274	1.534	1600.0	1600.0	1600.0	1600.0
1.554	1.674	1600.0	1600.0	1600.0	1600.0
3.303	3.413	625.2	619.2	0.0	1600.0
3.743	3.873	681.4	700.6	0.0	1600.0
3.893	3.963	768.5	649.9	0.0	1600.0
4.093	4.173	879.5	685.4	0.0	1600.0
4.292	4.552	1600.0	838.4	0.0	1600.0
4.612	4.922	1600.0	695.0	0.0	1600.0
5.002	5.172	1600.0	481.0	137.0	1600.0
5.192	5.462	1600.0	133.0	315.8	1600.0
5.692	5.802	1600.0	0.0	740.5	1600.0
5.942	6.071	1600.0	0.0	483.6	1600.0
6.241	6.451	1600.0	272.2	364.0	1600.0
6.491	6.601	1600.0	229.7	357.1	1600.0
6.641	6.901	1600.0	245.4	328.4	0.0
6.921	7.001	1600.0	194.2	279.0	12.0
7.011	7.161	1600.0	245.8	192.0	0.0
7.491	7.7	897.5	321.4	49.0	33.7
7.75	7.85	864.2	345.1	38.9	5.0
7.87	7.98	838.2	363.0	55.9	0.0
8.05	8.4	843.0	351.3	49.7	1.0
8.46	8.55	835.0	359.1	13.6	17.7
8.57	8.69	831.0	362.0	20.0	11.3
8.71	8.85	844.0	349.1	46.2	10.3
8.99	9.649	652.0	524.2	26.0	20.1
9.809	9.999	253.7	1600.0	330.5	140.9
10.359	10.449	26.0	1600.0	867.3	468.0
10.489	10.599	20.0	1600.0	676.4	366.0
10.649	10.769	0.0	1600.0	638.1	149.0
10.859	10.949	26.1	1600.0	453.3	7.3
11.089	11.168	0.0	1600.0	470.4	1600.0
11.208	11.278	0.0	1600.0	632.7	1600.0
11.318	11.548	37.0	1600.0	598.1	1600.0
11.588	11.698	46.0	1600.0	586.6	1600.0
11.718	11.988	25.0	1600.0	570.3	1600.0
12.078	12.148	0.0	1600.0	554.0	1600.0
12.558	12.668	43.0	1600.0	386.2	1600.0
12.698	12.798	384.9	603.7	83.6	1600.0
12.818	13.047	1600.0	187.8	105.1	1600.0
13.507	13.597	1600.0	84.6	401.6	1600.0
13.627	13.757	1600.0	110.0	315.8	1600.0
13.907	13.997	1600.0	450.0	0.0	1600.0
14.077	14.157	1600.0	136.3	275.0	1600.0
14.457	14.546	1600.0	9.9	1212.3	1600.0
14.926	15.016	1600.0	0.0	736.0	1600.0
15.066	15.156	1600.0	137.3	246.7	1600.0
15.176	15.326	982.8	262.1	130.3	1600.0
15.646	15.716	1600.0	372.7	0.0	1600.0
15.756	15.836	1600.0	144.8	240.1	1600.0
15.926	16.016	1600.0	61.3	341.8	325.1
16.036	16.116	1600.0	116.2	264.0	1600.0
16.435	16.565	1600.0	2.8	493.8	167.2
16.585	16.655	1600.0	78.3	422.7	102.4
16.855	17.085	1600.0	245.4	392.5	0.0
17.255	17.355	1022.2	253.9	333.6	116.2
17.375	17.495	923.2	314.1	308.7	155.0
17.535	17.655	752.6	408.9	211.6	59.7
17.665	17.755	690.3	452.8	139.5	37.6
17.825	18.004	324.7	891.1	166.1	119.9
18.124	18.244	23.0	1600.0	502.5	312.5
18.404	18.494	200.3	1600.0	1024.7	723.5
18.574	18.644	0.0	1600.0	789.2	490.1
18.684	18.764	7.0	1600.0	724.5	509.3
18.824	18.924	0.0	1600.0	652.0	389.5
19.054	19.214	54.0	1600.0	665.1	265.0
19.254	19.354	0.0	1600.0	557.5	159.0
19.394	19.534	0.0	1600.0	522.5	115.0
19.683	19.853	139.6	1600.0	339.6	0.0
20.033	20.123	0.0	1600.0	682.2	304.2
20.143	20.213	0.0	1600.0	673.0	303.0
20.253	20.323	0.0	1600.0	643.9	271.0
20.353	20.523	71.8	1600.0	687.4	355.2
20.673	20.853	0.0	1600.0	673.5	347.0
20.973	21.103	0.0	1600.0	668.7	323.0
21.123	21.353	0.0	1600.0	511.7	169.2
21.372	21.492	0.0	1600.0	417.9	51.4
21.652	21.762	218.3	1600.0	210.0	55.1
21.972	22.182	0.0	1600.0	573.9	186.4
22.202	22.472	0.0	1600.0	537.8	132.4
22.622	22.752	73.1	1600.0	369.9	8.9
22.772	22.932	43.6	1600.0	404.5	35.8
23.042	23.151	0.0	1600.0	620.0	229.4
23.291	23.411	0.0	1600.0	617.0	1600.0
23.451	23.551	0.0	1600.0	585.0	1600.0
23.591	23.701	0.0	1600.0	575.0	1600.0
23.721	23.811	0.0	1600.0	561.3	1600.0
23.851	24.401	0.0	1600.0	489.7	1600.0
24.491	24.671	217.1	752.2	187.9	1600.0
24.741	24.87	285.5	729.8	149.5	1600.0
24.99	25.07	655.3	402.4	42.9	1600.0
25.22	25.35	288.9	1600.0	117.3	1600.0
25.53	25.65	0.0	1600.0	723.4	1600.0
25.69	25.82	0.0	1600.0	673.4	1600.0
25.84	25.97	0.0	1600.0	626.2	1600.0
25.99	26.1	0.0	1600.0	588.8	1600.0
26.12	26.32	0.0	1600.0	486.6	1600.0
26.42	26.519	494.9	573.4	19.2	1600.0
26.539	26.659	1600.0	320.5	0.0	1600.0
27.349	27.429	1600.0	0.0	785.5	1600.0
31.107	31.227	1600.0	0.0	729.9	1600.0
31.377	31.507	1600.0	195.1	205.8	1600.0
32.116	32.186	1600.0	115.9	295.0	1600.0
33.635	33.885	1600.0	0.0	517.3	64.6
33.905	34.195	1600.0	176.9	307.9	254.3
35.934	36.004	0.0	1600.0	730.5	491.5
36.204	36.334	80.1	1600.0	848.9	495.2
36.394	36.484	21.0	1600.0	741.0	399.7
36.654	36.764	0.0	1600.0	619.4	327.0
36.893	37.033	0.0	1600.0	531.3	252.0
37.053	37.123	0.0	1600.0	424.3	171.1
37.203	37.313	95.5	1600.0	308.3	14.0
37.393	37.483	161.8	864.6	325.3	23.0
37.523	37.603	205.1	744.0	179.8	20.6
37.623	37.733	165.4	789.3	216.5	36.9
37.753	37.833	90.1	868.9	283.4	89.9
38.193	38.433	53.9	1600.0	371.8	50.6
38.473	38.722	42.4	1600.0	429.6	41.1
38.802	38.982	4.1	1600.0	464.7	3.0
39.002	39.112	7.0	1600.0	523.4	16.1
39.242	39.462	21.6	1600.0	554.5	52.0
39.522	39.682	67.0	1600.0	443.6	1600.0
39.702	39.802	29.5	1600.0	420.6	1600.0
39.842	40.102	9.0	1600.0	437.6	1600.0
40.122	40.421	0.0	1600.0	448.7	1600.0
40.441	40.961	354.2	684.0	98.3	1600.0
41.091	41.421	1600.0	0.0	468.5	1600.0
41.591	41.711	1600.0	0.0	834.6	1600.0
41.811	41.891	1600.0	254.0	114.4	1600.0
41.93	42.14	1600.0	67.5	297.1	1600.0
42.34	42.48	1600.0	272.4	126.0	1600.0
42.7	42.87	1600.0	0.0	688.8	1600.0
42.91	43.02	1600.0	0.0	457.3	1600.0
43.26	43.44	1600.0	344.1	36.0	712.1
43.46	43.54	1600.0	238.4	154.0	1600.0
43.719	43.819	1600.0	12.4	607.0	1600.0
43.829	44.249	1600.0	151.6	532.0	1600.0
44.289	44.839	1600.0	227.1	582.0	42.7
44.859	45.259	1600.0	67.2	621.4	65.7
45.269	45.428	1600.0	55.2	567.5	52.0
45.558	45.788	1600.0	51.9	356.5	194.3
45.808	45.998	1028.0	157.8	209.0	1600.0
46.238	46.338	658.4	554.1	0.0	511.3
46.358	46.478	436.7	646.4	32.6	647.7
46.678	46.748	454.2	1600.0	13.6	1600.0
47.107	47.257	0.0	1600.0	786.1	1600.0
47.287	47.367	0.0	1600.0	683.6	1600.0
47.517	47.787	0.0	1600.0	553.6	1600.0
47.807	48.087	50.6	1600.0	410.2	299.0
48.107	48.497	0.0	1600.0	491.7	1600.0
48.537	48.687	3.0	1600.0	564.3	1600.0
48.826	49.456	13.9	1600.0	475.5	1600.0
49.536	49.636	912.2	298.5	0.0	1600.0
49.656	49.756	1600.0	187.5	129.3	1600.0
50.086	50.166	1600.0	19.3	928.8	1600.0
50.186	50.316	1600.0	0.0	825.4	1600.0
50.336	50.595	1600.0	23.3	381.5	1600.0
50.635	50.745	1600.0	157.0	203.3	1600.0
50.825	51.035	654.4	596.8	0.0	1600.0
51.055	51.285	1600.0	498.8	0.0	1600.0
51.325	51.465	878.6	502.3	0.0	1600.0
51.485	51.585	838.7	470.2	0.0	1600.0
51.625	51.885	751.1	508.9	5.8	1600.0
51.975	52.165	797.2	461.9	0.0	1600.0
52.184	52.454	849.8	451.4	0.0	1600.0
52.604	52.734	1600.0	517.6	14.0	1600.0
52.754	52.844	1600.0	535.8	8.0	1600.0
52.884	53.014	940.5	483.2	0.0	1600.0
53.074	53.164	848.6	498.1	0.0	1600.0
53.224	53.304	792.9	508.6	0.0	1600.0
53.374	53.484	759.0	523.0	64.0	1600.0
55.892	55.962	1600.0	0.0	547.9	1600.0
56.002	56.082	1600.0	0.0	349.3	1600.0
56.142	56.352	1027.9	133.4	188.3	1600.0
56.592	57.012	377.8	781.1	164.0	460.3
57.052	57.222	73.0	1600.0	474.3	654.9
57.651	57.751	0.0	1600.0	747.1	508.4
57.791	57.961	24.0	1600.0	590.7	300.5
57.981	58.091	0.0	1600.0	536.2	63.0
58.171	58.301	283.5	1600.0	268.4	328.9
58.361	58.471	112.6	1600.0	393.4	257.3
58.491	58.561	88.2	1600.0	504.5	155.1
58.601	58.751	81.0	1600.0	400.1	250.6
58.791	58.921	203.5	887.1	262.3	394.0
59.23	59.31	400.4	1600.0	76.3	604.3
59.32	59.45	288.0	1600.0	183.6	502.8
59.65	59.74	113.2	1600.0	893.1	142.0
59.76	60.36	0.0	1600.0	678.0	1600.0
60.41	60.52	289.1	764.0	221.4	1600.0
60.54	60.65	455.6	636.2	130.3	1600.0
60.839	60.919	1288.2	0.0	364.5	1600.0
61.219	61.349	1600.0	0.0	450.0	1600.0
61.679	61.779	1600.0	108.6	805.3	1600.0
61.819	61.939	1600.0	38.1	744.4	1600.0
61.989	62.069	1600.0	7.1	715.5	1600.0
62.089	62.179	1600.0	0.0	729.9	1600.0
62.219	62.329	1600.0	0.0	783.7	1600.0
62.369	62.488	1600.0	0.0	812.5	1600.0
62.508	62.788	1600.0	0.0	850.4	1600.0
62.838	62.938	1600.0	0.0	857.4	1600.0
62.958	63.338	1600.0	0.0	871.0	1600.0
63.358	63.438	1600.0	31.1	904.8	1600.0
63.538	63.788	1600.0	25.6	870.3	1600.0
63.808	64.068	1600.0	45.6	805.7	1600.0
64.088	64.307	1600.0	26.0	781.1	39.1
64.317	64.437	1600.0	0.0	743.8	100.5
64.537	64.697	1600.0	0.0	683.0	208.5
64.837	64.957	1600.0	110.3	838.0	0.0
65.047	65.137	1600.0	324.4	909.8	221.5
65.157	65.267	1600.0	179.1	874.4	395.8
65.327	65.397	1600.0	130.4	785.3	405.6
65.657	65.837	1600.0	71.0	574.2	19.0
65.857	65.946	1600.0	83.2	538.7	63.0
66.006	66.456	1024.2	190.2	143.1	491.0
66.726	66.876	558.2	590.7	9.0	1600.0
66.976	67.216	213.6	1600.0	291.8	1600.0
67.536	67.765	80.0	1600.0	948.8	1600.0
67.835	67.945	26.0	1600.0	882.4	1600.0
68.005	68.085	0.0	1600.0	751.4	1600.0
68.105	68.205	0.0	1600.0	718.2	1600.0
68.225	68.365	0.0	1600.0	688.2	1600.0
68.385	68.505	0.0	1600.0	603.3	1600.0
68.675	68.765	22.0	1600.0	654.7	893.5
68.805	68.995	0.0	1600.0	664.4	960.9
69.075	69.185	0.0	1600.0	588.2	845.6
69.245	69.334	1.0	1600.0	685.6	1017.4
69.354	69.484	0.0	1600.0	705.5	1006.7
69.534	69.654	0.0	1600.0	757.0	1600.0
69.774	69.884	0.0	1600.0	727.8	903.8
69.944	70.014	0.0	1600.0	736.9	941.5
70.054	70.164	0.0	1600.0	717.5	957.6
70.204	70.304	0.0	1600.0	695.0	928.4
70.344	70.434	0.0	1600.0	652.2	846.6
70.444	70.604	0.0	1600.0	665.7	824.2
70.624	70.754	7.0	1600.0	523.4	604.0
70.774	70.864	183.0	858.2	316.6	364.9
70.924	71.113	425.7	597.6	71.2	184.4
71.493	71.603	613.9	395.4	0.0	137.3
71.623	71.703	553.0	453.7	0.0	107.3
71.773	71.843	578.6	421.0	0.0	86.3
71.853	71.983	497.6	509.0	0.0	68.0
72.003	72.123	518.5	490.1	0.0	71.4
72.143	72.253	496.5	504.5	24.4	7.6
72.273	72.423	483.9	522.8	59.5	13.9
72.603	72.673	441.4	567.6	79.2	0.0
72.693	72.802	335.3	685.8	149.1	20.9
72.852	73.022	190.0	1600.0	279.7	149.6
73.292	73.402	45.0	969.8	428.3	192.1
73.422	73.552	131.0	876.3	342.3	229.4
73.592	73.662	165.1	849.4	293.0	304.0
73.772	73.952	507.7	1600.0	0.0	471.6
73.992	74.122	371.7	1600.0	69.8	1600.0
74.541	74.651	33.0	1600.0	496.3	1600.0
74.671	74.931	24.4	1600.0	476.3	1600.0
74.971	75.341	234.1	766.5	247.5	1600.0
75.571	75.671	791.6	261.6	48.3	1600.0
75.721	75.801	814.6	271.3	41.0	1600.0
75.841	75.951	852.1	276.0	28.6	1600.0
75.991	76.101	947.7	242.2	56.7	1600.0
76.12	76.22	1040.0	235.1	77.8	1600.0
76.39	76.5	1051.6	389.9	46.1	1600.0
76.52	76.6	1022.3	420.9	8.1	1600.0
76.66	76.77	877.5	532.9	0.0	1600.0
76.79	76.87	832.3	523.5	0.0	1600.0
77.07	77.15	831.3	510.2	0.0	1600.0
77.37	77.47	928.0	446.4	0.0	1600.0
77.62	77.889	1600.0	530.0	0.0	1600.0
77.909	78.039	1012.9	431.1	15.6	1600.0
78.059	78.169	1600.0	436.5	2.2	1600.0
78.239	78.769	1600.0	428.7	0.0	1600.0
78.869	79.029	1600.0	464.6	0.0	1600.0
79.069	79.239	1600.0	385.4	0.0	1600.0
79.259	79.439	1600.0	68.0	328.6	1600.0
79.449	79.628	1600.0	0.0	546.0	1600.0
79.718	79.788	1600.0	0.0	1036.4	1600.0
79.808	79.898	1600.0	0.0	816.9	1600.0
80.098	80.338	1600.0	140.0	179.1	1600.0
80.418	80.488	1600.0	716.7	115.4	1600.0
80.588	80.678	1600.0	472.2	0.0	1600.0
80.888	80.968	1600.0	169.5	216.6	1600.0
81.008	81.078	1600.0	213.9	164.8	1600.0
81.248	81.337	1600.0	27.8	620.6	1600.0
81.437	81.537	1600.0	53.2	594.3	1600.0
81.577	81.717	1600.0	65.8	635.3	59.5
81.857	81.977	1600.0	18.4	681.0	1600.0
82.127	82.387	1600.0	0.0	701.8	1600.0
82.407	82.497	1600.0	0.0	536.3	1600.0
82.537	82.657	1600.0	0.0	326.7	1600.0
82.707	82.787	996.4	201.0	105.0	1600.0
82.807	82.917	724.0	441.3	0.0	1600.0
83.656	83.766	0.0	1600.0	908.4	1600.0
83.786	83.896	0.0	1600.0	901.4	1600.0
83.976	84.186	0.0	1600.0	764.0	1600.0
84.246	84.386	0.0	1600.0	630.1	1600.0
84.666	84.885	0.0	1600.0	845.9	1600.0
84.905	85.015	15.7	1600.0	814.2	1600.0
85.035	85.155	33.2	1600.0	842.0	1600.0
85.205	85.275	0.0	1600.0	811.2	1600.0
85.285	85.375	0.0	1600.0	815.1	1600.0
85.475	85.555	0.0	1600.0	820.2	1600.0
85.605	85.795	0.0	1600.0	777.7	416.0
85.885	86.155	0.0	1600.0	701.7	415.0
86.175	86.285	0.0	1600.0	681.0	415.1
86.434	86.514	0.0	1600.0	692.5	523.0
86.574	86.834	50.4	1600.0	696.3	624.7
86.874	86.994	53.0	1600.0	618.9	416.5
87.024	87.104	89.1	1600.0	527.9	347.6
87.124	87.224	55.9	1600.0	626.6	416.0
87.294	87.404	231.9	1600.0	297.7	21.0
87.604	87.724	0.0	1600.0	897.1	592.2
87.874	87.994	0.0	1600.0	721.0	370.0
88.143	88.223	0.0	1600.0	677.5	308.7
88.313	88.423	342.3	700.6	150.8	191.9
88.553	88.683	501.7	530.5	30.4	232.3
88.903	88.973	654.4	378.9	0.0	377.9
89.103	89.173	263.2	1600.0	223.8	148.5
89.333	89.403	72.4	1600.0	413.6	1600.0
89.822	89.922	0.0	1600.0	562.4	1600.0
89.942	90.052	104.1	1003.7	380.1	1600.0
90.072	90.382	326.3	726.5	190.8	1600.0
90.502	90.582	487.0	1600.0	8.9	1600.0
90.642	90.772	370.5	1600.0	120.2	1600.0
91.042	91.282	1600.0	365.8	0.0	1600.0
91.492	91.561	1600.0	0.0	727.0	1600.0
91.941	92.011	1600.0	80.6	446.0	1600.0
92.351	92.471	1600.0	302.1	96.6	1600.0
93.57	93.72	1600.0	170.9	249.0	494.0
94.46	94.57	1600.0	0.0	655.7	38.6
94.72	94.83	1600.0	0.0	377.0	150.2
94.89	95.019	1600.0	116.0	228.1	1600.0
95.039	95.139	1600.0	81.4	265.6	51.2
95.289	95.399	624.7	558.7	0.0	523.1
95.589	95.839	380.6	1600.0	132.1	1600.0
95.859	95.959	355.9	1600.0	190.8	1600.0
96.159	96.249	144.7	1600.0	1030.0	1600.0
96.269	96.379	58.6	1600.0	967.3	1600.0
96.399	96.499	9.0	1600.0	893.4	1600.0
96.559	96.668	0.0	1600.0	853.4	1600.0
96.858	97.138	0.0	1600.0	832.1	442.3
97.258	97.368	0.0	1600.0	676.1	367.8
97.518	97.668	0.0	1600.0	712.8	540.9
97.718	97.838	0.0	1600.0	721.1	513.9
98.527	98.617	0.0	1600.0	630.5	319.0
98.817	98.897	11.3	1600.0	759.1	492.7
98.907	98.977	0.0	1600.0	737.7	516.7
99.167	99.277	0.0	1600.0	626.9	366.4
99.337	99.437	101.0	1600.0	454.8	100.9
99.587	99.727	311.7	791.6	225.0	74.0
99.887	99.987	567.0	531.2	153.5	154.1
100.156	100.256	399.9	663.5	167.8	32.9
100.316	100.406	643.2	428.8	0.0	300.3
100.446	100.516	458.2	654.1	45.2	226.9
100.576	100.676	321.7	1600.0	174.2	214.3
100.686	100.756	318.4	1600.0	172.7	1600.0
101.276	101.366	0.0	1600.0	548.9	1600.0
101.386	101.516	18.4	1600.0	573.1	1600.0
101.536	101.785	0.0	1600.0	532.0	1600.0
102.415	102.485	1600.0	0.0	371.9	1600.0
102.865	103.055	1600.0	449.9	0.0	1600.0
103.075	103.265	881.5	399.7	24.7	1600.0
103.305	103.554	847.8	467.2	0.0	1600.0
103.624	104.034	851.8	452.3	0.0	1600.0
104.074	104.354	887.7	420.1	0.0	1600.0
104.374	104.504	1600.0	348.1	0.0	1600.0
104.544	104.774	1600.0	170.1	172.5	1600.0
104.784	104.884	1600.0	72.1	262.5	1600.0
105.084	105.153	1600.0	0.0	552.9	1600.0
105.173	105.253	1600.0	0.0	487.1	1600.0
105.483	105.843	1600.0	278.5	55.2	1600.0
105.863	105.943	1600.0	76.0	260.9	1600.0
106.013	106.113	1600.0	31.9	720.9	1600.0
106.123	106.283	1600.0	26.5	631.4	1600.0
106.333	106.413	1600.0	0.0	576.0	47.0
106.713	106.803	1600.0	1.0	537.2	1600.0
107.002	107.082	1055.5	92.4	195.0	0.0
107.102	107.482	751.2	406.5	52.9	1600.0
107.552	107.702	464.0	1600.0	77.3	0.0
107.822	108.032	315.0	1600.0	254.1	29.7
108.102	108.172	0.0	1600.0	601.9	244.3
108.252	108.352	182.6	854.0	285.5	168.2
108.382	108.492	272.3	775.4	200.0	391.7
109.061	109.221	496.0	1600.0	0.0	602.8
109.241	109.311	489.0	1600.0	0.0	588.6
109.321	109.451	513.0	1600.0	0.0	556.3
109.561	109.671	0.0	1600.0	702.0	1600.0
109.791	109.991	36.1	1600.0	736.4	1600.0
110.061	110.151	0.0	1600.0	611.4	1600.0
110.191	110.32	26.9	1600.0	529.5	1600.0
110.34	110.45	76.7	1600.0	446.0	1600.0
110.47	110.58	225.2	1600.0	308.0	1600.0
110.62	110.72	404.0	716.7	131.0	1600.0
110.87	110.95	593.9	538.3	3.6	1600.0
111.03	111.12	1313.7	0.0	375.8	1600.0
111.14	111.25	1600.0	0.0	399.7	1600.0
111.65	111.76	1600.0	141.4	732.1	1600.0
111.79	111.97	1600.0	4.0	468.7	1600.0
111.98	112.069	1600.0	6.0	396.6	1600.0
112.089	112.179	1600.0	0.0	464.5	1600.0
112.269	112.389	1600.0	329.7	120.7	438.8
112.419	112.489	1600.0	291.6	338.5	175.5
112.839	112.919	1600.0	19.9	681.1	140.0
113.089	113.319	1600.0	73.2	441.5	0.0
113.359	113.539	1600.0	66.5	430.7	45.6
113.639	113.788	1600.0	186.6	190.9	174.4
113.808	114.018	210.0	1600.0	347.6	1600.0
114.068	114.218	20.0	1600.0	557.8	1600.0
114.438	114.588	81.0	1600.0	969.8	1600.0
114.608	114.738	15.0	1600.0	507.6	1600.0
114.768	115.068	421.5	727.6	124.8	360.3
115.188	115.268	848.2	285.6	29.1	442.9
115.328	115.657	375.8	1600.0	151.1	178.7
115.817	115.987	7.0	1600.0	841.2	603.7
116.057	116.287	0.0	1600.0	740.4	1600.0
116.337	116.447	0.0	1600.0	826.0	1600.0
116.487	116.787	0.0	1600.0	783.4	1600.0
116.887	117.097	16.3	1600.0	762.1	1600.0
117.176	117.316	0.0	1600.0	741.9	1600.0
117.326	117.466	0.0	1600.0	735.4	611.4
117.596	117.686	66.7	1600.0	818.6	1600.0
117.736	117.836	0.0	1600.0	770.9	579.3
117.856	117.966	8.0	1600.0	783.3	627.7
117.986	118.116	33.2	1600.0	863.3	1600.0
118.146	118.306	8.5	1600.0	837.0	1600.0
118.536	118.666	0.0	1600.0	756.0	703.8
118.726	118.935	0.0	1600.0	625.0	530.5
118.975	119.085	0.0	1600.0	561.6	348.1
119.125	119.235	0.0	1600.0	538.4	1600.0
119.245	119.345	0.0	1600.0	556.3	1600.0
119.385	119.745	28.9	1600.0	635.9	1600.0
119.785	120.465	14.0	1600.0	603.1	1600.0
120.525	120.734	58.6	1002.8	385.1	1600.0
120.754	120.974	277.9	721.1	199.5	1600.0
121.374	121.474	1153.3	0.0	288.4	1600.0
121.774	121.934	1045.6	55.2	250.2	1600.0
122.024	122.094	546.4	523.3	0.0	1600.0
122.154	122.273	558.5	513.4	0.0	1600.0
122.423	122.533	580.0	524.3	0.0	1600.0
122.573	122.743	526.1	592.7	19.6	1600.0
122.773	123.033	524.3	600.6	0.0	1600.0
123.053	123.383	483.7	674.5	50.6	1600.0
123.403	123.533	495.1	679.4	26.0	1600.0
123.623	123.853	201.1	1600.0	314.0	1600.0
123.873	123.972	92.0	1600.0	442.0	1600.0
124.102	124.232	85.7	1600.0	968.1	1600.0
124.362	125.092	0.0	1600.0	814.2	1600.0
125.232	125.302	0.0	1600.0	592.6	1600.0
125.442	125.532	19.0	1600.0	495.9	1600.0
125.572	125.691	253.0	978.5	269.9	1600.0
125.711	125.841	459.0	689.7	60.1	1600.0
126.201	126.341	1134.9	17.0	328.7	1600.0
126.571	126.641	1103.0	45.6	321.4	1600.0
126.741	126.821	522.7	606.0	9.5	1600.0
126.841	126.991	423.8	711.1	91.2	1600.0
127.011	127.091	337.0	837.3	179.6	1600.0
127.141	127.231	324.4	897.8	202.3	1600.0
127.4	127.52	63.5	1600.0	763.4	1600.0
127.64	127.74	0.0	1600.0	662.5	1600.0
127.8	127.98	285.0	1600.0	241.3	1600.0
128.13	128.25	778.6	338.1	29.3	1600.0
128.29	128.49	1000.0	1600.0	265.6	1600.0
128.99	129.099	1600.0	1600.0	1600.0	1600.0
129.139	129.349	1600.0	1600.0	1600.0	1600.0
129.509	129.619	1600.0	1600.0	1600.0	1600.0
129.769	129.849	1600.0	1600.0	1600.0	1600.0
130.269	130.339	1600.0	1600.0	1600.0	1600.0
130.489	130.559	1600.0	1600.0	1600.0	1600.0
130.629	130.778	1600.0	1600.0	1600.0	1600.0
130.788	130.868	1600.0	1600.0	1600.0	1600.0
131.558	131.658	1600.0	1600.0	1600.0	1600.0
131.728	131.838	1600.0	1600.0	1600.0	1600.0
131.968	132.178	1600.0	1600.0	1600.0	1600.0
132.188	132.338	1600.0	1600.0	1600.0	1600.0
132.378	132.477	1600.0	1600.0	1600.0	1600.0
132.637	132.877	1600.0	1600.0	1600.0	1600.0
132.967	133.167	1600.0	1600.0	1600.0	1600.0
133.257	133.547	1600.0	1600.0	1600.0	1600.0
133.627	133.787	1600.0	1600.0	1600.0	1600.0
133.807	133.997	1600.0	1600.0	1600.0	1600.0
