start_time	end_time	Block	Grid	IFU	Single Shape
0.275	0.645	1600.0	1600.0	1600.0	1600.0
0.665	0.904	1600.0	812.5	1600.0	1600.0
1.574	1.644	97.4	1216.3	646.4	1600.0
2.593	2.703	826.8	311.0	24.0	1600.0
2.763	2.863	812.8	414.1	0.0	1600.0
2.893	2.993	888.8	507.6	122.3	1600.0
3.003	3.143	927.0	521.0	120.3	1600.0
3.543	3.623	780.2	466.2	0.0	1600.0
4.033	4.123	1600.0	277.1	1600.0	1600.0
4.262	4.342	1600.0	253.3	176.4	1600.0
4.392	4.462	1600.0	230.6	216.5	1600.0
4.622	4.792	1600.0	0.0	620.5	1600.0
4.982	5.412	1600.0	97.2	452.0	78.0
5.462	5.582	1600.0	41.4	463.6	60.4
5.652	5.722	1600.0	556.6	0.0	358.1
5.742	5.842	1600.0	424.8	60.7	203.0
5.991	6.071	1600.0	91.2	421.8	130.4
6.131	6.261	897.5	234.8	118.3	153.2
6.281	6.371	716.2	390.6	0.0	227.1
6.391	6.511	509.3	592.7	0.0	338.7
6.811	6.921	0.0	1600.0	635.8	1600.0
7.231	7.321	172.8	1600.0	997.4	1600.0
7.401	7.491	0.0	1600.0	786.0	522.6
7.65	7.75	0.0	1600.0	614.7	1600.0
7.81	7.97	71.3	1600.0	518.3	1600.0
8.08	8.21	0.0	1600.0	445.3	1600.0
8.23	8.34	26.1	1600.0	448.7	1600.0
8.36	8.46	21.4	1600.0	467.6	1600.0
8.55	8.73	11.4	1600.0	420.6	1600.0
8.81	9.06	286.8	690.5	154.2	1600.0
9.1	9.31	737.4	392.4	0.0	1600.0
9.439	9.549	1600.0	0.0	430.2	1600.0
9.749	9.829	1600.0	0.0	661.7	1600.0
10.009	10.079	1600.0	0.0	619.1	1600.0
10.699	10.849	551.5	812.4	0.0	440.7
10.909	11.008	300.3	772.5	170.0	1600.0
11.228	11.408	269.2	867.3	173.0	151.6
11.658	11.738	175.0	1600.0	276.7	37.0
11.758	11.838	110.2	1600.0	353.5	23.0
11.908	11.988	92.6	1600.0	411.0	0.0
12.198	12.328	0.0	1600.0	652.0	265.2
12.378	12.458	0.0	1600.0	641.0	248.9
12.678	12.837	42.0	1600.0	467.5	62.8
13.047	13.117	0.0	1600.0	766.9	445.2
13.217	13.437	15.6	1600.0	783.4	501.5
13.477	13.557	0.0	1600.0	801.1	533.6
13.587	13.667	69.0	1600.0	836.9	544.7
13.937	14.027	0.0	1600.0	718.2	430.3
14.257	14.377	0.0	1600.0	645.6	314.6
14.397	14.706	0.0	1600.0	750.2	423.2
14.776	14.866	0.0	1600.0	781.3	482.9
14.876	14.986	0.0	1600.0	751.8	421.8
15.026	15.176	0.0	1600.0	629.6	176.8
15.196	15.386	0.0	1600.0	611.4	1600.0
15.446	15.636	28.0	1600.0	443.0	1600.0
15.766	15.876	0.0	1600.0	537.0	1600.0
15.956	16.066	78.7	1600.0	379.1	1600.0
16.145	16.315	323.5	735.2	131.9	1600.0
16.415	16.535	296.4	758.0	162.0	1600.0
16.845	16.955	695.1	395.9	23.0	1600.0
17.015	17.095	704.7	366.9	0.0	1600.0
17.305	17.375	359.7	776.2	205.2	1600.0
17.844	18.094	826.0	414.1	0.0	1600.0
18.114	18.224	875.3	375.8	0.0	1600.0
18.244	18.374	1600.0	280.7	66.2	1600.0
18.394	18.644	1600.0	140.0	193.6	1600.0
18.814	18.924	1600.0	118.9	183.9	1600.0
19.214	19.324	1312.4	0.0	455.2	1600.0
19.344	19.514	1222.6	0.0	391.8	1600.0
19.613	19.763	1189.8	229.5	370.4	103.0
19.853	20.013	522.5	564.9	9.2	306.0
20.053	20.313	525.3	551.0	0.0	1600.0
20.333	20.423	485.1	580.0	15.0	1600.0
20.583	20.713	673.4	377.0	0.0	103.3
20.893	21.272	294.1	780.2	150.3	165.0
21.372	21.442	90.6	1600.0	373.8	397.5
21.632	21.712	225.0	1600.0	1036.9	483.4
21.732	21.822	128.8	1600.0	949.6	441.3
21.842	21.972	53.0	1600.0	881.7	405.1
22.112	22.312	79.6	1600.0	812.8	331.4
22.392	22.522	0.0	1600.0	576.0	192.1
22.562	22.642	119.9	1600.0	447.5	0.0
22.682	22.772	86.2	1600.0	425.6	19.7
22.901	23.061	251.2	1600.0	342.0	1600.0
23.081	23.201	231.7	1600.0	391.5	1600.0
23.531	23.691	0.0	1600.0	467.9	1600.0
23.741	23.831	76.9	1600.0	395.4	1600.0
23.851	24.011	232.1	842.2	255.6	1600.0
24.031	24.201	764.4	418.2	0.0	1600.0
24.211	24.381	1600.0	298.6	4.1	1600.0
24.401	24.531	1600.0	341.2	0.0	1600.0
25.03	25.18	1600.0	176.4	128.4	1600.0
25.23	25.34	1600.0	0.0	500.8	1600.0
25.44	25.63	1600.0	101.9	197.1	1600.0
25.65	25.82	1002.4	180.9	104.8	55.2
25.97	26.31	334.2	778.2	187.5	178.7
26.349	26.459	339.0	758.8	161.2	48.4
26.629	26.859	292.6	889.9	268.8	0.0
26.879	27.039	119.0	1600.0	421.1	34.8
27.299	27.409	0.0	1600.0	571.0	181.8
27.489	27.579	158.5	1600.0	925.1	483.9
27.599	27.689	75.8	1600.0	843.4	416.9
27.729	27.839	21.0	1600.0	772.4	1600.0
27.859	28.008	39.0	1600.0	696.6	1600.0
28.028	28.128	63.5	1600.0	670.2	1600.0
28.148	28.248	47.3	1600.0	668.1	1600.0
28.308	28.438	196.7	1600.0	470.0	1600.0
28.458	28.558	313.5	1600.0	250.0	1600.0
28.578	28.728	339.8	845.6	168.3	1600.0
28.748	28.858	297.4	855.7	182.0	1600.0
28.878	28.978	233.9	1600.0	251.0	1600.0
29.158	29.288	485.0	1600.0	3.0	1600.0
29.308	29.388	390.0	1600.0	93.2	1600.0
29.408	29.478	362.7	1600.0	122.0	1600.0
29.698	29.767	0.0	1600.0	731.9	1600.0
29.867	29.947	0.0	1600.0	662.0	1600.0
29.967	30.187	0.0	1600.0	639.4	1600.0
30.247	30.357	10.3	1600.0	574.7	1600.0
30.517	30.987	1600.0	291.1	10.8	1600.0
31.496	31.626	752.6	404.9	4.2	1600.0
31.666	31.756	623.0	505.4	0.0	1600.0
31.796	31.996	613.5	523.5	0.0	1600.0
32.216	32.306	628.1	592.4	0.0	1600.0
32.366	32.576	650.2	561.2	0.0	1600.0
32.746	32.856	774.2	438.4	63.2	1600.0
33.036	33.185	1600.0	245.0	171.1	1600.0
33.205	33.465	1600.0	162.9	278.0	1600.0
33.715	33.825	1600.0	0.0	769.1	1600.0
34.015	34.205	1600.0	55.6	785.6	1600.0
34.275	34.405	1481.9	95.3	686.2	1600.0
34.425	34.545	1358.8	0.0	608.8	306.3
34.565	34.655	1312.3	0.0	564.2	416.8
34.844	34.994	403.2	655.7	89.8	235.6
35.014	35.244	392.4	662.0	86.1	185.4
35.264	35.334	368.2	678.8	108.0	167.9
35.394	35.494	505.0	556.2	51.8	26.8
35.534	35.644	329.1	766.6	121.8	126.1
35.664	35.834	192.0	1600.0	271.1	1600.0
35.984	36.124	124.4	1600.0	377.2	1600.0
36.234	36.683	65.0	1600.0	840.7	1600.0
36.713	36.893	73.8	1600.0	769.6	54.6
37.143	37.243	125.4	1600.0	601.5	1600.0
37.363	37.463	36.8	1600.0	532.0	1600.0
37.483	37.593	0.0	1600.0	537.2	1600.0
37.653	37.873	162.0	984.5	333.0	1600.0
37.953	38.192	367.1	756.2	177.4	1600.0
38.212	38.302	1600.0	476.5	0.0	1600.0
38.532	38.652	1600.0	47.5	485.4	1600.0
38.762	38.832	1600.0	0.0	353.3	1600.0
39.212	39.422	1600.0	123.8	509.1	277.0
39.442	39.842	1600.0	224.6	660.6	67.1
39.881	39.961	1600.0	132.1	821.6	243.3
40.031	40.221	1600.0	78.0	722.0	314.4
40.331	40.541	1109.7	225.3	348.6	259.0
40.591	40.691	716.4	449.9	0.0	278.6
40.711	40.821	598.7	580.0	0.0	239.2
40.861	41.111	524.0	658.4	0.0	313.0
41.161	41.261	414.1	1600.0	47.0	1600.0
41.281	41.391	269.2	1600.0	202.4	1600.0
41.431	41.501	227.1	1600.0	269.0	1600.0
41.62	41.69	453.9	1600.0	30.0	1600.0
42.0	42.19	0.0	1600.0	721.6	1600.0
42.28	42.38	63.1	1600.0	792.9	1600.0
42.4	42.51	93.7	1600.0	795.1	1600.0
42.56	42.79	80.7	1600.0	826.2	1600.0
42.81	42.93	21.0	1600.0	800.4	1600.0
43.21	43.279	44.6	1600.0	742.3	1600.0
43.349	43.439	0.0	1600.0	692.7	1600.0
43.479	43.679	0.0	1600.0	680.4	1600.0
43.759	43.869	0.0	1600.0	676.9	1600.0
43.979	44.159	0.0	1600.0	650.4	236.5
44.199	44.439	0.0	1600.0	536.9	1600.0
44.499	44.609	55.0	1600.0	462.1	1600.0
44.629	44.739	85.0	1600.0	399.0	1600.0
44.759	44.889	105.4	1600.0	343.0	1600.0
44.969	45.138	306.0	770.0	150.6	1600.0
45.228	45.338	465.2	601.7	22.4	1600.0
45.348	45.458	619.3	512.7	10.0	1600.0
45.648	45.738	1056.1	33.4	310.2	1600.0
45.888	45.978	707.3	386.1	0.0	1600.0
46.078	46.258	587.3	541.1	0.0	1600.0
46.358	46.478	568.8	666.1	0.0	1600.0
46.498	46.608	561.0	834.8	27.9	1600.0
46.628	46.747	600.3	665.2	0.0	1600.0
46.797	46.897	774.1	428.9	0.0	1600.0
46.917	47.037	1600.0	195.6	97.4	1600.0
47.077	47.337	1600.0	280.1	270.6	1600.0
47.377	47.467	1600.0	110.4	187.0	1600.0
47.817	47.897	1253.5	15.0	432.3	149.4
48.097	48.257	442.8	626.7	56.0	1600.0
48.366	48.526	491.4	585.0	5.0	1600.0
48.546	48.636	482.4	587.1	0.0	49.4
48.666	48.746	617.4	458.5	0.0	127.3
48.786	48.856	559.7	507.7	0.0	120.0
49.046	49.276	187.0	1600.0	276.2	210.4
49.466	49.536	109.0	1600.0	378.8	1600.0
49.756	49.846	125.0	1600.0	919.2	1600.0
49.956	50.125	42.0	1600.0	827.1	1600.0
50.175	50.345	0.0	1600.0	673.5	1600.0
50.545	50.705	31.0	1600.0	739.8	1600.0
50.745	50.875	67.4	1600.0	897.1	1600.0
50.895	51.135	6.3	1600.0	814.0	1600.0
51.225	51.405	0.0	1600.0	820.0	1600.0
51.475	51.575	0.0	1600.0	748.8	1600.0
51.595	51.705	0.0	1600.0	727.0	1600.0
51.725	51.834	0.0	1600.0	689.5	1600.0
51.874	51.994	0.0	1600.0	755.8	1600.0
52.034	52.124	0.0	1600.0	749.1	1600.0
52.164	52.314	0.0	1600.0	768.6	1600.0
52.334	52.614	0.0	1600.0	794.2	1600.0
52.634	52.714	0.0	1600.0	722.7	1600.0
52.864	52.994	0.0	1600.0	566.5	344.7
53.014	53.264	0.0	1600.0	507.3	236.5
53.314	53.414	139.1	1017.7	345.2	38.8
53.563	53.803	489.3	642.3	67.1	233.2
53.843	53.953	377.0	775.1	121.0	115.2
54.263	54.363	299.0	1600.0	215.8	1600.0
54.543	54.773	43.4	1600.0	472.0	1600.0
54.853	54.973	0.0	1600.0	563.0	1600.0
55.093	55.292	221.0	921.0	303.0	1600.0
55.362	55.462	277.8	871.3	249.0	1600.0
55.482	55.592	224.1	927.0	295.3	1600.0
55.782	55.892	1600.0	0.0	385.4	1600.0
55.912	56.002	1600.0	0.0	446.8	1600.0
56.232	56.312	1600.0	494.1	0.0	1600.0
56.762	56.991	1600.0	0.0	543.8	1600.0
57.071	57.141	1600.0	408.1	0.0	1600.0
57.441	57.551	1321.7	68.5	483.1	0.0
57.591	57.711	963.8	1600.0	187.4	39.0
57.731	58.011	581.9	1600.0	32.0	273.2
58.051	58.141	464.6	1600.0	134.5	476.0
58.471	58.56	87.4	1600.0	929.8	481.6
58.6	58.75	0.0	1600.0	849.7	1600.0
58.77	58.84	0.0	1600.0	888.0	1600.0
58.88	59.01	0.0	1600.0	904.6	1600.0
59.16	59.23	5.4	1600.0	882.4	1600.0
59.24	59.34	40.4	1600.0	932.9	1600.0
59.43	59.54	0.0	1600.0	865.6	1600.0
59.6	59.69	0.0	1600.0	790.3	1600.0
59.71	59.83	0.0	1600.0	790.0	1600.0
59.85	59.96	0.0	1600.0	811.0	1600.0
60.0	60.11	42.0	1600.0	649.0	1600.0
60.279	60.389	0.0	1600.0	608.1	1600.0
60.549	60.689	53.0	1600.0	469.0	260.3
60.709	60.829	123.2	1600.0	375.1	234.2
60.849	60.959	256.0	889.2	240.3	240.0
61.459	61.529	569.6	1600.0	0.0	457.9
61.659	61.739	299.1	1600.0	201.9	252.7
61.819	61.909	161.0	1600.0	441.0	1600.0
61.929	62.018	135.6	1600.0	393.0	1600.0
62.058	62.178	148.9	1600.0	347.0	1600.0
62.198	62.318	161.2	1600.0	330.1	1600.0
62.668	62.858	68.0	1600.0	415.4	1600.0
62.898	63.008	37.0	1600.0	475.1	1600.0
63.028	63.138	16.5	1600.0	510.1	1600.0
63.158	63.348	0.0	1600.0	587.3	1600.0
63.368	63.548	17.0	1600.0	590.5	1600.0
63.568	63.677	10.0	1600.0	542.4	1600.0
63.767	63.967	35.0	1600.0	459.8	1600.0
64.047	64.227	474.6	713.2	116.0	1600.0
64.277	64.457	553.0	619.1	44.4	1600.0
64.477	64.547	586.2	589.1	26.0	1600.0
64.707	64.807	1098.5	134.9	211.5	1600.0
64.967	65.077	1600.0	125.2	203.3	1600.0
65.117	65.227	1600.0	174.6	155.2	1600.0
65.277	65.376	1600.0	135.5	188.6	1600.0
65.396	65.556	1600.0	215.7	115.7	1600.0
65.776	65.886	1600.0	46.0	532.2	1600.0
65.946	66.026	1600.0	0.0	488.7	1600.0
66.116	66.446	1600.0	285.2	42.1	1600.0
66.506	66.666	1600.0	393.0	0.0	1600.0
66.866	67.125	1126.1	97.2	296.0	109.0
67.145	67.255	870.5	347.8	76.0	1600.0
67.455	67.525	0.0	1600.0	546.4	1600.0
67.565	67.695	0.0	1600.0	584.1	1600.0
68.025	68.125	17.0	1600.0	856.7	474.4
68.165	68.275	0.0	1600.0	775.5	306.1
68.425	68.535	168.7	1600.0	514.0	1600.0
68.615	68.725	40.6	1600.0	564.7	1600.0
68.894	68.974	78.6	1600.0	703.9	1600.0
68.994	69.144	38.9	1600.0	647.5	1600.0
69.164	69.264	23.1	1600.0	617.1	1600.0
69.284	69.394	40.3	1600.0	578.9	1600.0
69.434	69.544	78.5	1600.0	473.8	1600.0
69.564	69.984	889.9	413.7	31.3	1600.0
70.044	70.164	1600.0	204.7	147.7	1600.0
70.563	70.673	1208.0	10.6	343.3	1600.0
70.743	70.873	1136.7	261.7	277.4	1600.0
71.063	71.153	569.8	600.9	0.0	1600.0
71.193	71.303	587.4	569.2	0.0	1600.0
71.363	71.473	385.6	825.1	126.0	1600.0
71.663	71.743	350.2	1600.0	179.6	1600.0
71.783	71.873	232.3	1600.0	308.5	1600.0
71.913	71.993	162.0	1600.0	384.3	1600.0
72.222	72.292	220.4	1600.0	1140.9	1600.0
72.492	72.592	42.4	1600.0	992.0	1600.0
72.662	72.742	0.0	1600.0	898.6	1600.0
72.762	72.892	0.0	1600.0	725.1	1600.0
72.912	73.002	0.0	1600.0	596.9	1600.0
73.062	73.152	55.2	1600.0	509.5	1600.0
73.462	73.572	170.8	1600.0	383.3	1600.0
73.632	73.722	78.9	1600.0	508.2	1600.0
73.891	74.011	0.0	1600.0	690.8	1600.0
74.031	74.141	0.0	1600.0	729.4	217.9
74.161	74.291	32.4	1600.0	792.4	1600.0
74.311	74.421	26.9	1600.0	793.7	1600.0
74.441	74.521	42.0	1600.0	812.2	1600.0
74.611	74.691	0.0	1600.0	768.7	1600.0
74.711	74.791	6.7	1600.0	701.7	1600.0
74.871	75.111	136.1	1600.0	371.7	1600.0
75.281	75.411	36.0	1600.0	467.1	1600.0
75.431	75.51	0.0	1600.0	530.2	1600.0
75.74	75.93	508.0	1600.0	8.9	1600.0
76.11	76.23	0.0	1600.0	739.1	1600.0
76.25	76.36	0.0	1600.0	669.9	1600.0
76.51	76.9	0.0	1600.0	542.9	1600.0
76.95	77.06	20.0	1600.0	616.5	1600.0
77.08	77.19	0.0	1600.0	651.9	1600.0
77.249	77.359	0.0	1600.0	546.2	1600.0
77.379	77.459	130.4	1053.6	401.7	1600.0
77.549	77.709	404.4	1600.0	300.3	1600.0
78.509	78.759	1600.0	1600.0	807.0	1600.0
78.779	78.958	1600.0	1600.0	1600.0	1600.0
79.488	79.588	1600.0	1600.0	1600.0	1600.0
79.648	79.718	1600.0	1600.0	1600.0	1600.0
79.758	80.158	1600.0	1600.0	1600.0	1600.0
80.178	80.278	1600.0	1600.0	1600.0	1600.0
80.368	80.558	1600.0	1600.0	1600.0	1600.0
80.627	80.837	1600.0	1600.0	1600.0	1600.0
80.917	81.077	1600.0	1600.0	1600.0	1600.0
81.097	81.997	1600.0	828.5	1600.0	1600.0
