start_time	end_time	Block	Grid	IFU	Single Shape
0.295	0.795	1600.0	1600.0	520.0	1600.0
1.064	1.144	1600.0	1600.0	1600.0	1600.0
1.214	1.324	1600.0	640.2	1600.0	1600.0
2.084	2.164	1600.0	870.6	237.2	1600.0
2.783	3.023	111.0	1600.0	374.0	1600.0
3.213	3.293	183.2	1261.7	533.7	1600.0
3.473	3.563	801.6	482.6	63.7	1600.0
3.583	3.673	733.9	544.3	9.8	1600.0
3.743	3.843	685.7	567.0	0.0	1600.0
3.863	3.953	708.8	543.7	0.0	1600.0
4.013	4.113	721.1	619.4	0.0	1600.0
4.322	4.402	804.7	542.7	0.0	1600.0
4.442	4.522	794.0	579.7	0.0	1600.0
4.562	4.712	795.8	586.3	0.0	1600.0
4.782	4.942	897.7	451.3	60.8	1600.0
5.002	5.112	1020.8	357.4	82.5	1600.0
5.262	5.352	1600.0	163.0	253.1	1600.0
5.572	5.662	1600.0	0.0	986.1	1600.0
5.832	5.971	1600.0	0.0	806.7	1600.0
5.991	6.071	1600.0	0.0	746.6	1600.0
6.261	6.361	1600.0	61.0	551.3	1600.0
6.531	6.761	1600.0	117.5	453.9	7.1
7.081	7.171	1600.0	0.0	430.2	165.1
7.231	7.301	1119.2	62.1	220.8	120.5
7.361	7.431	865.2	241.9	69.4	315.9
7.521	7.591	617.2	450.3	0.0	393.1
7.611	7.69	536.1	498.4	0.0	377.0
7.81	7.89	0.0	1600.0	502.5	1600.0
8.06	8.29	0.0	1600.0	415.0	1600.0
8.53	8.61	0.0	1600.0	645.2	484.5
8.8	8.99	0.0	1600.0	456.0	156.3
9.03	9.13	114.5	1600.0	436.3	1600.0
9.18	9.419	35.4	1600.0	432.9	1600.0
9.479	9.579	0.0	1600.0	459.5	1600.0
9.599	9.689	0.0	1600.0	474.3	1600.0
9.729	9.839	0.0	1600.0	506.4	1600.0
10.029	10.259	97.0	926.3	318.2	1600.0
10.299	10.429	221.3	773.1	180.3	1600.0
10.779	10.869	1227.2	0.0	366.1	1600.0
10.879	10.959	1600.0	0.0	478.0	1600.0
11.298	11.378	1600.0	0.0	453.2	1600.0
11.588	11.658	1600.0	60.8	1039.5	1600.0
11.978	12.208	1600.0	0.0	746.7	1600.0
12.248	12.358	1600.0	0.0	431.7	1600.0
12.378	12.478	1600.0	0.0	461.4	1600.0
12.827	12.897	1600.0	312.4	42.5	1600.0
13.367	13.457	562.5	1600.0	0.0	183.7
13.497	13.677	354.6	1600.0	171.3	180.4
14.067	14.177	75.8	1600.0	864.4	810.1
14.217	14.327	54.2	1600.0	874.1	884.9
14.516	14.626	22.0	1600.0	782.1	821.4
14.796	14.876	0.0	1600.0	613.1	636.9
15.096	15.246	114.0	1600.0	356.0	404.8
15.386	15.456	29.0	1600.0	472.5	380.8
15.476	15.546	12.2	1600.0	519.5	369.3
15.636	15.726	72.4	1600.0	480.1	305.8
15.796	15.876	50.6	1600.0	505.9	290.7
16.066	16.155	0.0	1600.0	642.9	217.5
16.195	16.275	0.0	1600.0	607.8	287.1
16.515	16.745	0.0	1600.0	770.6	251.1
16.895	16.995	0.0	1600.0	716.0	1600.0
17.005	17.405	0.0	1600.0	763.0	1600.0
17.625	17.725	0.0	1600.0	695.8	1600.0
17.765	17.874	27.8	1600.0	635.9	1600.0
17.894	18.004	154.0	1600.0	366.2	1600.0
18.064	18.134	271.8	904.0	299.2	1600.0
18.174	18.404	480.8	694.4	116.8	1600.0
18.504	18.644	1310.5	0.0	391.0	1600.0
18.864	18.944	1150.2	194.3	191.0	1600.0
19.294	19.404	795.7	734.8	0.0	1600.0
19.763	19.973	881.9	1600.0	0.0	1600.0
20.083	20.163	891.9	697.1	0.0	1600.0
20.213	20.383	1600.0	517.0	36.2	1600.0
20.443	20.513	1600.0	228.0	169.4	1600.0
20.583	20.663	1600.0	0.0	380.4	1600.0
21.113	21.242	1600.0	0.0	1039.5	1600.0
21.282	21.372	1600.0	0.0	868.6	1600.0
21.442	21.662	1600.0	28.9	693.3	1600.0
21.682	21.912	1600.0	20.0	597.7	1600.0
22.252	22.392	851.2	263.1	46.7	118.9
22.412	22.492	596.8	1600.0	0.0	312.8
22.662	22.742	348.0	1600.0	120.1	1600.0
23.041	23.201	20.0	1600.0	809.5	855.5
23.241	23.341	0.0	1600.0	729.0	913.4
23.581	23.661	0.0	1600.0	657.5	684.7
23.781	23.881	25.2	1600.0	838.0	602.7
23.941	24.061	0.0	1600.0	754.3	357.8
24.211	24.331	10.0	1600.0	643.0	1600.0
24.351	24.561	24.6	1600.0	615.4	1600.0
24.63	24.78	0.0	1600.0	542.1	1600.0
24.8	24.91	0.0	1600.0	501.6	1600.0
25.05	25.14	0.0	1600.0	507.8	1600.0
25.2	25.31	0.0	1600.0	502.2	1600.0
25.35	25.46	17.0	1600.0	504.4	1600.0
25.48	25.58	41.9	1600.0	497.7	1600.0
25.66	25.84	0.0	1600.0	448.3	1600.0
26.18	26.389	452.0	543.0	59.2	1600.0
26.599	26.689	1349.6	0.0	441.0	1600.0
26.709	26.959	1600.0	0.0	479.4	1600.0
26.979	27.089	1600.0	0.0	497.1	1600.0
27.169	27.369	1600.0	0.0	874.1	1600.0
27.409	27.509	1600.0	0.0	670.9	1600.0
27.529	27.639	1600.0	0.0	549.3	1600.0
27.699	27.789	1600.0	0.0	432.2	1600.0
27.809	27.929	1600.0	0.0	379.7	1600.0
28.258	28.358	826.5	292.7	27.6	247.5
28.498	28.638	369.3	1600.0	106.9	1600.0
28.658	28.828	334.1	1600.0	113.2	253.0
29.088	29.238	24.1	1600.0	729.6	363.6
29.478	29.558	9.2	1600.0	362.9	89.0
29.747	29.857	0.0	1600.0	541.2	1600.0
29.897	30.007	1.0	1600.0	466.2	1600.0
30.047	30.277	47.5	1600.0	272.7	1600.0
30.317	30.447	263.5	634.9	91.1	1600.0
30.577	30.697	455.4	472.6	0.0	1600.0
30.717	30.797	518.5	441.2	0.0	1600.0
30.997	31.097	972.9	178.4	218.0	1600.0
31.147	31.227	888.7	325.3	98.4	1600.0
31.976	32.186	814.5	471.7	0.0	1600.0
32.246	32.426	904.8	404.6	0.0	1600.0
32.596	32.876	792.0	620.1	0.0	1600.0
32.946	33.145	863.2	595.8	0.0	1600.0
33.235	33.395	1029.1	417.1	20.9	1600.0
33.495	33.595	1600.0	66.3	286.8	1600.0
33.615	33.725	1600.0	0.0	358.3	1600.0
33.745	33.875	1600.0	104.5	437.4	1600.0
34.325	34.395	1600.0	134.8	973.6	1600.0
34.475	34.675	1600.0	0.0	629.2	1600.0
34.864	34.994	1600.0	735.5	107.4	1600.0
35.014	35.124	1600.0	589.6	0.0	1600.0
35.184	35.314	1600.0	530.4	0.0	490.5
35.444	35.544	1131.7	0.0	346.0	1600.0
35.564	35.674	834.2	252.2	29.5	1600.0
35.734	35.844	533.8	1600.0	0.0	1600.0
35.864	35.934	352.1	1600.0	126.7	1600.0
36.204	36.314	236.4	1600.0	938.5	1600.0
36.394	36.543	215.5	1600.0	855.4	1600.0
36.563	36.663	173.2	1600.0	779.4	1600.0
36.683	36.943	109.1	1600.0	680.3	168.7
36.983	37.063	66.2	1600.0	605.1	1600.0
37.083	37.223	37.2	1600.0	580.2	1600.0
37.293	37.493	0.0	1600.0	531.3	0.0
37.513	37.893	108.5	1600.0	437.0	54.1
38.043	38.123	259.5	581.0	110.3	1600.0
38.143	38.222	260.1	540.1	55.2	1600.0
38.512	38.622	1302.2	0.0	539.0	1600.0
38.642	38.722	1600.0	0.0	497.2	1600.0
39.062	39.172	1600.0	35.4	918.7	1600.0
39.192	39.292	1600.0	214.5	892.3	203.1
39.332	39.422	1600.0	122.3	848.1	163.5
39.502	39.572	1600.0	0.0	713.7	100.4
39.602	39.692	1600.0	0.0	732.3	1600.0
39.782	39.931	1600.0	0.0	590.3	1600.0
40.181	40.261	1600.0	28.3	341.7	1600.0
40.461	40.551	40.7	1281.2	541.7	1600.0
40.631	40.741	97.0	1600.0	433.4	1600.0
41.301	41.391	163.5	1600.0	888.6	1600.0
41.461	41.541	33.0	1600.0	752.3	1600.0
41.71	41.81	99.0	1600.0	780.2	1600.0
41.85	41.96	18.0	1600.0	677.4	1600.0
42.1	42.2	0.0	1600.0	514.9	1600.0
42.28	42.39	0.0	1600.0	503.1	1600.0
42.55	42.79	0.0	1600.0	598.1	1600.0
42.81	42.92	3.2	1600.0	657.2	1600.0
43.0	43.07	47.4	1600.0	593.9	1600.0
43.26	43.509	0.0	1600.0	586.9	1600.0
43.709	43.789	51.9	1600.0	554.0	576.2
43.849	43.939	0.0	1600.0	421.4	425.2
43.959	44.049	0.0	1600.0	375.1	309.2
44.099	44.209	13.6	1600.0	337.9	209.0
44.249	44.359	0.0	1600.0	373.4	191.7
44.549	44.629	296.1	880.4	519.6	172.1
44.649	44.719	239.5	834.5	472.3	151.5
44.799	44.909	114.6	836.5	422.9	27.2
44.959	45.038	76.2	852.5	397.8	1600.0
45.138	45.208	103.5	812.6	353.6	1600.0
45.228	45.318	43.8	862.2	362.2	1600.0
45.358	45.478	5.1	1600.0	365.9	1600.0
45.498	45.608	0.0	917.7	366.3	1600.0
45.648	45.918	0.0	936.1	357.5	1600.0
45.958	46.038	0.0	854.4	298.8	1600.0
46.058	46.158	17.0	790.2	281.5	1600.0
46.198	46.348	206.5	586.0	128.2	1600.0
46.358	46.458	370.6	445.1	48.5	1600.0
46.478	46.588	496.1	389.3	0.0	1600.0
47.047	47.157	1000.3	141.9	114.6	1600.0
47.177	47.297	923.2	255.0	45.3	1600.0
47.467	47.707	739.6	586.6	0.0	1600.0
47.887	47.967	865.9	537.6	0.0	1600.0
47.987	48.057	890.1	480.3	0.0	1600.0
48.696	48.846	696.1	660.7	0.0	1600.0
48.866	48.956	840.6	519.6	0.0	1600.0
49.016	49.396	1600.0	125.4	208.1	1600.0
49.706	49.806	1600.0	0.0	962.0	1600.0
49.836	49.906	1600.0	0.0	627.1	1600.0
49.956	50.046	1600.0	42.4	622.0	1600.0
50.145	50.305	1600.0	0.0	458.9	1600.0
50.515	50.645	596.4	527.4	0.0	397.0
51.045	51.245	223.0	1600.0	216.1	189.7
52.014	52.104	0.0	1040.8	468.2	527.0
52.124	52.304	0.0	945.2	441.2	421.2
52.354	52.514	8.6	905.6	305.5	506.1
52.564	52.664	35.0	893.7	311.4	1600.0
52.884	52.964	62.0	941.9	333.1	244.7
52.994	53.074	18.0	1053.3	394.0	257.6
53.114	53.324	0.0	1600.0	460.2	242.5
53.394	53.563	0.0	1600.0	562.9	1600.0
53.583	53.893	0.0	1600.0	586.4	1600.0
53.913	54.003	0.0	1600.0	574.0	1600.0
54.063	54.243	43.9	1600.0	509.6	1600.0
54.363	54.463	0.0	1600.0	481.2	1600.0
54.513	54.743	79.6	804.1	266.3	1600.0
54.763	54.993	202.2	651.6	176.0	1600.0
55.332	55.442	964.2	0.0	212.1	1600.0
55.462	55.562	1175.2	0.0	325.6	1600.0
55.582	55.692	1600.0	22.8	410.9	1600.0
55.762	55.842	1600.0	0.0	529.9	1600.0
56.162	56.242	1600.0	210.6	934.7	1600.0
56.272	56.402	1600.0	45.7	886.7	1600.0
56.462	56.822	1600.0	0.0	814.3	1600.0
56.841	57.141	1600.0	0.0	690.9	1600.0
57.181	57.361	1600.0	0.0	479.3	1600.0
57.841	57.941	215.6	1033.5	341.3	1600.0
57.981	58.131	0.0	1600.0	546.6	1600.0
58.181	58.361	5.0	1600.0	485.4	1600.0
58.61	58.76	121.8	1600.0	902.5	1600.0
58.79	58.87	0.0	1600.0	671.3	279.9
58.95	59.09	0.0	1600.0	567.7	332.4
59.2	59.34	0.0	1600.0	680.8	1600.0
59.75	59.89	0.0	1600.0	535.1	1600.0
59.91	59.99	0.0	1600.0	464.0	550.2
60.03	60.2	0.0	1600.0	382.2	468.5
60.459	60.649	96.5	1600.0	293.1	318.8
60.709	60.839	40.1	959.0	356.4	323.8
61.059	61.129	35.0	1008.1	476.9	221.4
61.309	61.429	443.1	678.5	289.5	84.6
61.449	61.539	327.2	1600.0	363.5	20.9
61.789	61.879	524.3	1600.0	0.0	515.7
62.008	62.108	0.0	1600.0	710.4	221.2
62.128	62.198	0.0	1600.0	647.3	145.1
62.328	62.408	0.0	1600.0	579.7	133.6
62.548	62.688	0.0	1600.0	547.1	1600.0
62.728	62.828	7.2	1600.0	528.2	1.0
62.998	63.188	69.0	1600.0	530.6	0.0
63.258	63.767	0.0	1600.0	506.0	1600.0
63.827	63.977	79.0	1600.0	408.1	1600.0
63.997	64.197	466.1	643.3	88.5	1600.0
64.267	64.407	864.8	424.4	0.0	1600.0
64.707	64.787	1600.0	0.0	314.6	1600.0
64.877	64.977	1600.0	191.8	95.5	1600.0
64.997	65.107	1600.0	373.8	0.0	1600.0
65.247	65.386	1600.0	522.8	44.2	1600.0
66.156	66.226	1600.0	662.0	0.0	1600.0
66.246	66.396	1600.0	667.0	0.0	1600.0
66.646	66.756	1600.0	439.6	0.0	1600.0
66.826	67.125	1600.0	35.7	219.9	1600.0
67.225	67.305	1600.0	0.0	273.9	1600.0
67.515	67.605	1600.0	80.1	1077.6	1600.0
67.775	67.855	1600.0	53.5	410.8	1600.0
67.875	68.035	1196.7	199.3	217.8	1600.0
68.824	68.944	304.5	1600.0	1148.8	1600.0
69.684	69.764	46.1	1600.0	417.3	43.4
69.814	69.944	62.8	1600.0	394.4	61.6
70.064	70.264	134.5	1600.0	321.1	1600.0
70.344	70.493	441.0	566.2	9.2	1600.0
70.613	70.743	921.0	293.3	0.0	1600.0
70.913	71.003	1600.0	0.0	580.3	1600.0
71.483	71.563	1600.0	24.7	523.6	1600.0
71.583	71.713	1600.0	0.0	472.0	1600.0
71.733	71.973	1600.0	0.0	414.2	1600.0
71.993	72.113	1600.0	55.9	503.7	1600.0
72.132	72.272	1600.0	3.0	596.3	167.3
72.302	72.392	1600.0	82.2	693.0	301.1
72.412	72.632	1600.0	104.9	564.4	340.6
72.652	72.922	977.6	224.2	32.5	237.6
72.982	73.062	370.3	1600.0	145.2	380.6
73.552	73.762	177.4	1600.0	1002.9	1600.0
73.782	73.911	65.5	1600.0	858.6	709.4
74.011	74.161	0.0	1600.0	671.9	1600.0
74.211	74.341	23.4	1600.0	748.7	658.7
74.491	74.661	0.0	1600.0	536.7	1600.0
74.761	74.851	0.0	1600.0	569.2	1600.0
74.931	75.161	179.9	1600.0	323.9	356.9
75.201	75.321	91.1	1600.0	369.7	385.9
75.391	75.76	0.0	1600.0	633.6	193.8
75.78	76.04	0.0	1600.0	805.5	1600.0
76.16	76.29	93.4	1600.0	643.2	1600.0
76.3	76.43	24.7	1600.0	669.0	1600.0
76.46	76.72	0.0	1600.0	690.7	1600.0
76.73	77.12	16.3	1600.0	599.4	1600.0
77.15	77.749	200.0	774.2	218.9	1600.0
77.919	78.139	1600.0	1600.0	481.4	1600.0
78.589	78.659	1600.0	1600.0	1600.0	1600.0
78.849	78.928	1600.0	1600.0	1600.0	1600.0
78.998	79.078	1600.0	1600.0	1600.0	1600.0
79.298	79.408	1600.0	1600.0	1600.0	1600.0
79.798	80.178	1600.0	1600.0	1600.0	1600.0
80.198	80.348	1600.0	1600.0	1600.0	1600.0
80.727	80.827	1600.0	1600.0	1600.0	1600.0
81.017	81.087	1600.0	1600.0	1600.0	1600.0
81.317	81.397	1600.0	1600.0	1600.0	1600.0
81.467	81.617	1600.0	1600.0	1600.0	1600.0
81.747	81.817	1600.0	1600.0	1600.0	1600.0
82.157	82.316	1600.0	1600.0	1600.0	1600.0
82.336	82.646	1600.0	1600.0	1600.0	1600.0
82.816	82.906	1600.0	1600.0	1600.0	1600.0
82.986	83.106	1600.0	1600.0	1600.0	1600.0
83.116	83.186	1600.0	1600.0	1600.0	1600.0
83.556	83.706	1600.0	1600.0	1600.0	1600.0
83.726	83.846	1600.0	1600.0	1600.0	1600.0
83.866	84.085	1600.0	1600.0	1600.0	1600.0
84.105	84.385	1600.0	1600.0	1600.0	1600.0
84.485	84.555	1600.0	1600.0	672.1	1600.0
84.745	84.815	1600.0	1600.0	664.9	1600.0
