Event Start Trial Time [ms]	Event End Trial Time [ms]	Event Duration [ms]	Visual Intake Position X [px]	Visual Intake Position Y [px]
75	175	100	931.0	313.0
315	405	90	919.0	392.0
425	685	260	936.0	447.0
765	845	80	883.0	360.0
1014	1234	220	921.0	334.0
2533	2773	240	924.0	603.0
2853	3153	300	1042.0	510.0
5122	5222	100	950.0	545.0
5412	5532	120	1114.0	593.0
5552	5672	120	1078.0	605.0
5702	5772	70	1128.0	667.0
5792	5872	80	1103.0	653.0
6361	6631	270	907.0	532.0
7081	7261	180	612.0	653.0
7331	7870	540	805.0	577.0
7990	8090	100	1017.0	870.0
8630	8850	220	1270.0	626.0
8870	9050	180	1181.0	635.0
9329	9559	230	791.0	763.0
9579	9659	80	851.0	691.0
9799	9909	110	962.0	630.0
9949	10059	110	970.0	637.0
10079	10159	80	936.0	665.0
10349	10479	130	1326.0	697.0
10499	10589	90	1298.0	691.0
10599	10759	160	1309.0	734.0
17575	17645	70	912.0	642.0
18024	18214	190	972.0	676.0
18234	18344	110	984.0	671.0
18364	18474	110	1050.0	662.0
18844	18914	70	1380.0	681.0
18934	19024	90	1323.0	694.0
19084	19194	110	1265.0	698.0
19214	19294	80	1264.0	713.0
19314	19423	110	1314.0	743.0
19443	19553	110	1354.0	751.0
19893	19993	100	952.0	854.0
20013	20093	80	988.0	800.0
20393	20503	110	764.0	471.0
20543	20663	120	770.0	445.0
20833	21023	190	816.0	614.0
21162	21242	80	1116.0	782.0
21282	21382	100	1093.0	764.0
21402	21502	100	1068.0	766.0
21582	21692	110	750.0	507.0
21812	21962	150	841.0	544.0
22082	22202	120	878.0	518.0
22332	22542	210	1071.0	693.0
22632	23001	370	848.0	521.0
23041	23171	130	976.0	686.0
23331	23441	110	962.0	708.0
23481	23591	110	981.0	705.0
23611	23681	70	1005.0	707.0
23751	24281	530	904.0	533.0
24301	24411	110	879.0	557.0
24431	24540	110	850.0	567.0
24560	24690	130	834.0	547.0
24750	24980	230	853.0	574.0
25000	25790	790	896.0	565.0
25810	26130	320	918.0	581.0
26149	26359	210	842.0	533.0
26579	26699	120	1143.0	566.0
26869	27049	180	906.0	595.0
27319	27429	110	1103.0	471.0
27469	27689	220	1316.0	403.0
27789	27998	210	1039.0	469.0
28068	28258	190	1004.0	599.0
28318	28428	110	905.0	628.0
28598	28778	180	1154.0	416.0
28868	29028	160	1147.0	702.0
29038	29108	70	1126.0	606.0
29338	29527	190	1049.0	394.0
29697	29947	250	932.0	375.0
30007	30137	130	928.0	593.0
30227	30297	70	957.0	758.0
30317	30387	70	969.0	740.0
30447	30607	160	991.0	463.0
30707	30887	180	907.0	495.0
30927	31027	100	1141.0	341.0
31246	31326	80	792.0	576.0
31346	31456	110	887.0	621.0
31656	31726	70	1190.0	561.0
31766	31856	90	1085.0	560.0
31916	31986	70	555.0	647.0
31996	32156	160	764.0	601.0
32266	32416	150	1067.0	624.0
32466	32716	250	979.0	885.0
32885	33005	120	814.0	419.0
33035	33125	90	775.0	507.0
33145	33275	130	821.0	561.0
33335	33445	110	878.0	436.0
33525	33595	70	962.0	740.0
33615	33695	80	967.0	730.0
33765	33895	130	964.0	515.0
33915	34005	90	931.0	509.0
34045	34175	130	874.0	505.0
34295	34425	130	1089.0	662.0
34614	34714	100	869.0	514.0
34884	35114	230	901.0	518.0
35264	35394	130	835.0	520.0
35564	35774	210	1086.0	636.0
35834	36014	180	1014.0	609.0
36034	36124	90	917.0	645.0
36144	36224	80	922.0	657.0
36253	36323	70	925.0	524.0
36343	36593	250	956.0	539.0
37083	37153	70	1593.0	589.0
37213	37273	60	1478.0	580.0
37483	37553	70	649.0	629.0
37843	37992	150	502.0	575.0
38072	38152	80	804.0	645.0
38232	38312	80	792.0	491.0
38332	38462	130	860.0	508.0
38482	38592	110	902.0	517.0
38632	38792	160	925.0	527.0
38902	39142	240	1031.0	562.0
39212	39312	100	1035.0	539.0
39332	39442	110	1005.0	533.0
39462	39721	260	910.0	516.0
39761	40161	400	723.0	540.0
40451	40541	90	1173.0	638.0
40561	40671	110	1078.0	619.0
40711	40831	120	941.0	660.0
40941	41031	90	1584.0	544.0
41261	41490	230	1298.0	327.0
41510	41690	180	1335.0	396.0
42010	42080	70	674.0	598.0
42250	42390	140	1104.0	688.0
42590	42660	70	967.0	900.0
42800	42890	90	651.0	437.0
43199	43379	180	775.0	521.0
43479	43569	90	840.0	559.0
43589	43719	130	907.0	504.0
43779	43849	70	898.0	511.0
43879	44059	180	773.0	584.0
44099	44229	130	788.0	620.0
44249	44329	80	856.0	594.0
44379	44678	300	886.0	582.0
44728	44878	150	1139.0	824.0
44898	44988	90	1106.0	814.0
45048	45148	100	1061.0	794.0
45338	45468	130	1009.0	784.0
45788	45978	190	962.0	648.0
46098	46258	160	902.0	510.0
46318	46527	210	889.0	549.0
46647	46727	80	1480.0	642.0
46867	46937	70	1176.0	636.0
46977	47057	80	1100.0	628.0
47127	47237	110	1081.0	553.0
47417	47547	130	990.0	614.0
47567	47697	130	1015.0	660.0
47717	48006	290	1020.0	626.0
48076	48206	130	1041.0	625.0
48266	48466	200	1066.0	602.0
48516	48696	180	1030.0	451.0
48796	49066	270	1014.0	554.0
49086	49326	240	1030.0	569.0
49346	49536	190	1051.0	613.0
49546	49616	70	1106.0	612.0
49715	49885	170	983.0	611.0
50245	50355	110	1367.0	517.0
50495	50675	180	824.0	645.0
50785	51005	220	882.0	643.0
51045	51165	120	1026.0	731.0
51185	51285	100	1059.0	738.0
51494	51614	120	810.0	489.0
51634	51714	80	870.0	455.0
51784	51964	180	1022.0	472.0
52104	52314	210	950.0	593.0
52334	52624	290	915.0	624.0
52744	52904	160	883.0	558.0
53014	53223	210	907.0	424.0
53283	53353	70	918.0	437.0
53373	53803	430	922.0	542.0
53843	54203	360	848.0	514.0
54223	54373	150	922.0	608.0
54423	54523	100	920.0	358.0
54543	54713	170	956.0	381.0
54733	54942	210	990.0	433.0
54962	55162	200	995.0	528.0
55252	55502	250	1015.0	522.0
55562	55752	190	1288.0	789.0
55912	56032	120	905.0	466.0
56042	56192	150	951.0	476.0
56212	56332	120	929.0	486.0
56352	56671	320	888.0	500.0
57031	57141	110	1146.0	600.0
57361	57521	160	1491.0	289.0
57611	57721	110	772.0	643.0
57841	57971	130	808.0	740.0
58160	58280	120	498.0	628.0
58300	58410	110	578.0	570.0
58430	58670	240	684.0	559.0
58980	59090	110	1013.0	852.0
59340	59530	190	781.0	471.0
59550	59690	140	913.0	501.0
59710	59790	80	955.0	510.0
59810	60089	280	967.0	492.0
60169	60309	140	868.0	555.0
60379	60649	270	834.0	501.0
60669	60779	110	891.0	517.0
60819	60909	90	914.0	524.0
60929	61039	110	927.0	532.0
61099	61329	230	918.0	568.0
61349	61598	250	962.0	526.0
61618	62118	500	971.0	512.0
62318	62718	400	932.0	552.0
62958	63108	150	1219.0	593.0
63138	63307	170	1025.0	591.0
63327	63547	220	1015.0	518.0
63557	63807	250	963.0	587.0
63867	63957	90	1002.0	689.0
63987	64227	240	981.0	540.0
64267	64517	250	1003.0	514.0
64537	64737	200	1064.0	609.0
64797	64976	180	1021.0	771.0
65076	65346	270	1018.0	554.0
65366	65806	440	1001.0	514.0
65826	66106	280	1014.0	518.0
66186	66456	270	1068.0	592.0
66496	66575	80	1113.0	603.0
66595	66685	90	1076.0	610.0
66935	67025	90	1422.0	711.0
67045	67165	120	1335.0	684.0
67185	67295	110	1302.0	664.0
67315	67395	80	1290.0	673.0
67485	67635	150	799.0	610.0
68115	68215	100	826.0	536.0
68414	68484	70	1022.0	822.0
68684	68774	90	857.0	380.0
68834	68924	90	934.0	381.0
68944	69044	100	842.0	423.0
69094	69164	70	864.0	439.0
69214	69284	70	938.0	524.0
69544	69654	110	913.0	419.0
69784	69874	90	1002.0	501.0
69933	70003	70	975.0	488.0
70043	70163	120	972.0	472.0
70183	70473	290	1013.0	475.0
70493	70593	100	997.0	468.0
70613	70783	170	957.0	463.0
71483	71572	90	1483.0	263.0
71592	71692	100	1394.0	291.0
72352	72462	110	1069.0	686.0
72482	72712	230	1107.0	720.0
72852	72982	130	1024.0	838.0
73202	73311	110	1049.0	815.0
73381	73581	200	787.0	428.0
73601	73731	130	801.0	438.0
73881	74171	290	980.0	504.0
74301	74421	120	1054.0	534.0
74501	74711	210	1014.0	483.0
74751	74831	80	995.0	465.0
74931	75010	80	928.0	466.0
75090	75220	130	790.0	472.0
75300	75620	320	887.0	386.0
75750	75940	190	957.0	588.0
75960	76160	200	873.0	608.0
76260	76360	100	889.0	438.0
76410	76490	80	913.0	450.0
76510	76649	140	955.0	521.0
76679	76929	250	1023.0	686.0
76959	77039	80	932.0	535.0
77079	77219	140	981.0	542.0
77379	77459	80	1032.0	586.0
77529	77649	120	935.0	521.0
77729	77799	70	1167.0	731.0
77819	78059	240	1097.0	684.0
78139	78308	170	911.0	555.0
78348	78718	370	976.0	601.0
78778	78948	170	975.0	622.0
78968	79358	390	931.0	647.0
79648	79748	100	1170.0	748.0
79768	79878	110	1118.0	733.0
79898	80147	250	1018.0	706.0
80197	80427	230	994.0	539.0
80447	80597	150	990.0	582.0
80617	80707	90	978.0	545.0
80727	80837	110	1022.0	602.0
80877	81157	280	1008.0	644.0
81177	81267	90	1000.0	717.0
81277	81407	130	963.0	679.0
81427	81677	250	938.0	640.0
81776	81906	130	962.0	645.0
81926	82166	240	1019.0	599.0
82516	82676	160	994.0	601.0
82846	83246	400	1037.0	630.0
83286	83365	80	1072.0	656.0
83915	83995	80	935.0	209.0
84375	84525	150	1068.0	331.0
84545	84655	110	1054.0	376.0
84815	84945	130	978.0	356.0
85094	85214	120	904.0	328.0
85234	85324	90	893.0	313.0
85364	85624	260	938.0	327.0
85784	86444	660	946.0	272.0
86464	86554	90	948.0	246.0
86614	87163	550	963.0	253.0
87523	87643	120	953.0	318.0
87763	88013	250	985.0	189.0
88023	88113	90	945.0	239.0
