Event Start Trial Time [ms]	Event End Trial Time [ms]	Event Duration [ms]	Visual Intake Position X [px]	Visual Intake Position Y [px]
0	175	175	854.0	428.0
275	425	150	857.0	427.0
1204	1284	80	196.0	1017.0
1984	2154	170	1073.0	724.0
2314	2444	130	1155.0	678.0
2464	2573	110	1100.0	689.0
2593	2703	110	1082.0	704.0
3023	3133	110	1066.0	804.0
3163	3323	160	1050.0	779.0
3593	3693	100	1081.0	690.0
3713	3843	130	1128.0	738.0
3863	3953	90	1143.0	750.0
3993	4143	150	1121.0	726.0
4163	4252	90	1066.0	692.0
4272	4452	180	1012.0	680.0
4562	4732	170	996.0	681.0
5012	5122	110	1129.0	594.0
5242	5392	150	1130.0	626.0
5412	5652	240	1146.0	659.0
5672	5812	140	1204.0	664.0
5971	6071	100	1302.0	642.0
6111	6221	110	1244.0	626.0
6811	6921	110	642.0	634.0
7011	7091	80	908.0	741.0
7111	7471	360	907.0	692.0
7511	7621	110	920.0	689.0
7640	7760	120	932.0	702.0
7890	8020	130	973.0	686.0
8230	8320	90	1400.0	604.0
8340	8440	100	1327.0	649.0
8490	8630	140	1241.0	612.0
8680	8920	240	1443.0	530.0
9030	9120	90	1334.0	510.0
9130	9210	80	1397.0	531.0
9290	9539	250	1391.0	626.0
9599	9689	90	1274.0	631.0
9749	9899	150	1239.0	628.0
10009	10119	110	1276.0	622.0
10139	10239	100	1325.0	631.0
10979	11088	110	433.0	795.0
11258	11368	110	491.0	826.0
11458	11638	180	584.0	648.0
11798	11938	140	965.0	653.0
11958	12687	730	870.0	645.0
12717	13027	310	737.0	751.0
13057	13217	160	597.0	671.0
13267	13467	200	803.0	445.0
13497	14167	670	838.0	566.0
14197	14536	340	854.0	683.0
14546	15056	510	817.0	650.0
15336	15896	560	1395.0	630.0
15936	17515	1579	1048.0	701.0
17904	18224	320	1642.0	691.0
18234	18424	190	1556.0	716.0
18644	18774	130	723.0	705.0
19324	19424	100	254.0	828.0
19513	19853	340	449.0	807.0
20623	20803	180	865.0	962.0
21023	21143	120	768.0	628.0
21292	21422	130	837.0	629.0
21442	21542	100	842.0	634.0
21562	21672	110	855.0	625.0
21692	21822	130	902.0	611.0
21872	21952	80	945.0	610.0
21972	22052	80	969.0	618.0
22122	22352	230	1033.0	673.0
22372	22442	70	970.0	583.0
22622	22822	200	1357.0	551.0
22991	23061	70	1613.0	463.0
23121	23251	130	1415.0	457.0
23271	23351	80	1298.0	503.0
23441	23511	70	1229.0	588.0
23581	23691	110	1168.0	604.0
23711	23801	90	1203.0	619.0
24161	24251	90	824.0	692.0
24291	24371	80	855.0	680.0
24431	24531	100	824.0	693.0
24990	25060	70	449.0	766.0
25540	25630	90	1016.0	730.0
25740	26539	800	822.0	594.0
26629	27169	540	1359.0	676.0
27419	27849	430	1086.0	623.0
27879	28488	610	1157.0	689.0
28978	29058	80	1710.0	676.0
29078	29388	310	1539.0	767.0
29398	30077	680	1364.0	731.0
30517	31316	800	606.0	711.0
31346	31976	630	946.0	696.0
32256	32576	320	1319.0	735.0
32676	32776	100	1453.0	464.0
32816	32896	80	1338.0	421.0
32956	33075	120	1252.0	502.0
33225	33355	130	1108.0	604.0
33635	33735	100	1062.0	631.0
33805	34005	200	1208.0	601.0
34125	34225	100	1352.0	616.0
34505	34635	130	1367.0	640.0
35364	35464	100	746.0	696.0
35514	35604	90	579.0	822.0
35624	35694	70	641.0	787.0
36024	36214	190	912.0	509.0
36234	36354	120	825.0	487.0
36443	36603	160	858.0	509.0
36753	36853	100	837.0	575.0
37273	37363	90	785.0	665.0
37543	37723	180	739.0	721.0
37873	37973	100	705.0	783.0
37993	38082	90	692.0	778.0
38122	38352	230	629.0	783.0
38392	38482	90	673.0	737.0
38522	38922	400	818.0	687.0
38942	39072	130	900.0	667.0
39112	39352	240	902.0	686.0
39372	39642	270	916.0	724.0
39662	39751	90	949.0	740.0
39791	39921	130	993.0	671.0
39941	40201	260	1013.0	657.0
40221	40321	100	990.0	588.0
40531	40761	230	1342.0	629.0
40911	41021	110	1190.0	613.0
41091	41161	70	1128.0	606.0
41361	41460	100	1006.0	698.0
41480	41590	110	974.0	691.0
41610	41720	110	963.0	687.0
41760	41870	110	973.0	710.0
41940	42460	520	959.0	682.0
42480	42620	140	967.0	692.0
42640	42840	200	1090.0	721.0
42880	42970	90	1111.0	652.0
43179	43269	90	1545.0	660.0
43289	43399	110	1465.0	658.0
43439	43549	110	1380.0	657.0
43589	43669	80	1370.0	641.0
43709	43839	130	1336.0	634.0
44029	44119	90	569.0	790.0
44159	44249	90	657.0	711.0
44289	44409	120	792.0	646.0
44429	44509	80	886.0	619.0
44729	44819	90	411.0	701.0
44878	44948	70	478.0	717.0
44988	45058	70	569.0	746.0
45108	45198	90	756.0	602.0
45238	45358	120	920.0	584.0
45378	45488	110	927.0	562.0
45508	45588	80	924.0	561.0
45658	45748	90	823.0	785.0
45788	45908	120	774.0	683.0
45928	46038	110	847.0	747.0
46208	46308	100	823.0	500.0
46757	46857	100	866.0	594.0
46897	46987	90	820.0	612.0
47027	47557	530	810.0	628.0
47597	47727	130	891.0	661.0
47747	47827	80	876.0	658.0
47877	48057	180	910.0	598.0
48127	48236	110	931.0	626.0
48296	48406	110	971.0	664.0
48426	48636	210	951.0	655.0
48806	48956	150	1415.0	668.0
49076	49146	70	1273.0	631.0
49416	49486	70	1373.0	490.0
49646	49806	160	1320.0	598.0
49826	50055	230	1266.0	629.0
50355	50475	120	599.0	697.0
50555	50625	70	710.0	686.0
50645	50755	110	726.0	710.0
51325	51405	80	546.0	656.0
51455	51564	110	693.0	754.0
51604	51724	120	757.0	752.0
51924	52084	160	864.0	857.0
52144	52274	130	929.0	644.0
52294	52404	110	919.0	649.0
52764	52934	170	678.0	680.0
52974	53104	130	704.0	687.0
53244	53403	160	788.0	589.0
53423	53653	230	744.0	673.0
53673	53793	120	737.0	652.0
53843	53933	90	765.0	634.0
53993	54123	130	893.0	692.0
54273	54393	120	852.0	601.0
54413	54753	340	862.0	607.0
54773	54843	70	940.0	690.0
54863	55122	260	929.0	693.0
55142	55352	210	925.0	673.0
55372	55462	90	903.0	660.0
56242	56312	70	1188.0	494.0
56642	56751	110	548.0	734.0
56771	56841	70	648.0	671.0
57071	57191	120	816.0	607.0
57361	57601	240	895.0	624.0
57691	57831	140	934.0	721.0
57961	58171	210	1033.0	691.0
58191	58301	110	1052.0	681.0
58530	58610	80	1555.0	799.0
58630	58850	220	1443.0	749.0
58890	59010	120	1370.0	709.0
59030	59140	110	1327.0	695.0
59160	59250	90	1348.0	697.0
59610	59690	80	321.0	792.0
59780	59860	80	699.0	719.0
60010	60119	110	867.0	653.0
60139	60239	100	934.0	636.0
60279	60389	110	941.0	614.0
60409	60519	110	953.0	604.0
60539	60659	120	950.0	621.0
60709	60819	110	977.0	658.0
60959	61069	110	1020.0	704.0
61089	61159	70	1040.0	715.0
61179	61359	180	1049.0	718.0
61379	61499	120	1006.0	711.0
61998	62088	90	1371.0	804.0
62128	62198	70	1292.0	756.0
62258	62358	100	1145.0	683.0
62398	62588	190	1098.0	682.0
62778	62888	110	1610.0	531.0
63078	63338	260	1466.0	575.0
63457	63687	230	856.0	881.0
63727	63817	90	945.0	766.0
64217	64427	210	1106.0	562.0
64587	64727	140	939.0	680.0
64857	64977	120	886.0	716.0
65126	65256	130	744.0	522.0
65276	65356	80	821.0	513.0
65426	65676	250	790.0	532.0
65756	65836	80	900.0	483.0
66096	66346	250	910.0	556.0
66356	66456	100	867.0	535.0
66526	66656	130	825.0	536.0
66676	66925	250	806.0	535.0
66945	67205	260	834.0	529.0
67225	67335	110	841.0	560.0
67355	67485	130	892.0	587.0
67505	67605	100	907.0	606.0
67645	68035	390	916.0	569.0
68075	68185	110	890.0	583.0
68514	68584	70	1293.0	667.0
68624	68724	100	1277.0	655.0
69294	69394	100	1006.0	631.0
69724	69924	200	834.0	585.0
69994	70124	130	747.0	545.0
70144	70303	160	907.0	422.0
70583	70703	120	795.0	486.0
70723	70873	150	728.0	497.0
70913	71093	180	707.0	500.0
71163	71403	240	710.0	511.0
71423	71573	150	763.0	507.0
71862	71972	110	874.0	463.0
72012	72272	260	857.0	453.0
72442	72562	120	780.0	466.0
72572	72662	90	811.0	440.0
72762	72852	90	776.0	448.0
72872	73502	630	754.0	449.0
73871	73991	120	915.0	395.0
74411	74791	380	856.0	341.0
74831	74921	90	864.0	334.0
74991	76840	1849	883.0	303.0
