Event Start Trial Time [ms]	Event End Trial Time [ms]	Event Duration [ms]	Visual Intake Position X [px]	Visual Intake Position Y [px]
0	205	205	830.0	198.0
305	1204	899	888.0	192.0
2204	2374	170	1123.0	471.0
2394	3743	1349	926.0	515.0
3843	4103	260	903.0	581.0
4113	5102	989	913.0	693.0
5112	5312	200	932.0	637.0
5322	5592	270	860.0	655.0
5622	5842	220	993.0	685.0
5852	6171	320	902.0	695.0
6261	6541	280	1390.0	500.0
6641	7481	840	1027.0	511.0
7491	8210	720	984.0	604.0
8490	8650	160	637.0	569.0
8670	9000	330	757.0	486.0
9020	9240	220	756.0	524.0
9260	9479	220	754.0	608.0
9499	9929	430	763.0	632.0
9979	10719	740	1085.0	816.0
10759	11208	450	932.0	571.0
11228	12528	1299	843.0	665.0
12538	12768	230	746.0	600.0
13067	13267	200	1156.0	670.0
13287	13487	200	1027.0	736.0
13557	13807	250	1249.0	418.0
13847	14017	170	1261.0	432.0
14027	14547	520	1118.0	505.0
14796	15016	220	722.0	843.0
15046	15196	150	929.0	784.0
15216	15456	240	932.0	670.0
15496	15666	170	1185.0	688.0
15686	15826	140	1019.0	693.0
16036	16216	180	759.0	540.0
16226	16365	140	805.0	573.0
16405	16605	200	889.0	417.0
16635	16745	110	1010.0	434.0
16775	16885	110	875.0	414.0
16935	17135	200	1007.0	609.0
17215	17315	100	947.0	594.0
17325	17605	280	887.0	640.0
17635	17705	70	925.0	541.0
17715	17865	150	881.0	554.0
17955	18084	130	830.0	511.0
18104	18384	280	853.0	580.0
18404	18694	290	795.0	545.0
18734	19743	1009	922.0	703.0
19783	21353	1569	820.0	541.0
21572	21712	140	1219.0	714.0
21732	21862	130	1134.0	744.0
21912	22002	90	1034.0	724.0
22012	22262	250	944.0	752.0
22292	22542	250	764.0	767.0
22572	23122	550	865.0	677.0
23142	23501	360	827.0	624.0
23521	23881	360	891.0	610.0
23911	24161	250	770.0	609.0
24211	24411	200	818.0	415.0
24451	24581	130	770.0	585.0
24601	24751	150	802.0	621.0
24980	25710	730	956.0	579.0
25820	26000	180	575.0	855.0
26010	26190	180	651.0	756.0
26280	26440	160	1163.0	778.0
26500	26849	350	1046.0	812.0
27049	27419	370	721.0	534.0
27529	27739	210	828.0	388.0
27759	27919	160	875.0	337.0
27969	28039	70	873.0	611.0
28089	28358	270	846.0	624.0
28378	28708	330	864.0	533.0
28738	29368	630	881.0	492.0
29598	29908	310	872.0	387.0
29948	30377	430	722.0	467.0
30417	30587	170	860.0	352.0
30707	30777	70	880.0	442.0
30817	31327	510	844.0	475.0
31357	31627	270	850.0	356.0
31657	31886	230	756.0	283.0
31906	32246	340	680.0	273.0
32436	32616	180	852.0	500.0
32636	32736	100	847.0	528.0
32756	32866	110	857.0	539.0
32886	33306	420	865.0	427.0
33346	33545	200	980.0	593.0
33555	33725	170	1042.0	597.0
33765	33845	80	1037.0	607.0
34005	34095	90	829.0	440.0
34135	34395	260	841.0	453.0
34415	34495	80	882.0	514.0
34535	34925	390	899.0	538.0
34935	35734	800	855.0	474.0
36074	36214	140	1172.0	628.0
36234	36414	180	1035.0	707.0
36574	36734	160	836.0	703.0
36804	37093	290	1040.0	377.0
37293	37423	130	873.0	479.0
37473	37643	170	1130.0	321.0
37703	37923	220	1004.0	345.0
37963	38253	290	952.0	513.0
38433	38912	480	1030.0	545.0
38982	39112	130	791.0	750.0
39152	39352	200	918.0	705.0
39382	39472	90	1126.0	695.0
39832	39932	100	1239.0	691.0
39942	40082	140	1240.0	719.0
40291	40421	130	758.0	544.0
40441	40581	140	689.0	480.0
40611	40891	280	706.0	354.0
41101	41521	420	1138.0	744.0
41621	41711	90	737.0	487.0
41731	42210	480	826.0	523.0
42390	42760	370	849.0	527.0
42830	42920	90	831.0	525.0
43030	43190	160	826.0	549.0
43560	43630	70	1298.0	730.0
43789	44359	570	990.0	751.0
44529	45169	640	915.0	644.0
45199	45329	130	877.0	491.0
45608	45848	240	866.0	294.0
45898	45978	80	962.0	559.0
45998	46218	220	955.0	542.0
46378	46478	100	952.0	531.0
46568	46738	170	1575.0	225.0
46808	46918	110	1536.0	300.0
46978	47058	80	1330.0	307.0
47078	47517	440	1126.0	387.0
47597	47957	360	1097.0	455.0
47997	48237	240	1117.0	477.0
48397	48667	270	1134.0	621.0
48687	49076	390	1023.0	609.0
49196	49376	180	990.0	633.0
49776	49876	100	776.0	289.0
50076	50256	180	692.0	309.0
50356	50546	190	790.0	347.0
50635	50745	110	1188.0	835.0
50915	51055	140	1062.0	807.0
51065	51155	90	1000.0	801.0
51295	51435	140	994.0	738.0
51515	51875	360	651.0	322.0
52095	52904	810	775.0	419.0
53344	53464	120	1078.0	790.0
53724	53804	80	1262.0	536.0
53854	54003	150	1058.0	276.0
54023	54653	630	946.0	301.0
54753	54993	240	1000.0	397.0
55113	55333	220	1078.0	398.0
55642	55832	190	865.0	798.0
55842	56012	170	853.0	705.0
56052	56152	100	1065.0	670.0
56182	56272	90	920.0	749.0
56422	56592	170	952.0	744.0
56722	56792	70	393.0	477.0
57112	57212	100	744.0	461.0
57242	57401	160	838.0	336.0
57421	57611	190	750.0	409.0
57641	57781	140	792.0	560.0
57811	58001	190	951.0	647.0
58031	58221	190	964.0	533.0
58241	58371	130	890.0	476.0
58401	58731	330	802.0	405.0
58971	59041	70	872.0	607.0
59051	59170	120	835.0	612.0
59180	59290	110	775.0	635.0
59320	59630	310	823.0	500.0
59730	60090	360	693.0	567.0
60250	60799	550	831.0	557.0
60839	60989	150	848.0	547.0
61169	61629	460	873.0	535.0
61849	62069	220	1120.0	645.0
62149	62339	190	960.0	673.0
62359	62728	370	839.0	684.0
62948	63348	400	868.0	674.0
63488	63678	190	849.0	680.0
63708	63978	270	899.0	547.0
63998	64078	80	918.0	573.0
64377	64617	240	891.0	588.0
64927	65797	869	980.0	421.0
65916	66496	580	1051.0	507.0
67246	67386	140	706.0	477.0
67406	67586	180	732.0	448.0
67596	67745	150	814.0	428.0
67775	67875	100	945.0	541.0
68035	68245	210	948.0	694.0
68385	68465	80	823.0	605.0
68605	68745	140	896.0	624.0
68765	69314	550	905.0	505.0
69604	69704	100	1094.0	835.0
70094	70244	150	1194.0	673.0
70294	70474	180	932.0	756.0
70594	70914	320	946.0	746.0
71033	71113	80	796.0	475.0
71233	71353	120	857.0	494.0
71373	71633	260	883.0	517.0
71753	72513	760	872.0	520.0
72533	72832	300	873.0	489.0
73432	73632	200	1069.0	698.0
73662	73812	150	838.0	715.0
74122	74392	270	1183.0	134.0
74412	74791	380	1100.0	312.0
74851	75161	310	1159.0	410.0
75311	75611	300	799.0	853.0
76001	76071	70	1107.0	784.0
76560	76750	190	794.0	376.0
77070	77250	180	828.0	642.0
77280	77730	450	781.0	589.0
77750	77999	250	826.0	549.0
78219	78339	120	874.0	657.0
78999	79139	140	915.0	571.0
79439	79708	270	1006.0	503.0
79738	79898	160	898.0	533.0
79988	80378	390	908.0	602.0
80598	80718	120	1028.0	510.0
80858	81827	969	960.0	545.0
81847	82067	220	911.0	561.0
82847	82996	150	1020.0	782.0
83026	83226	200	819.0	816.0
83256	83406	150	898.0	753.0
83446	83686	240	736.0	759.0
83716	83866	150	815.0	643.0
83886	84116	230	912.0	603.0
84136	84336	200	852.0	680.0
84486	84735	250	906.0	628.0
84755	84905	150	798.0	640.0
85025	85095	70	847.0	611.0
85175	85395	220	853.0	591.0
85575	85825	250	1212.0	555.0
85945	86135	190	1045.0	517.0
86265	86335	70	511.0	681.0
86345	86584	240	701.0	608.0
86784	86934	150	1103.0	570.0
86984	87204	220	1046.0	775.0
87284	87544	260	644.0	259.0
87684	87784	100	842.0	264.0
88014	88223	210	935.0	561.0
88343	88443	100	866.0	485.0
88473	89183	710	938.0	396.0
89203	89343	140	814.0	514.0
89483	89563	80	860.0	548.0
89593	89802	210	696.0	601.0
89822	90072	250	885.0	574.0
90362	90452	90	853.0	469.0
90472	90802	330	787.0	427.0
90822	91142	320	866.0	461.0
91302	91701	400	845.0	566.0
91741	91981	240	813.0	397.0
92001	92171	170	741.0	436.0
92191	92451	260	734.0	529.0
92501	92621	120	984.0	497.0
92631	92761	130	898.0	513.0
92841	92961	120	812.0	602.0
93041	93211	170	894.0	513.0
93520	93640	120	804.0	592.0
93740	94000	260	768.0	346.0
94040	94130	90	792.0	373.0
94160	94280	120	759.0	504.0
94400	94560	160	843.0	363.0
94580	95069	490	766.0	421.0
95559	95959	400	786.0	397.0
95979	96259	280	851.0	456.0
96279	96599	320	777.0	396.0
96808	97138	330	839.0	479.0
97358	97528	170	803.0	451.0
97538	97758	220	815.0	513.0
97768	98527	760	770.0	471.0
98937	99157	220	1010.0	596.0
99177	99427	250	954.0	670.0
99737	99837	100	1063.0	180.0
99937	100416	480	989.0	293.0
100536	101036	500	1092.0	375.0
101136	101266	130	720.0	772.0
101506	101636	130	1014.0	705.0
101865	101935	70	647.0	563.0
102095	102295	200	780.0	580.0
102335	102565	230	937.0	432.0
102595	102765	170	876.0	306.0
102785	102925	140	764.0	284.0
102955	103075	120	772.0	437.0
103375	103494	120	920.0	559.0
103514	103644	130	964.0	566.0
103674	104004	330	901.0	459.0
104024	104424	400	861.0	426.0
104444	104614	170	822.0	561.0
104714	105034	320	787.0	546.0
105074	105453	380	806.0	409.0
105633	105713	80	768.0	411.0
105743	105843	100	812.0	532.0
105963	106283	320	832.0	566.0
106433	106733	300	803.0	504.0
106753	107022	270	766.0	588.0
107252	107412	160	980.0	697.0
107632	107812	180	802.0	506.0
107832	108052	220	895.0	589.0
108132	108302	170	879.0	615.0
108312	108711	400	822.0	564.0
108801	109041	240	803.0	587.0
109061	109381	320	737.0	529.0
109761	109991	230	1020.0	617.0
110011	110151	140	1047.0	636.0
110181	110360	180	976.0	471.0
110400	110530	130	969.0	521.0
110550	110680	130	907.0	548.0
110700	110820	120	920.0	559.0
111080	111240	160	971.0	633.0
111850	112059	210	789.0	173.0
112159	112249	90	859.0	199.0
112369	112729	360	900.0	283.0
112929	113289	360	921.0	270.0
113369	113499	130	928.0	225.0
113519	115168	1649	949.0	205.0
115348	116907	1559	948.0	177.0
117067	117286	220	944.0	176.0
117326	117726	400	937.0	161.0
117816	118266	450	930.0	143.0
118306	118855	550	908.0	199.0
