start_time	end_time	Block	Grid	IFU	Single Shape
0.035	0.195	1600.0	1600.0	609.1	1600.0
0.275	0.545	1600.0	1600.0	661.9	1600.0
0.585	0.695	1600.0	1600.0	604.0	1600.0
0.735	0.984	1600.0	1600.0	534.5	1600.0
1.004	1.134	1600.0	1600.0	0.0	1600.0
2.304	2.404	802.3	330.3	0.0	1600.0
2.534	2.783	838.0	362.9	39.2	1600.0
2.803	2.953	871.0	354.8	51.2	1600.0
2.973	3.073	839.9	396.1	31.0	1600.0
3.203	3.313	773.6	593.8	0.0	1600.0
3.333	3.463	774.6	736.6	0.0	1600.0
3.483	3.723	791.8	826.7	0.0	1600.0
3.813	3.983	893.1	398.1	120.1	1600.0
3.993	4.133	1600.0	208.0	171.0	1600.0
4.183	4.362	1600.0	255.4	118.7	1600.0
4.582	4.712	1600.0	0.0	374.8	1600.0
4.872	5.062	1600.0	488.8	0.0	1600.0
5.172	5.262	1600.0	460.0	0.0	1600.0
5.432	5.552	1600.0	366.7	330.6	1600.0
5.572	5.672	1090.6	501.1	220.0	1600.0
5.822	5.972	500.2	800.4	107.4	797.9
6.141	6.231	259.6	1600.0	334.5	806.3
6.411	6.521	0.0	1600.0	835.0	822.6
6.541	6.721	0.0	1600.0	847.0	795.5
6.821	7.011	0.0	1600.0	711.4	524.9
7.091	7.171	0.0	1600.0	837.3	541.4
7.191	7.281	0.0	1600.0	798.1	350.0
7.321	7.411	0.0	1600.0	573.9	74.7
7.471	7.621	0.0	1600.0	549.6	1600.0
7.751	7.9	4.0	1600.0	569.3	1600.0
7.92	8.16	158.5	989.2	413.0	1600.0
8.3	8.48	948.5	204.2	83.2	1600.0
8.5	8.71	990.5	233.7	75.0	1600.0
8.74	8.86	1600.0	113.7	214.9	1600.0
8.9	9.01	1600.0	0.0	430.8	1600.0
9.13	9.28	1600.0	0.0	945.9	1600.0
9.47	9.669	1600.0	0.0	447.7	1600.0
9.859	9.939	464.7	764.0	102.0	1600.0
10.019	10.119	262.4	1600.0	292.0	1600.0
10.309	10.549	58.0	1600.0	929.1	891.7
10.569	10.679	112.6	1600.0	1003.4	823.2
10.869	11.019	2.0	1600.0	1016.1	884.3
11.039	11.248	0.0	1600.0	976.7	800.6
11.288	11.398	0.0	1600.0	965.9	752.1
11.568	11.948	63.6	1600.0	620.0	792.3
12.018	12.118	81.0	1600.0	590.2	625.1
12.138	12.268	1.0	1600.0	693.3	606.7
12.288	12.608	0.0	1600.0	697.4	531.6
12.628	12.698	1.0	1600.0	713.5	506.4
12.758	12.838	0.0	1600.0	707.6	458.8
12.928	13.097	0.0	1600.0	658.8	259.3
13.117	13.367	0.0	1600.0	712.1	63.6
13.407	13.547	34.2	1600.0	726.4	0.0
13.557	13.947	21.2	1600.0	770.4	1600.0
13.967	14.077	18.4	1600.0	715.7	1600.0
14.117	14.347	224.4	954.7	357.8	1600.0
14.537	14.627	999.7	188.0	119.0	1600.0
14.686	14.896	985.7	252.8	55.5	1600.0
15.006	15.216	1023.3	268.0	61.6	1600.0
15.236	15.746	860.5	415.6	0.0	1600.0
15.786	15.896	1600.0	417.5	0.0	1600.0
16.066	16.316	1600.0	138.7	234.0	1600.0
16.615	16.845	1600.0	0.0	569.6	1600.0
16.865	17.055	1600.0	0.0	492.6	1600.0
17.325	17.395	1600.0	635.3	0.0	912.2
17.575	17.665	679.9	601.6	0.0	668.9
17.705	17.815	294.1	1030.1	315.6	864.4
18.045	18.184	21.2	1600.0	1004.0	1032.4
18.254	18.394	1.4	1600.0	962.4	850.9
18.524	18.754	43.6	1600.0	1037.6	762.9
18.834	18.954	0.0	1600.0	878.4	618.0
19.004	19.094	0.0	1600.0	701.0	484.9
19.174	19.334	44.0	1600.0	513.1	196.1
19.454	19.634	161.1	1600.0	468.0	55.7
19.674	19.764	101.8	1600.0	518.0	1600.0
19.823	20.193	17.0	1600.0	611.4	1600.0
20.253	21.033	0.0	1600.0	624.9	1600.0
21.073	21.263	323.0	783.7	245.3	1600.0
21.473	21.552	978.3	234.3	56.9	1600.0
21.642	21.732	1600.0	218.2	90.4	1600.0
21.962	22.032	1600.0	0.0	950.8	1600.0
22.342	22.412	1600.0	148.7	235.8	1600.0
22.592	22.722	1600.0	486.1	0.0	1600.0
22.772	22.922	1600.0	443.4	0.0	1600.0
23.042	23.202	1600.0	0.0	438.0	1600.0
23.321	23.401	1600.0	580.1	0.0	622.1
23.421	23.551	583.2	665.9	45.0	641.7
23.741	23.851	707.2	547.7	0.0	464.2
23.991	24.211	517.4	1600.0	495.8	222.2
24.491	24.671	0.0	1600.0	912.8	785.8
24.951	25.08	19.1	1600.0	622.2	59.5
25.14	25.35	11.4	1600.0	722.2	1600.0
25.39	25.5	0.0	1600.0	725.2	1600.0
25.52	25.63	36.7	1600.0	649.1	1600.0
25.67	26.02	171.0	1600.0	439.9	1600.0
26.24	26.31	937.1	204.0	76.0	1600.0
26.4	26.47	953.4	232.1	65.2	1600.0
26.49	26.6	963.6	259.6	75.1	1600.0
26.64	26.749	985.2	274.8	47.4	1600.0
26.769	26.879	990.7	297.0	82.1	1600.0
26.899	27.299	909.7	396.4	51.6	1600.0
27.469	27.709	858.3	678.2	0.0	1600.0
27.769	27.929	884.5	685.7	0.0	1600.0
28.019	28.129	1600.0	279.7	114.3	1600.0
28.149	28.289	1600.0	56.1	315.2	1600.0
28.508	28.678	1600.0	0.0	943.8	1600.0
28.758	28.938	1600.0	0.0	624.4	1600.0
29.038	29.268	1600.0	569.0	0.0	1052.9
29.438	29.548	1600.0	223.0	138.9	691.3
29.868	29.988	1600.0	0.0	611.3	181.2
30.008	30.088	1486.6	0.0	603.9	1600.0
30.247	30.387	767.0	567.3	0.0	706.9
30.407	30.537	771.9	553.0	0.0	721.7
30.667	30.817	693.6	620.6	0.0	743.5
30.837	30.927	598.5	718.2	71.0	784.4
31.407	31.537	149.9	1600.0	1148.9	589.8
31.577	31.667	63.0	1600.0	1054.5	233.3
31.687	31.797	0.0	1600.0	963.9	70.6
31.816	31.926	0.0	1600.0	915.6	0.0
31.966	32.236	0.0	1600.0	935.2	34.0
32.256	32.386	0.0	1600.0	853.9	0.0
32.406	32.786	1.0	1600.0	817.2	0.0
32.806	33.046	15.8	1600.0	736.8	1600.0
33.066	33.166	145.3	1600.0	470.1	1600.0
33.486	33.575	1153.4	79.2	210.6	1600.0
33.595	33.725	1600.0	0.0	456.4	1600.0
34.195	34.405	1600.0	31.1	401.4	1600.0
34.575	34.715	1600.0	398.8	0.0	1600.0
35.015	35.245	1600.0	56.0	708.0	14.3
35.284	35.384	1095.8	236.3	230.0	1600.0
35.724	35.794	0.0	1600.0	718.0	1600.0
36.024	36.104	0.0	1600.0	717.6	1600.0
36.274	36.384	0.0	1600.0	720.6	1600.0
36.554	36.634	0.0	1600.0	846.0	1600.0
37.293	37.393	0.0	1600.0	758.0	1600.0
37.533	37.703	0.0	1600.0	808.3	643.6
37.723	37.803	0.0	1600.0	738.3	606.7
37.823	37.953	0.0	1600.0	711.2	574.5
37.973	38.093	0.0	1600.0	752.5	529.5
38.103	38.233	0.0	1600.0	774.0	574.2
38.383	38.623	0.0	1600.0	698.5	470.1
38.682	38.922	0.0	1600.0	585.0	141.8
38.982	39.362	0.0	1600.0	567.6	9.2
39.382	39.532	6.0	1600.0	543.0	1600.0
39.552	39.782	46.2	1600.0	482.1	1600.0
39.842	40.052	51.7	1600.0	473.2	1600.0
40.092	40.222	270.7	749.3	224.5	1600.0
40.421	40.651	856.1	236.8	39.0	1600.0
40.671	40.911	900.0	321.1	0.0	1600.0
40.951	41.311	834.9	361.6	0.0	1600.0
41.351	41.631	790.3	379.0	0.0	1600.0
41.651	41.771	773.3	384.4	0.0	1600.0
41.791	42.071	752.5	405.4	0.0	1600.0
42.091	42.24	1600.0	398.6	0.0	1600.0
42.25	42.45	1600.0	366.0	0.0	1600.0
42.47	42.63	1600.0	190.0	173.6	1600.0
42.81	42.98	1600.0	0.0	606.4	1600.0
43.0	43.15	1600.0	5.4	369.2	1600.0
43.44	43.53	1600.0	533.7	0.0	1600.0
43.55	44.029	636.2	555.6	0.0	1600.0
44.409	44.669	0.0	1600.0	799.7	1600.0
44.689	44.759	0.0	1600.0	717.9	1600.0
44.789	45.039	0.0	1600.0	782.1	1600.0
45.069	45.229	9.8	1600.0	647.4	1600.0
45.389	45.519	68.2	1600.0	575.0	451.0
45.539	45.758	0.0	1600.0	694.0	136.8
45.818	46.018	0.0	1600.0	665.0	1600.0
46.088	46.328	0.0	1600.0	659.0	1600.0
46.368	46.538	0.0	1600.0	629.1	1600.0
46.558	46.628	38.5	1600.0	573.1	1600.0
46.668	46.888	283.0	918.1	329.0	1600.0
47.108	47.208	1600.0	12.0	281.5	1600.0
47.597	47.697	1600.0	41.0	922.4	1600.0
47.717	47.887	1600.0	0.0	838.2	1600.0
47.907	48.157	1600.0	0.0	372.2	1600.0
48.407	48.517	1600.0	446.9	0.0	1600.0
48.557	48.857	772.7	435.1	0.0	1600.0
48.877	49.066	553.8	635.1	25.9	752.0
49.256	49.436	267.9	1600.0	281.6	1600.0
49.806	49.916	169.5	1186.3	495.7	395.6
50.116	50.236	602.5	1092.8	611.3	60.7
50.356	50.486	390.3	1600.0	526.8	87.3
50.666	50.905	0.0	1600.0	935.0	723.7
51.135	51.265	0.0	1600.0	842.1	728.3
51.485	51.605	0.0	1600.0	749.8	572.2
51.655	51.735	13.0	1600.0	662.0	631.8
51.825	52.015	5.4	1600.0	675.0	659.0
52.085	52.285	0.0	1600.0	662.0	605.1
52.435	52.564	53.8	1600.0	651.1	634.8
52.584	52.704	0.0	1600.0	632.0	544.6
52.724	52.984	0.0	1600.0	644.5	365.8
53.004	53.094	0.0	1600.0	646.9	95.5
53.154	53.394	0.0	1600.0	629.3	45.3
53.434	53.664	0.0	1600.0	599.1	1600.0
53.724	53.994	43.0	1600.0	529.2	1600.0
54.303	54.413	926.6	252.4	77.9	1600.0
54.433	54.733	930.5	280.5	66.7	1600.0
54.753	54.963	920.5	272.2	75.3	1600.0
55.003	55.153	863.0	315.6	44.0	1600.0
55.163	55.253	819.0	363.0	2.0	1600.0
55.273	55.403	803.8	363.5	0.0	1600.0
55.423	55.513	784.2	374.0	0.0	1600.0
55.533	55.653	1600.0	410.9	0.0	1600.0
55.673	56.042	1600.0	416.3	0.0	1600.0
56.082	56.202	1600.0	367.4	0.0	1600.0
56.222	56.332	1600.0	347.9	0.0	1600.0
56.372	56.532	1600.0	311.6	11.0	1600.0
56.552	56.722	1600.0	145.0	160.5	1600.0
56.922	57.012	1600.0	33.1	446.1	1600.0
57.052	57.132	1600.0	112.2	415.4	1600.0
57.242	57.322	1600.0	438.1	0.0	656.2
57.402	57.522	1600.0	453.4	0.0	1600.0
57.542	57.711	1600.0	273.0	66.5	1600.0
57.791	57.921	1119.0	62.9	397.6	131.7
58.331	58.481	32.5	1600.0	841.8	1600.0
58.521	58.651	153.5	1600.0	1028.6	1600.0
58.721	58.901	140.9	1600.0	1069.1	1600.0
58.921	59.151	0.0	1600.0	936.3	1600.0
59.191	59.261	75.6	1600.0	801.5	1600.0
59.32	59.41	79.9	1600.0	774.5	1600.0
59.47	59.57	61.0	1600.0	609.5	1600.0
59.59	59.7	28.2	1600.0	588.7	760.9
59.72	59.83	6.0	1600.0	600.0	725.8
60.3	60.48	7.0	1600.0	647.5	563.3
60.54	60.65	42.4	1600.0	613.0	578.9
60.67	60.8	0.0	1600.0	650.0	442.2
60.84	61.049	0.0	1600.0	666.9	229.9
61.059	61.269	0.0	1600.0	697.7	181.0
61.399	61.479	0.0	1600.0	773.0	421.5
61.569	61.639	0.0	1600.0	835.8	491.1
61.659	61.779	0.0	1600.0	882.3	451.2
61.839	61.969	52.0	1600.0	1019.9	461.2
62.089	62.199	0.0	1600.0	870.6	210.8
62.409	62.599	30.4	1600.0	698.3	1600.0
62.758	62.868	3.2	1600.0	803.9	1600.0
62.908	63.198	19.1	1600.0	769.9	1600.0
63.318	63.568	24.8	1600.0	765.1	1600.0
63.588	63.718	15.3	1600.0	543.7	1600.0
63.738	63.828	316.0	811.3	268.3	1600.0
64.118	64.198	1193.6	20.5	272.9	1600.0
64.288	64.507	1600.0	60.8	265.0	1600.0
64.677	64.797	1600.0	10.0	814.4	1600.0
64.837	65.137	1600.0	255.5	518.6	1600.0
65.277	65.347	587.6	626.8	5.4	1600.0
65.507	65.627	581.5	614.3	0.0	1600.0
65.667	65.767	620.2	582.1	0.0	476.1
65.977	66.047	555.3	662.1	24.5	515.7
66.067	66.176	557.3	669.4	23.4	486.7
66.406	66.486	516.2	847.5	449.2	95.5
67.256	67.396	0.0	1600.0	885.0	735.0
67.466	67.686	0.0	1600.0	833.8	706.0
67.756	67.826	0.0	1600.0	884.6	635.8
67.985	68.105	0.0	1600.0	781.5	438.0
68.175	68.265	5.4	1600.0	828.5	226.9
68.325	68.405	2.0	1600.0	749.2	140.7
68.455	68.535	0.0	1600.0	704.5	101.8
68.575	68.715	0.0	1600.0	623.1	36.4
68.735	69.005	0.0	1600.0	597.5	16.0
69.025	69.415	0.0	1600.0	598.6	1600.0
69.435	69.505	0.0	1600.0	620.9	1600.0
69.525	69.634	0.0	1600.0	622.4	1600.0
69.864	70.034	36.0	1600.0	519.0	1600.0
70.074	70.164	49.2	1600.0	482.0	1600.0
70.174	70.254	74.1	1600.0	445.0	1600.0
70.354	70.594	413.4	942.0	348.5	1600.0
71.004	71.084	1600.0	1600.0	886.7	1600.0
71.094	71.204	1600.0	1600.0	839.0	1600.0
71.224	71.314	1600.0	1600.0	810.7	1600.0
71.383	71.573	1600.0	1600.0	806.7	1600.0
71.753	72.003	881.5	1600.0	810.5	1600.0
72.023	72.163	945.9	1600.0	847.9	1600.0
72.233	72.353	1600.0	1600.0	1600.0	1600.0
72.573	72.833	865.3	1600.0	763.1	1600.0
73.003	73.512	1600.0	1600.0	787.1	1600.0
73.552	73.672	929.3	1600.0	768.3	1600.0
73.692	73.802	933.8	1600.0	783.9	1600.0
73.822	74.821	930.7	1600.0	781.7	1600.0
74.901	75.041	928.5	1600.0	780.1	1600.0
75.321	75.901	920.2	1600.0	766.1	1600.0
75.921	76.041	908.5	1600.0	771.7	1600.0
76.221	76.55	901.2	1600.0	751.0	1600.0
76.57	77.26	934.7	1600.0	768.8	1600.0
77.45	77.6	922.0	1600.0	756.6	1600.0
77.64	78.319	1600.0	1600.0	740.6	1600.0
