Event Start Trial Time [ms]	Event End Trial Time [ms]	Event Duration [ms]	Visual Intake Position X [px]	Visual Intake Position Y [px]
0	175	175	903.0	227.0
355	505	150	893.0	221.0
585	755	170	839.0	222.0
1384	1644	260	867.0	183.0
2404	2484	80	145.0	39.0
2683	2853	170	750.0	219.0
3073	3223	150	690.0	320.0
3353	3503	150	810.0	530.0
3903	4053	150	959.0	604.0
4073	4173	100	977.0	596.0
4343	4452	110	718.0	535.0
4472	4582	110	809.0	559.0
4622	5012	390	839.0	587.0
5382	5482	100	867.0	570.0
5502	5582	80	783.0	554.0
5602	5752	150	665.0	527.0
5902	6181	280	1008.0	547.0
6201	6281	80	1030.0	544.0
6571	6671	100	897.0	511.0
6701	6821	120	1077.0	514.0
6841	6911	70	1113.0	528.0
7101	7201	100	763.0	499.0
7221	7431	210	890.0	512.0
7521	7621	100	873.0	542.0
7641	7751	110	923.0	579.0
7791	8080	290	859.0	541.0
8100	8180	80	796.0	585.0
8690	8900	210	1116.0	485.0
8920	9120	200	1005.0	529.0
9200	9270	70	885.0	542.0
9470	9539	70	1096.0	500.0
9769	9839	70	989.0	323.0
9879	9949	70	1282.0	526.0
10039	10149	110	1257.0	498.0
10459	10569	110	858.0	374.0
10609	10739	130	942.0	366.0
10759	10949	190	905.0	371.0
11159	11268	110	663.0	300.0
11308	11418	110	735.0	342.0
11458	11568	110	779.0	302.0
11738	11998	260	916.0	331.0
12018	12128	110	952.0	304.0
12168	12268	100	931.0	284.0
12288	12448	160	968.0	357.0
12478	12678	200	829.0	361.0
12718	12868	150	838.0	352.0
12918	13097	180	746.0	363.0
13137	13267	130	730.0	375.0
13307	13387	80	956.0	527.0
13407	13677	270	963.0	552.0
13687	13797	110	905.0	520.0
13817	14047	230	857.0	547.0
14157	14237	80	783.0	644.0
14387	14667	280	1073.0	491.0
14746	15046	300	1028.0	556.0
15066	15156	90	1048.0	612.0
15286	15436	150	1100.0	568.0
15536	15696	160	1139.0	537.0
15886	16006	120	1083.0	549.0
16186	16435	250	1094.0	523.0
16455	16575	120	902.0	509.0
16645	16785	140	1291.0	626.0
16795	17005	210	1210.0	562.0
17055	17285	230	1107.0	544.0
17305	17385	80	1146.0	548.0
17535	17685	150	1222.0	528.0
17705	17915	210	1161.0	569.0
18334	18484	150	686.0	402.0
18574	18714	140	728.0	313.0
18834	19034	200	833.0	462.0
19134	19294	160	885.0	323.0
19374	19864	490	972.0	462.0
19933	20113	180	798.0	454.0
20133	20403	270	737.0	429.0
20423	20593	170	701.0	420.0
20633	20873	240	644.0	409.0
20893	21063	170	656.0	427.0
21263	21473	210	1178.0	360.0
21493	21583	90	1066.0	447.0
21602	21702	100	994.0	486.0
21892	21982	90	1138.0	512.0
22002	22122	120	1085.0	524.0
22142	22322	180	1143.0	541.0
22702	22832	130	598.0	550.0
23002	23072	70	1383.0	632.0
23401	23531	130	1109.0	643.0
23551	23671	120	1117.0	590.0
24121	24221	100	842.0	467.0
24271	24441	170	865.0	365.0
24471	24551	80	805.0	505.0
24621	24781	160	940.0	371.0
24801	24961	160	874.0	441.0
25140	25220	80	883.0	512.0
25240	25330	90	931.0	531.0
25350	25470	120	985.0	544.0
25890	26150	260	952.0	617.0
26170	26280	110	968.0	629.0
26320	26480	160	976.0	640.0
26490	26570	80	951.0	668.0
26590	26730	140	1008.0	676.0
26769	26999	230	1045.0	664.0
27039	27149	110	1100.0	509.0
27229	27319	90	1069.0	567.0
27339	27449	110	1109.0	465.0
27639	27799	160	1106.0	462.0
27819	27899	80	1114.0	548.0
27919	28039	120	1104.0	564.0
28059	28179	120	1103.0	588.0
28219	28648	430	961.0	579.0
28668	28748	80	714.0	595.0
28768	28858	90	640.0	624.0
29098	29168	70	1288.0	673.0
29188	29318	130	1251.0	589.0
29338	29428	90	1304.0	579.0
29918	30028	110	1300.0	671.0
30208	30297	90	1146.0	718.0
30617	30717	100	810.0	510.0
30937	31017	80	841.0	480.0
31317	31417	100	740.0	433.0
31717	31827	110	674.0	314.0
31867	31976	110	786.0	392.0
32436	32516	80	904.0	432.0
32706	32816	110	869.0	406.0
33006	33106	100	885.0	388.0
33156	33256	100	892.0	359.0
33306	33406	100	801.0	340.0
33456	33526	70	772.0	336.0
33705	33795	90	812.0	273.0
33835	33965	130	839.0	323.0
34055	34265	210	912.0	337.0
34285	34385	100	901.0	351.0
34685	34915	230	1022.0	738.0
35035	35105	70	817.0	659.0
35175	35255	80	932.0	625.0
35275	35365	90	977.0	611.0
35404	35554	150	1011.0	608.0
35574	35644	70	1024.0	602.0
35684	35814	130	1056.0	571.0
36384	36484	100	968.0	673.0
36524	36594	70	913.0	674.0
36944	37143	200	1145.0	428.0
37183	37313	130	1178.0	444.0
37603	37733	130	905.0	650.0
37793	38013	220	960.0	602.0
38053	38153	100	952.0	542.0
38173	38253	80	942.0	490.0
38303	38433	130	934.0	823.0
38503	38583	80	966.0	783.0
38603	38703	100	1006.0	773.0
38723	38832	110	1042.0	779.0
38892	39262	370	1043.0	745.0
39462	39552	90	778.0	423.0
39592	39682	90	839.0	383.0
39732	39822	90	986.0	562.0
39842	39952	110	959.0	542.0
39972	40062	90	879.0	535.0
40092	40212	120	901.0	323.0
40252	40382	130	910.0	375.0
40462	40681	220	888.0	508.0
40701	40911	210	932.0	460.0
41141	41211	70	873.0	468.0
41221	41351	130	818.0	503.0
41521	41631	110	829.0	395.0
41671	41941	270	907.0	348.0
41961	42071	110	983.0	398.0
42131	42281	150	873.0	487.0
42350	42470	120	944.0	470.0
42810	42880	70	1116.0	728.0
42920	43010	90	1038.0	689.0
43090	43170	80	776.0	486.0
43190	43410	220	835.0	501.0
43470	43600	130	876.0	542.0
43910	44049	140	1169.0	503.0
44069	44149	80	1118.0	505.0
44169	44289	120	1161.0	516.0
44359	44549	190	1120.0	544.0
44609	44819	210	1100.0	635.0
44879	45119	240	1085.0	578.0
45229	45369	140	1066.0	621.0
45389	45479	90	1058.0	600.0
45539	45768	230	1094.0	608.0
45808	45898	90	1001.0	566.0
46088	46168	80	1368.0	518.0
46238	46318	80	1231.0	523.0
46358	46468	110	1172.0	498.0
46638	46938	300	821.0	540.0
47158	47288	130	1205.0	528.0
47308	47418	110	1114.0	447.0
47737	47967	230	842.0	466.0
47987	48077	90	878.0	440.0
48117	48237	120	898.0	429.0
48257	48407	150	920.0	447.0
48437	48547	110	866.0	541.0
48567	48647	80	902.0	523.0
48807	49057	250	919.0	452.0
49077	49186	110	849.0	430.0
49206	49296	90	879.0	414.0
49336	49586	250	813.0	437.0
49626	49726	100	902.0	489.0
49766	49906	140	819.0	332.0
49926	50056	130	886.0	346.0
50226	50436	210	991.0	393.0
50456	50546	90	976.0	415.0
50586	50935	350	867.0	450.0
50965	51185	220	857.0	535.0
51205	51555	350	818.0	531.0
51605	51795	190	759.0	484.0
51835	52035	200	725.0	475.0
52055	52215	160	791.0	512.0
52235	52465	230	773.0	519.0
52804	53084	280	1023.0	440.0
53354	53454	100	1262.0	466.0
53474	53724	250	1293.0	520.0
53744	53944	200	1212.0	479.0
53964	54094	130	1383.0	469.0
54453	54543	90	978.0	591.0
54603	54733	130	1004.0	571.0
55253	55363	110	843.0	440.0
55483	55703	220	969.0	505.0
55793	56033	240	917.0	546.0
56092	56272	180	919.0	512.0
56402	56622	220	893.0	523.0
56642	56722	80	902.0	512.0
57052	57182	130	1068.0	660.0
57202	57282	80	1088.0	645.0
57372	57582	210	768.0	489.0
57652	57752	100	757.0	533.0
57772	57881	110	759.0	549.0
57901	58011	110	800.0	544.0
58051	58171	120	852.0	557.0
58191	58301	110	843.0	584.0
58321	58411	90	821.0	600.0
58741	58831	90	1177.0	398.0
58871	58981	110	1072.0	448.0
59141	59271	130	884.0	462.0
59291	59361	70	826.0	486.0
59401	59510	110	775.0	591.0
59550	59670	120	767.0	617.0
59770	60130	360	878.0	727.0
60150	60270	120	812.0	704.0
60290	60490	200	771.0	636.0
60510	60620	110	796.0	591.0
60640	60820	180	805.0	596.0
60910	61020	110	756.0	597.0
61040	61170	130	728.0	579.0
61489	61669	180	1189.0	754.0
61919	62089	170	823.0	436.0
62209	62399	190	885.0	440.0
62439	62649	210	971.0	426.0
62779	62889	110	880.0	918.0
62909	62988	80	953.0	832.0
63058	63148	90	1016.0	693.0
63168	63268	100	991.0	671.0
63288	63398	110	968.0	697.0
63458	63548	90	909.0	709.0
63648	63778	130	769.0	438.0
63908	64018	110	939.0	468.0
64118	64258	140	888.0	492.0
64278	64368	90	973.0	498.0
64388	64628	240	942.0	444.0
64687	64797	110	871.0	537.0
64817	64917	100	966.0	576.0
65207	65307	100	904.0	417.0
65367	65517	150	823.0	364.0
65677	65797	120	1014.0	665.0
65817	66456	640	910.0	629.0
66636	66756	120	881.0	634.0
66926	67036	110	956.0	614.0
67076	67186	110	971.0	599.0
67226	67296	70	966.0	587.0
67336	67586	250	896.0	578.0
68175	68295	120	1275.0	485.0
68435	68515	80	789.0	604.0
68585	68735	150	916.0	575.0
68755	68965	210	948.0	573.0
69175	69245	70	1044.0	776.0
69305	69385	80	790.0	578.0
69425	69535	110	853.0	610.0
69705	69775	70	1095.0	867.0
69884	69954	70	1078.0	786.0
69974	70064	90	1077.0	755.0
70234	70344	110	1005.0	673.0
70654	70764	110	709.0	704.0
70954	71044	90	727.0	716.0
71124	71214	90	793.0	711.0
71234	71344	110	748.0	709.0
71464	71553	90	739.0	676.0
71573	71663	90	784.0	689.0
71793	71953	160	934.0	479.0
72293	72383	90	1066.0	739.0
72403	72523	120	1045.0	711.0
72763	72833	70	846.0	469.0
72893	72973	80	833.0	525.0
73153	73562	410	929.0	588.0
73672	73872	200	806.0	395.0
73892	74032	140	788.0	475.0
74062	74192	130	959.0	441.0
74402	74632	230	954.0	410.0
74672	74752	80	975.0	361.0
74782	74912	130	847.0	376.0
74952	75031	80	826.0	389.0
75051	75131	80	914.0	456.0
75301	75501	200	884.0	416.0
75711	75941	230	743.0	400.0
75991	76141	150	773.0	307.0
76241	76571	330	887.0	261.0
76651	76780	130	839.0	421.0
76800	76920	120	895.0	416.0
76940	77030	90	933.0	432.0
77200	77320	120	797.0	435.0
77340	77430	90	766.0	440.0
77520	77590	70	667.0	362.0
77690	77830	140	839.0	410.0
77970	78120	150	861.0	415.0
78160	78370	210	955.0	497.0
78390	78529	140	924.0	503.0
78619	78799	180	971.0	431.0
78839	78939	100	942.0	455.0
79019	79089	70	842.0	573.0
79249	79349	100	759.0	471.0
79369	79489	120	779.0	466.0
79519	79699	180	829.0	313.0
79729	80029	300	842.0	519.0
80139	80218	80	929.0	442.0
80238	80368	130	1050.0	363.0
80508	80628	120	963.0	389.0
80668	80838	170	962.0	410.0
80858	81328	470	895.0	479.0
81338	81568	230	914.0	463.0
81578	81868	290	870.0	452.0
82017	82137	120	938.0	388.0
82157	82287	130	1015.0	334.0
82307	82517	210	971.0	383.0
82567	82697	130	865.0	581.0
82717	82867	150	928.0	515.0
82877	82957	80	966.0	545.0
82987	83107	120	813.0	566.0
83127	83217	90	847.0	574.0
83227	83387	160	827.0	522.0
83407	83497	90	858.0	534.0
83537	83686	150	892.0	451.0
83736	83916	180	952.0	477.0
83936	84186	250	938.0	452.0
84206	84276	70	922.0	451.0
84286	84386	100	863.0	419.0
84676	84826	150	1206.0	696.0
84976	85146	170	772.0	485.0
85226	85385	160	968.0	476.0
85485	85645	160	1083.0	413.0
85665	85795	130	1124.0	456.0
85815	86025	210	1114.0	357.0
86045	86265	220	1075.0	333.0
86285	86365	80	976.0	430.0
86475	86555	80	980.0	450.0
86575	86665	90	1022.0	533.0
86685	86805	120	995.0	531.0
86825	86935	110	976.0	527.0
87224	87344	120	815.0	505.0
87384	87484	100	762.0	506.0
87524	87634	110	760.0	569.0
87674	87744	70	830.0	610.0
87784	87864	80	907.0	558.0
88074	88184	110	1018.0	229.0
88204	88314	110	1004.0	227.0
88334	88514	180	989.0	230.0
88524	88783	260	879.0	217.0
88803	88943	140	924.0	284.0
89153	89283	130	835.0	440.0
89323	89563	240	836.0	485.0
89623	89703	80	919.0	491.0
89723	90183	460	1028.0	405.0
90203	90283	80	1127.0	350.0
90343	90602	260	1035.0	329.0
90622	90852	230	1011.0	335.0
90872	90962	90	979.0	353.0
91302	91422	120	1026.0	612.0
91452	91552	100	881.0	578.0
91622	92062	440	905.0	609.0
92231	92401	170	1223.0	505.0
92441	92571	130	1165.0	400.0
92701	92871	170	1267.0	543.0
92891	92961	70	1283.0	583.0
93251	93371	120	998.0	132.0
93391	93461	70	1023.0	238.0
93521	93601	80	1059.0	392.0
93651	93801	150	1020.0	439.0
93821	93930	110	968.0	422.0
93950	94170	220	961.0	372.0
94210	94490	280	982.0	363.0
94510	94750	240	999.0	377.0
94790	95150	360	1023.0	357.0
95210	95390	180	1024.0	346.0
95470	97289	1819	1043.0	345.0
