start_time	end_time	Block	Grid	IFU	Single Shape
0.315	0.545	1600.0	1600.0	236.6	1600.0
0.565	0.755	1600.0	1600.0	256.6	1600.0
0.785	1.094	1600.0	1600.0	321.3	1600.0
1.144	1.414	1600.0	1600.0	413.8	1600.0
1.434	1.634	1600.0	1600.0	1600.0	1600.0
2.414	2.484	494.4	678.1	115.8	1600.0
2.554	2.703	579.2	647.5	77.1	1600.0
2.713	2.813	646.1	685.1	88.0	1600.0
2.833	3.113	759.3	648.4	0.0	1600.0
3.213	3.483	1600.0	612.2	0.0	1600.0
3.603	3.763	1600.0	673.6	0.0	1600.0
3.783	3.883	1600.0	582.6	0.0	1600.0
3.903	4.183	1600.0	600.1	0.0	1600.0
4.203	4.302	1600.0	647.2	0.0	1600.0
4.362	4.462	1600.0	782.7	0.0	1600.0
4.482	4.592	1600.0	761.7	0.0	1600.0
6.801	6.911	1600.0	28.8	1600.0	1600.0
6.971	7.061	1600.0	0.0	1600.0	1600.0
7.211	7.341	1600.0	0.0	1600.0	1600.0
7.381	7.611	1600.0	0.0	1600.0	1600.0
7.69	8.0	1600.0	31.6	1600.0	1600.0
8.07	8.16	1600.0	2.0	1600.0	1600.0
8.2	8.31	1600.0	11.0	1600.0	1600.0
8.33	8.46	1600.0	25.5	1600.0	138.7
8.62	8.75	1600.0	191.2	1600.0	12.0
8.77	8.99	1600.0	215.1	1600.0	33.8
9.05	9.16	1600.0	129.2	1600.0	22.5
9.18	9.449	1600.0	84.2	1600.0	1600.0
9.469	10.029	1600.0	42.7	1600.0	1600.0
10.079	10.199	1600.0	41.6	1600.0	22.4
10.219	10.299	1600.0	36.1	1600.0	44.1
10.399	10.579	1600.0	161.3	1600.0	59.0
10.599	10.849	1600.0	138.8	1600.0	14.0
10.869	11.128	1600.0	160.4	1600.0	0.0
11.168	11.408	1600.0	181.7	1600.0	0.0
11.428	11.498	1600.0	193.2	1600.0	0.0
11.628	11.838	1600.0	213.8	1600.0	0.0
11.878	11.998	1600.0	272.2	1600.0	0.0
12.018	12.148	1600.0	304.6	1600.0	0.0
12.168	12.538	1600.0	320.5	1600.0	0.0
12.588	12.837	1600.0	275.8	1600.0	0.0
12.877	12.997	1600.0	254.0	1600.0	154.1
13.177	13.257	1600.0	0.0	1600.0	1600.0
13.297	13.397	1600.0	0.0	1600.0	1600.0
13.437	13.517	1600.0	0.0	1600.0	1600.0
13.537	13.747	1600.0	0.0	1600.0	1600.0
13.777	14.077	1600.0	0.0	1600.0	1600.0
14.137	14.227	1600.0	0.0	718.8	1600.0
14.247	14.347	1600.0	0.0	725.9	1600.0
14.367	14.496	1600.0	0.0	734.5	1600.0
14.566	14.676	1600.0	0.0	1600.0	495.1
14.696	14.816	1600.0	16.6	1600.0	489.4
14.906	15.076	1600.0	231.7	1600.0	76.3
15.156	15.276	1600.0	171.8	1600.0	8.5
15.296	15.366	1600.0	140.9	1600.0	0.0
15.386	15.676	1600.0	5.4	1039.2	153.2
15.696	15.796	1600.0	201.6	370.7	1600.0
16.175	16.285	570.1	555.1	0.0	1600.0
16.385	16.765	514.4	617.3	0.0	796.1
16.825	17.095	310.4	1600.0	181.1	1600.0
17.365	17.445	92.5	1600.0	903.5	791.8
17.595	17.675	0.0	1600.0	822.3	617.0
18.034	18.184	0.0	1600.0	659.7	385.7
18.214	18.294	43.0	1600.0	743.7	466.8
18.314	18.524	18.4	1600.0	714.3	436.3
18.594	18.704	0.0	1600.0	673.4	351.1
18.724	18.974	0.0	1600.0	713.8	367.3
18.994	19.084	33.0	1600.0	690.5	251.7
19.164	19.264	31.0	1600.0	644.0	138.4
19.284	19.394	23.0	1600.0	599.5	1600.0
19.414	19.683	52.6	1600.0	559.0	1600.0
19.703	19.793	38.0	1600.0	570.7	1600.0
19.813	19.943	28.6	1600.0	588.9	1600.0
19.963	20.083	19.0	1600.0	594.8	1600.0
20.103	20.453	12.2	1600.0	592.5	1600.0
20.533	20.743	51.9	1600.0	579.4	1600.0
20.783	21.043	31.0	1600.0	584.9	1600.0
21.063	21.133	14.9	1600.0	599.3	1600.0
21.153	21.542	0.0	1600.0	611.8	1600.0
21.612	21.792	0.0	1600.0	597.4	1600.0
21.882	22.122	0.0	1600.0	778.0	1600.0
22.212	22.332	155.6	1600.0	957.5	1600.0
22.452	22.582	54.1	1600.0	940.7	1600.0
22.592	22.862	63.0	1600.0	1600.0	1600.0
22.902	23.031	33.2	1600.0	870.0	1600.0
23.051	23.181	0.0	1600.0	838.1	1600.0
23.201	23.381	0.0	1600.0	845.7	1600.0
23.401	23.531	50.0	1600.0	1600.0	1600.0
23.601	23.691	63.2	1600.0	1600.0	1600.0
23.731	23.981	0.0	1600.0	1600.0	1600.0
24.001	24.121	0.0	1600.0	1600.0	1600.0
24.221	24.451	49.0	1600.0	495.3	440.3
24.481	24.561	245.0	1600.0	460.7	1600.0
24.581	24.65	206.5	1600.0	467.8	1600.0
24.68	24.78	118.0	1600.0	547.6	1600.0
24.85	24.96	70.8	1600.0	515.0	1600.0
25.13	25.25	33.0	1600.0	575.2	1600.0
25.26	25.35	23.3	1600.0	588.5	1600.0
25.45	25.58	94.8	1600.0	450.0	1600.0
25.67	25.8	377.9	794.1	203.2	1600.0
26.699	26.839	662.9	596.0	14.0	1600.0
26.899	27.349	639.6	611.7	0.0	1600.0
27.369	27.599	717.8	536.1	0.0	1600.0
27.619	27.879	1600.0	487.1	0.0	1600.0
27.899	27.999	1600.0	486.2	0.0	1600.0
28.148	28.388	1600.0	299.3	123.0	1600.0
28.598	28.678	1600.0	0.0	996.1	1600.0
28.828	28.988	1600.0	0.0	850.4	1600.0
29.058	29.138	1600.0	0.0	802.5	1600.0
29.248	29.448	1600.0	0.0	620.5	1600.0
29.668	29.777	1600.0	43.2	1042.5	1600.0
29.797	29.887	1600.0	42.1	984.7	1600.0
29.977	30.057	1600.0	61.3	758.0	197.7
30.147	30.257	1600.0	61.3	741.8	171.0
30.387	30.617	1600.0	1.4	576.9	0.0
30.637	31.317	1600.0	1.0	575.8	1600.0
31.397	31.526	1600.0	33.8	662.8	1600.0
31.546	31.646	1600.0	53.5	731.6	1600.0
31.666	31.736	1600.0	50.2	739.7	1600.0
32.216	32.586	1600.0	68.9	845.4	30.5
32.646	33.175	1600.0	158.8	996.4	17.8
33.195	33.855	1600.0	160.0	828.6	0.0
33.895	34.015	567.0	1600.0	111.0	1600.0
34.335	34.405	0.0	1600.0	827.1	1600.0
34.515	34.695	0.0	1600.0	915.9	790.5
34.755	35.074	0.0	1600.0	881.0	659.6
35.134	35.454	0.0	1600.0	543.0	143.4
35.564	35.704	124.3	1600.0	392.4	1600.0
35.814	36.084	14.8	1600.0	539.3	1600.0
36.104	36.344	0.0	1600.0	518.0	1600.0
36.364	36.484	1.0	1600.0	498.0	1600.0
36.504	36.763	155.9	1600.0	359.9	1600.0
37.183	37.273	836.5	329.1	0.0	1600.0
37.313	37.433	818.3	367.7	0.0	1600.0
37.453	37.533	807.8	412.2	0.0	1600.0
37.623	37.713	750.1	497.1	0.0	1600.0
37.903	37.983	757.3	462.1	0.0	1600.0
38.033	38.133	721.3	492.1	0.0	1600.0
38.153	38.262	719.4	503.8	0.0	1600.0
38.282	38.372	704.3	515.8	0.0	1600.0
38.462	38.562	683.7	580.4	0.0	1600.0
38.602	38.842	665.1	618.2	0.0	1600.0
38.882	38.972	747.4	537.3	0.0	1600.0
39.272	39.532	712.2	594.5	0.0	1600.0
39.542	39.632	787.8	520.1	0.0	1600.0
39.912	40.011	842.2	479.2	0.0	1600.0
40.161	40.561	810.0	512.5	0.0	1600.0
41.111	41.241	729.4	572.8	0.0	1600.0
42.4	42.48	1600.0	0.0	914.4	1600.0
42.6	42.72	1600.0	0.0	1009.5	1600.0
42.95	43.03	1600.0	0.0	1056.8	1600.0
43.1	43.2	1600.0	0.0	1241.6	1600.0
43.22	43.329	1600.0	0.0	975.2	1600.0
43.349	43.549	1600.0	114.1	319.1	1600.0
43.949	44.079	670.4	601.0	0.0	1600.0
44.099	44.199	718.4	554.1	0.0	1600.0
44.219	45.068	759.7	527.9	0.0	1600.0
45.088	45.668	782.3	511.4	0.0	1600.0
45.748	45.848	667.3	628.8	0.0	1600.0
45.868	45.988	691.0	620.0	0.0	1600.0
46.078	46.448	1600.0	430.0	3.2	1600.0
46.827	46.897	1600.0	9.4	1600.0	1600.0
46.987	47.097	1600.0	62.0	1600.0	1600.0
47.227	47.307	1600.0	0.0	1600.0	1600.0
47.377	47.527	1600.0	0.0	1600.0	1600.0
47.587	47.667	1600.0	0.0	1600.0	1600.0
47.717	47.817	1600.0	0.0	1600.0	1600.0
47.857	47.947	1600.0	0.0	821.0	1600.0
48.137	48.227	1600.0	0.0	736.0	1600.0
48.287	48.377	1600.0	0.0	825.8	1600.0
48.397	48.506	1600.0	0.0	775.7	1600.0
48.686	48.796	1600.0	43.2	402.9	1600.0
48.816	48.996	1600.0	103.1	338.6	1600.0
49.516	49.596	635.0	649.9	0.0	1600.0
49.636	49.726	673.8	622.5	0.0	1600.0
49.786	49.876	725.4	610.0	0.0	1600.0
49.896	50.016	756.8	618.1	0.0	1600.0
50.036	50.265	854.7	601.0	0.0	1600.0
50.435	50.515	1600.0	552.7	0.0	1600.0
52.494	52.574	1600.0	35.5	692.1	1600.0
52.664	52.894	1600.0	306.0	495.1	1600.0
52.934	53.114	1600.0	289.4	594.6	39.6
53.134	53.543	1600.0	241.0	670.1	0.0
53.633	53.763	1600.0	172.5	552.0	1600.0
53.813	53.883	1600.0	41.0	378.9	1600.0
53.903	54.033	1600.0	137.3	276.7	1600.0
54.053	54.143	1600.0	232.5	172.7	1600.0
54.453	54.563	1600.0	637.7	0.0	1600.0
54.583	54.863	1600.0	497.4	0.0	1600.0
54.883	54.993	1600.0	347.0	70.0	1600.0
55.512	55.662	1600.0	0.0	806.2	1600.0
55.732	55.852	1600.0	0.0	844.5	122.0
55.982	56.232	1600.0	26.7	943.7	0.0
56.252	56.542	1600.0	0.0	947.8	1600.0
56.622	56.712	1600.0	0.0	996.7	1600.0
56.842	56.921	1600.0	19.4	1357.5	1600.0
56.961	57.111	1600.0	16.1	1600.0	1600.0
57.131	57.211	1600.0	42.9	1600.0	1600.0
57.261	57.381	1600.0	0.0	1272.9	1600.0
57.531	57.611	1600.0	0.0	952.7	1600.0
57.651	57.811	1600.0	0.0	831.4	1600.0
57.911	58.021	1600.0	0.0	675.8	1600.0
58.061	58.141	1600.0	0.0	672.9	1600.0
58.201	58.331	1600.0	0.0	443.0	1600.0
58.381	58.521	909.8	413.6	0.0	1600.0
58.92	59.01	671.0	637.7	0.0	1600.0
59.04	59.31	788.9	547.4	0.0	1600.0
59.35	59.52	1600.0	233.0	178.7	1600.0
59.73	59.81	1600.0	61.3	628.4	1600.0
59.85	59.98	1600.0	97.9	616.8	1600.0
60.0	60.11	1600.0	202.4	595.4	19.0
60.15	60.339	1600.0	144.0	641.0	20.5
60.419	61.009	1600.0	302.8	526.2	0.0
61.399	61.609	1600.0	687.2	0.0	1600.0
61.779	62.028	1600.0	337.8	91.1	1600.0
62.188	62.258	1600.0	0.0	786.9	1600.0
63.078	63.158	1600.0	0.0	802.0	1600.0
63.258	63.328	1600.0	0.0	769.8	1600.0
63.498	63.578	1600.0	0.0	854.5	1600.0
63.727	63.827	1600.0	0.0	1600.0	1600.0
63.867	63.957	1600.0	0.0	1600.0	1600.0
64.147	64.237	1600.0	0.0	1600.0	1600.0
64.317	64.397	1600.0	0.0	1600.0	1600.0
64.407	64.497	1600.0	0.0	1600.0	1600.0
64.567	64.757	1600.0	0.0	1600.0	1600.0
64.777	64.917	1600.0	0.0	1600.0	1600.0
64.947	65.207	1600.0	0.0	771.0	1600.0
65.706	65.776	673.7	673.8	0.0	1600.0
65.796	65.896	741.1	628.5	0.0	1600.0
65.936	66.446	813.5	575.2	0.0	1600.0
66.486	66.756	832.6	558.0	0.0	1600.0
66.776	67.265	814.8	569.0	0.0	1600.0
67.285	67.805	1600.0	558.0	0.0	1600.0
67.845	68.095	1600.0	564.0	0.0	1600.0
68.115	68.365	1600.0	529.0	0.0	1600.0
68.385	68.515	1600.0	293.0	161.0	1600.0
68.904	68.994	1600.0	0.0	1300.0	1600.0
69.214	69.304	1600.0	0.0	1600.0	1600.0
69.364	69.494	1600.0	0.0	1600.0	1600.0
69.544	69.734	1600.0	41.8	1600.0	1600.0
69.814	70.014	1600.0	0.0	1600.0	1600.0
70.154	70.234	1600.0	0.0	1600.0	1600.0
70.314	70.623	1600.0	0.0	1600.0	1600.0
70.663	70.883	1600.0	0.0	581.0	1600.0
71.263	71.443	613.9	696.4	0.0	1600.0
71.463	71.613	725.2	579.7	0.0	1600.0
71.633	72.592	752.9	556.4	0.0	1600.0
72.632	72.732	677.0	628.7	0.0	1600.0
72.882	73.032	768.4	549.2	0.0	1600.0
73.052	73.282	666.7	663.1	0.0	1600.0
73.312	73.532	758.8	550.0	0.0	1600.0
73.552	74.091	767.5	553.5	0.0	1600.0
74.131	74.341	1600.0	540.3	0.0	1600.0
74.361	74.541	1600.0	554.2	0.0	1600.0
74.631	74.791	1600.0	518.1	0.0	1600.0
74.901	75.321	1600.0	523.9	0.0	1600.0
75.331	75.431	1600.0	542.0	0.0	1600.0
75.73	76.7	1600.0	556.1	0.0	1600.0
76.72	76.85	777.9	557.9	0.0	1600.0
76.87	77.529	804.2	533.0	0.0	1600.0
77.549	77.779	1600.0	529.8	0.0	1600.0
77.869	78.019	1600.0	539.7	0.0	1600.0
78.079	78.749	1600.0	517.6	0.0	1600.0
78.769	79.048	1600.0	395.4	34.0	1600.0
79.468	79.558	1600.0	20.5	1186.4	1600.0
79.638	79.708	1600.0	0.0	935.7	1600.0
79.818	79.918	1600.0	0.0	1119.6	1600.0
79.928	79.998	1600.0	0.0	1132.7	1600.0
80.028	80.128	1600.0	0.0	1116.9	1600.0
80.178	80.348	1600.0	0.0	1188.8	1600.0
80.428	80.558	1600.0	0.0	1188.3	1600.0
80.578	80.657	1600.0	0.0	1167.8	1600.0
80.777	80.917	1600.0	0.0	1080.7	1600.0
80.927	81.227	1600.0	20.6	1117.5	1600.0
81.247	81.627	1600.0	0.0	1059.4	1600.0
81.647	81.827	1600.0	0.0	1062.6	1600.0
81.937	82.047	1600.0	58.3	1223.3	26.0
82.237	82.446	1600.0	115.7	1245.1	1600.0
82.466	82.566	1600.0	93.7	1224.1	1600.0
82.646	82.926	1600.0	0.0	996.4	1600.0
83.346	83.476	1600.0	0.0	846.7	1600.0
83.746	83.906	1600.0	0.0	795.9	1600.0
83.946	84.055	1600.0	0.0	912.4	1600.0
84.175	84.285	1600.0	0.0	763.9	570.8
84.315	84.385	1600.0	0.0	954.4	388.4
84.575	84.645	1600.0	235.9	1600.0	0.0
84.665	84.885	1600.0	166.2	1399.2	1600.0
84.975	85.055	1600.0	41.1	1227.3	1600.0
85.135	85.255	1600.0	33.2	1219.3	1600.0
85.345	85.425	1600.0	0.0	1123.7	1600.0
85.485	85.695	1600.0	0.0	1086.0	1600.0
85.784	85.874	1600.0	0.0	828.5	1600.0
85.884	86.174	1600.0	0.0	826.5	1600.0
86.194	86.294	1600.0	0.0	825.5	1600.0
86.314	86.424	1600.0	0.0	701.4	1600.0
86.714	86.844	1600.0	4.0	656.2	1600.0
87.094	87.294	1600.0	341.8	65.0	1600.0
87.483	87.553	490.5	785.1	91.2	1600.0
87.713	87.983	741.9	533.6	0.0	1600.0
88.183	88.323	840.5	445.3	0.0	1600.0
88.453	88.713	867.0	454.2	0.0	1600.0
88.733	88.883	828.7	484.9	0.0	1600.0
88.903	89.142	858.2	465.6	0.0	1600.0
89.162	89.542	860.1	477.8	0.0	1600.0
89.632	89.862	882.9	479.7	0.0	1600.0
89.882	90.132	871.2	493.4	0.0	1600.0
90.152	90.762	865.2	497.0	0.0	1600.0
90.782	91.231	866.3	506.6	0.0	1600.0
91.251	91.381	1600.0	531.0	0.0	1600.0
91.401	91.491	1600.0	565.8	0.0	1600.0
94.899	94.969	1600.0	0.0	872.6	1600.0
95.059	95.219	1600.0	0.0	465.8	1600.0
95.239	95.349	1600.0	183.4	229.5	1600.0
95.719	95.988	1600.0	273.2	155.3	1600.0
96.328	96.508	1600.0	43.1	589.9	1600.0
96.588	96.788	1600.0	75.6	634.2	6.4
96.878	97.148	1600.0	109.0	703.5	80.6
97.577	97.647	1600.0	3.6	579.0	1600.0
97.867	97.987	1600.0	0.0	607.6	1600.0
98.207	98.327	1600.0	0.0	794.4	1600.0
98.347	98.417	1600.0	0.0	729.6	1600.0
98.587	98.797	1600.0	0.0	718.5	150.1
98.867	98.967	1600.0	44.3	867.6	59.5
98.987	99.067	1600.0	47.2	892.8	20.6
99.147	100.056	1600.0	0.0	1017.9	84.7
100.146	100.256	1600.0	0.0	940.1	1600.0
100.296	100.366	1600.0	0.0	896.4	1600.0
100.586	100.736	1600.0	0.0	717.8	1600.0
100.756	100.826	1600.0	0.0	703.0	1600.0
100.866	100.975	1600.0	0.0	707.4	1600.0
101.145	101.275	1600.0	0.0	626.9	1600.0
101.435	101.545	1600.0	0.0	769.6	1600.0
101.585	101.655	1600.0	0.0	737.5	1600.0
101.785	101.875	1600.0	0.0	745.7	1600.0
102.285	102.475	1600.0	0.0	682.1	1600.0
102.565	102.665	1600.0	0.0	875.1	1600.0
102.684	102.754	1600.0	0.0	908.8	1600.0
103.144	103.244	1600.0	0.0	1098.6	1600.0
103.284	103.434	1600.0	0.0	1088.1	1600.0
103.554	103.664	1600.0	0.0	1136.7	1600.0
103.704	103.824	1600.0	0.0	1021.3	1600.0
104.004	104.084	1600.0	0.0	1007.5	1600.0
104.154	104.224	1600.0	0.0	778.8	1600.0
104.284	104.384	1600.0	0.0	825.2	1600.0
104.403	104.543	1600.0	0.0	736.9	1600.0
104.563	104.683	1600.0	0.0	429.8	1600.0
104.703	104.783	1600.0	196.4	174.0	1600.0
105.233	105.343	798.1	563.6	0.0	1600.0
105.563	105.653	736.9	645.3	0.0	1600.0
105.683	105.863	841.6	543.2	0.0	1600.0
105.953	106.063	880.0	519.5	0.0	1600.0
106.082	106.342	837.1	535.3	0.0	1600.0
106.362	106.572	870.8	510.0	0.0	1600.0
106.612	106.812	1600.0	466.1	0.0	1600.0
106.932	107.072	1600.0	427.7	0.0	1600.0
107.102	107.222	1600.0	421.5	0.0	1600.0
107.482	107.572	1600.0	340.5	84.5	1600.0
107.831	107.921	1600.0	0.0	737.8	1600.0
108.231	108.341	1600.0	0.0	814.4	1600.0
108.391	108.491	1600.0	0.0	1066.5	1600.0
108.501	108.571	1600.0	0.0	1076.7	1600.0
108.591	108.741	1600.0	0.0	1006.6	1600.0
108.761	108.881	1600.0	0.0	1054.0	1600.0
109.251	109.361	1600.0	0.0	893.1	1600.0
109.381	109.68	1600.0	0.0	864.6	1600.0
109.72	109.94	1600.0	0.0	854.1	1600.0
109.98	110.31	1600.0	3.0	913.4	1600.0
110.36	110.47	1600.0	28.6	1040.7	1600.0
110.48	110.55	1600.0	21.2	1030.8	1600.0
110.68	110.91	1600.0	0.0	961.8	1600.0
110.93	111.219	1600.0	0.0	889.5	1600.0
111.269	111.379	1600.0	38.6	1034.4	1600.0
111.399	111.479	1600.0	0.0	993.4	1600.0
111.489	111.779	1600.0	0.0	1013.0	1600.0
111.799	111.889	1600.0	5.0	1020.7	1600.0
111.949	112.079	1600.0	0.0	1236.0	1600.0
112.099	112.179	1600.0	40.2	1186.4	1600.0
112.199	112.359	1600.0	4.1	1163.2	1600.0
112.379	112.459	1600.0	0.0	1130.3	1600.0
112.489	112.579	1600.0	6.4	1190.5	1600.0
112.619	112.729	1600.0	2.8	1174.1	1600.0
112.769	112.898	1600.0	0.0	1146.1	1600.0
112.928	113.028	1600.0	0.0	1073.4	1600.0
113.178	113.578	1600.0	64.3	1600.0	0.0
113.618	113.858	1600.0	50.9	1146.1	52.0
113.898	114.078	1600.0	0.0	615.9	1600.0
114.178	114.248	1182.0	97.5	297.3	274.5
114.857	115.007	419.7	797.8	71.1	207.5
115.747	115.857	69.0	1600.0	1045.0	631.0
115.927	115.997	72.1	1600.0	1002.7	630.4
116.806	116.876	0.0	1600.0	795.6	346.1
117.186	117.266	0.0	1600.0	702.1	173.9
117.356	117.556	0.0	1600.0	645.0	122.6
117.596	117.706	0.0	1600.0	596.4	1600.0
117.746	117.876	0.0	1600.0	653.0	1600.0
117.896	118.025	0.0	1600.0	777.4	1600.0
118.185	118.295	83.7	1600.0	1045.7	1600.0
118.345	118.425	64.7	1600.0	1040.9	1600.0
118.485	118.575	0.0	1600.0	909.4	1600.0
118.595	118.705	0.0	1600.0	786.3	1600.0
118.755	118.825	196.8	1600.0	363.3	1600.0
118.865	118.995	394.0	904.7	170.3	1600.0
119.015	119.115	478.5	737.3	97.5	1600.0
119.694	119.864	856.6	440.5	17.5	1600.0
119.884	120.074	1600.0	215.4	220.0	1600.0
120.094	120.174	1600.0	113.8	338.0	1600.0
120.354	120.424	1600.0	0.0	893.7	1600.0
120.504	120.584	1600.0	0.0	731.8	1600.0
120.594	120.684	1600.0	56.1	721.9	1600.0
120.704	120.814	1600.0	36.7	590.4	1600.0
120.914	121.074	1600.0	193.1	206.0	1600.0
121.413	121.563	1600.0	525.0	0.0	1600.0
121.603	121.843	1600.0	296.1	144.3	507.9
121.953	122.103	1600.0	220.6	974.8	183.6
122.183	122.283	1600.0	173.4	809.8	97.4
122.303	122.433	1600.0	168.2	748.7	71.2
122.733	122.823	1600.0	0.0	543.8	1600.0
122.863	122.963	1600.0	0.0	560.4	1600.0
123.002	123.112	1600.0	0.0	571.6	1600.0
123.132	123.222	1600.0	0.0	594.0	160.8
123.282	123.372	1600.0	0.0	672.6	1600.0
123.412	123.682	1600.0	0.0	697.1	116.8
123.702	123.812	1600.0	0.0	737.6	111.3
124.162	124.711	1600.0	137.5	834.1	0.0
124.731	124.831	1600.0	133.9	847.3	0.0
125.041	125.341	1600.0	143.5	853.0	0.0
125.411	125.661	1600.0	148.9	479.0	328.1
125.981	126.051	573.3	720.3	0.0	1190.4
126.78	127.18	1600.0	228.6	941.8	61.2
127.22	127.33	1600.0	149.7	876.2	8.1
127.35	127.88	1600.0	140.4	839.5	11.2
127.92	128.179	1600.0	113.7	780.4	1600.0
128.199	128.529	1600.0	102.9	797.8	1600.0
128.619	128.879	1600.0	91.7	770.9	1600.0
128.919	129.049	1600.0	81.0	654.9	1600.0
129.169	129.299	1600.0	151.8	268.4	1600.0
129.319	129.399	1157.6	160.6	268.2	1600.0
129.679	129.759	618.7	676.5	0.0	1600.0
129.878	129.958	745.0	550.1	0.0	1600.0
130.018	130.448	771.3	520.7	0.0	1600.0
130.568	131.018	1600.0	443.4	0.0	1600.0
131.168	131.248	1600.0	51.1	828.8	1600.0
131.298	131.408	1600.0	88.7	751.4	1600.0
131.428	131.557	1600.0	131.9	734.1	1600.0
131.677	131.777	1600.0	76.0	711.1	32.3
131.797	131.927	1600.0	43.1	694.2	47.9
131.967	132.207	1600.0	155.8	707.1	3.0
132.267	132.527	1600.0	171.3	710.4	1600.0
132.547	132.687	1600.0	107.2	564.9	1600.0
132.707	132.797	1600.0	120.4	295.3	1600.0
132.817	132.927	1600.0	183.2	241.0	1600.0
133.206	133.376	663.6	645.8	5.0	1600.0
133.396	133.666	669.2	637.7	0.0	1600.0
133.686	134.146	603.1	688.5	0.0	1600.0
134.236	134.346	608.2	678.5	0.0	1600.0
134.386	134.476	676.5	607.0	0.0	1600.0
134.516	134.646	662.8	625.4	0.0	1600.0
134.666	134.756	640.2	651.3	0.0	1600.0
134.846	135.015	690.1	608.0	0.0	1600.0
135.085	135.195	1600.0	344.7	84.0	1600.0
135.215	135.295	1600.0	289.5	141.2	1600.0
135.495	135.565	1600.0	90.6	1018.1	1600.0
135.665	135.815	1600.0	64.6	889.3	1600.0
135.895	136.025	1600.0	0.0	711.4	1600.0
136.115	136.275	1600.0	110.7	862.0	9.1
136.315	136.415	1600.0	121.8	898.3	27.2
136.435	136.864	1600.0	164.7	893.6	0.0
136.884	137.494	1600.0	109.4	855.1	0.0
137.604	138.533	1600.0	120.5	849.8	0.0
138.563	138.763	1600.0	0.0	953.1	240.9
138.803	138.873	1600.0	0.0	902.8	333.4
138.883	139.013	1600.0	0.0	936.6	300.3
139.103	139.193	1600.0	0.0	883.0	333.9
139.213	139.323	1600.0	0.0	851.1	324.1
139.363	139.683	1600.0	0.0	872.1	316.8
139.713	140.002	1600.0	47.9	507.3	209.1
140.082	140.192	749.4	556.0	0.0	377.5
140.482	140.572	549.2	663.2	17.0	8.0
140.632	140.722	470.3	736.7	96.7	138.3
140.902	140.972	149.1	1600.0	415.0	177.1
141.182	141.282	0.0	1600.0	898.0	599.0
141.452	141.542	0.0	1600.0	801.1	524.2
141.552	141.691	0.0	1600.0	798.1	543.3
141.731	141.891	0.0	1600.0	845.0	545.0
142.011	142.081	0.0	1600.0	783.8	422.8
142.261	142.341	0.0	1600.0	695.0	307.3
142.381	142.561	0.0	1600.0	757.3	368.3
142.681	142.791	0.0	1600.0	784.1	430.6
142.861	142.941	0.0	1600.0	846.6	530.1
142.981	143.35	0.0	1600.0	788.5	479.0
143.38	143.58	0.0	1600.0	738.9	581.9
143.97	144.09	0.0	1600.0	714.5	495.4
144.31	144.46	0.0	1600.0	869.0	525.9
144.5	144.63	0.0	1600.0	797.1	501.0
144.65	144.8	0.0	1600.0	760.2	426.5
144.82	144.9	0.0	1600.0	726.0	211.9
144.92	145.099	0.0	1600.0	723.5	1600.0
145.219	145.359	83.0	1600.0	544.4	1600.0
145.379	145.459	24.7	1600.0	575.5	1600.0
145.499	145.649	27.2	1600.0	646.0	1600.0
145.669	145.759	44.6	1600.0	647.3	1600.0
145.919	146.179	306.4	811.6	222.1	1600.0
146.339	146.419	1125.3	74.2	233.5	1600.0
146.629	146.778	893.0	426.4	0.0	1600.0
146.898	147.028	902.2	440.7	0.0	1600.0
147.148	147.238	786.8	587.1	0.0	1600.0
147.258	147.408	762.6	650.6	0.0	1600.0
147.428	147.558	770.2	668.0	0.0	1600.0
147.588	147.948	1600.0	536.9	0.0	1600.0
147.978	148.088	800.4	715.5	0.0	1600.0
148.158	148.228	1600.0	659.9	0.0	1600.0
148.248	148.378	1600.0	666.1	0.0	1600.0
148.447	148.577	1600.0	664.8	0.0	1600.0
148.697	148.897	1600.0	583.2	0.0	1600.0
148.947	149.077	1600.0	598.9	0.0	1600.0
149.237	149.367	1600.0	349.1	96.0	1600.0
149.947	150.126	1600.0	34.2	383.8	1600.0
150.216	150.346	1600.0	45.1	395.6	1600.0
150.366	150.596	1600.0	219.2	572.8	26.0
150.616	150.896	1600.0	155.7	667.6	4.5
150.946	151.146	1600.0	131.7	621.1	0.0
151.186	151.356	1600.0	108.2	600.4	46.5
151.586	151.726	1600.0	0.0	530.7	1600.0
151.746	151.885	1600.0	0.0	601.6	1600.0
151.985	152.145	1600.0	0.0	820.4	1600.0
152.165	152.265	1600.0	0.0	800.6	1600.0
152.285	152.545	1600.0	32.2	791.5	1600.0
152.565	152.695	1600.0	26.6	778.3	1600.0
152.715	153.105	1600.0	12.6	760.3	1600.0
153.145	153.395	1600.0	40.0	847.8	0.0
153.435	153.504	1600.0	3.0	869.5	0.0
153.564	153.724	1600.0	0.0	854.8	13.0
153.744	154.084	1600.0	80.0	453.8	1600.0
154.544	154.614	96.0	1600.0	479.5	416.8
154.754	154.824	113.8	1600.0	1029.5	804.2
154.894	155.054	0.0	1600.0	876.0	683.1
155.163	155.313	0.0	1600.0	710.6	431.7
155.513	155.583	0.0	1600.0	876.3	479.6
155.603	155.693	0.0	1600.0	810.1	299.2
155.713	155.843	0.0	1600.0	742.7	188.0
155.863	155.963	41.2	1600.0	708.5	156.9
156.003	156.093	13.0	1600.0	684.2	162.2
156.153	156.613	0.0	1600.0	755.0	257.6
156.703	156.882	0.0	1600.0	740.9	314.0
156.892	157.092	0.0	1600.0	788.6	346.4
157.202	157.332	0.0	1600.0	715.4	447.8
157.412	157.582	0.0	1600.0	786.6	530.7
157.602	157.692	0.0	1600.0	870.6	512.2
157.712	157.832	13.4	1600.0	929.8	548.1
157.882	157.962	97.1	1600.0	990.0	544.3
158.152	158.332	0.0	1600.0	876.1	407.7
158.352	158.492	7.1	1600.0	764.0	1600.0
158.512	158.601	0.0	1600.0	659.2	1600.0
158.701	158.791	2.0	1600.0	494.0	1600.0
158.811	158.911	20.0	1600.0	473.2	1600.0
158.951	159.041	0.0	1600.0	553.3	1600.0
159.101	159.191	90.1	1600.0	658.3	1600.0
159.211	159.301	43.2	1600.0	695.9	1600.0
159.361	159.741	81.7	1600.0	642.5	1600.0
159.761	159.861	248.6	857.2	270.1	1600.0
160.3	160.38	687.2	520.7	0.0	1600.0
160.4	160.56	713.8	522.3	0.0	1600.0
160.66	160.85	739.0	535.5	0.0	1600.0
160.9	161.13	849.5	448.1	0.0	1600.0
161.17	161.28	797.2	524.1	0.0	1600.0
161.32	161.5	853.4	507.4	0.0	1600.0
161.58	161.71	1600.0	437.4	13.0	1600.0
161.73	161.83	1600.0	196.0	282.6	1600.0
162.519	162.699	1600.0	0.0	1077.8	1600.0
162.719	162.979	1600.0	0.0	1003.2	1600.0
162.989	163.069	1600.0	0.0	978.1	1600.0
163.189	163.309	1600.0	0.0	913.8	1600.0
163.459	163.638	1600.0	39.0	928.1	0.0
163.698	163.798	1600.0	3.0	691.3	0.0
163.818	164.108	1600.0	115.4	483.3	24.8
164.268	164.348	1017.3	250.9	193.7	74.0
164.648	164.718	567.4	560.2	30.0	1600.0
164.768	164.878	474.6	631.6	36.7	1600.0
164.898	164.968	436.9	659.2	59.8	1600.0
165.068	165.158	390.5	714.0	94.1	95.0
165.198	165.288	324.0	1600.0	152.6	151.8
165.328	165.427	324.8	1600.0	159.7	209.8
165.597	165.717	23.0	1600.0	804.5	373.9
165.897	166.047	0.0	1600.0	732.0	325.6
166.227	166.297	0.0	1600.0	765.6	321.2
166.337	166.417	0.0	1600.0	751.9	329.5
166.467	166.677	0.0	1600.0	755.5	284.3
166.697	166.877	19.0	1600.0	813.9	345.9
166.997	167.096	116.5	1600.0	738.5	257.3
167.286	167.396	35.6	1600.0	755.0	332.1
167.416	167.536	0.0	1600.0	738.0	324.0
167.736	167.896	0.0	1600.0	773.9	353.2
167.906	167.996	0.0	1600.0	682.0	237.1
168.006	168.076	7.3	1600.0	703.0	235.0
168.116	168.226	54.6	1600.0	648.7	1600.0
168.246	168.366	0.0	1600.0	589.5	1600.0
168.386	168.825	37.7	1600.0	579.2	1600.0
168.845	169.035	54.6	1600.0	620.2	1600.0
169.095	169.175	0.0	1600.0	464.2	1600.0
169.215	169.315	30.0	1600.0	418.8	1600.0
169.335	169.445	81.0	1050.7	373.0	1600.0
169.465	169.685	121.8	944.5	346.0	1600.0
170.145	170.265	706.1	505.3	0.0	1600.0
170.285	170.504	770.5	507.4	0.0	1600.0
170.724	170.794	717.6	631.5	0.0	1600.0
170.834	170.944	700.6	736.4	0.0	1600.0
170.984	171.094	698.8	1600.0	0.0	1600.0
171.114	171.214	754.3	903.1	0.0	1600.0
171.234	171.344	813.2	1600.0	0.0	1600.0
171.404	171.494	891.1	730.3	0.0	1600.0
171.514	171.644	819.6	747.4	0.0	1600.0
171.664	171.744	822.3	647.5	0.0	1600.0
171.764	172.044	923.1	552.2	0.0	1600.0
172.113	172.333	957.4	502.2	0.0	1600.0
172.353	172.733	1600.0	444.4	0.0	1600.0
172.753	172.863	1600.0	226.2	200.4	1600.0
172.883	172.993	1600.0	147.5	292.1	1600.0
173.433	173.613	1600.0	0.0	1019.4	1600.0
173.633	173.792	1600.0	0.0	1015.2	1600.0
173.852	173.962	1600.0	0.0	1115.9	1600.0
173.982	174.102	1600.0	14.4	1061.7	1600.0
174.152	174.252	1600.0	0.0	996.4	1600.0
174.332	174.412	1600.0	0.0	797.3	1600.0
174.452	174.572	1600.0	0.0	775.2	1600.0
174.662	174.752	1600.0	0.0	778.3	1600.0
174.812	175.062	1600.0	0.0	800.5	1600.0
175.232	175.312	1600.0	0.0	863.4	263.0
175.352	175.452	1600.0	0.0	894.0	233.3
175.492	175.651	1600.0	0.0	899.1	52.2
175.761	175.881	1600.0	12.6	933.3	10.8
175.961	176.031	1600.0	15.0	906.2	19.1
176.051	176.291	1600.0	10.0	874.1	63.0
176.311	176.531	1600.0	115.1	534.1	131.2
176.911	177.001	320.8	1600.0	214.4	613.2
177.061	177.131	207.2	1600.0	342.7	707.7
177.39	177.49	40.3	1600.0	939.0	928.0
177.66	177.81	0.0	1600.0	846.4	835.4
177.85	178.09	0.0	1600.0	758.2	707.5
178.18	178.36	0.0	1600.0	799.7	657.6
178.45	178.7	0.0	1600.0	761.4	509.5
178.72	178.959	46.0	1600.0	640.4	156.0
178.979	179.069	89.9	1600.0	572.3	1600.0
179.169	179.579	19.0	1600.0	565.9	1600.0
179.599	180.209	44.6	1600.0	580.1	1600.0
180.229	180.349	206.3	1600.0	294.8	1600.0
180.399	180.509	325.6	810.6	200.9	1600.0
180.668	180.758	1007.3	193.2	123.4	1600.0
180.778	180.908	935.7	312.0	26.2	1600.0
180.928	181.038	857.0	441.4	0.0	1600.0
181.098	181.288	881.0	461.5	0.0	1600.0
181.328	181.458	917.2	499.8	17.0	1600.0
181.478	181.588	903.4	538.3	22.0	1600.0
181.628	181.728	913.9	544.6	17.0	1600.0
181.768	182.198	1600.0	480.5	0.0	1600.0
182.387	182.467	1600.0	17.7	1217.2	1600.0
182.477	182.547	1600.0	0.0	1159.9	1600.0
182.707	182.857	1600.0	33.5	1303.7	1600.0
183.187	183.527	1600.0	27.2	1249.9	1600.0
183.587	183.986	1600.0	40.3	1600.0	140.7
184.026	184.096	1600.0	225.1	1600.0	0.0
184.286	184.476	1600.0	174.9	1600.0	1600.0
184.616	184.826	1600.0	0.0	1186.5	1600.0
184.846	185.116	1600.0	0.0	1094.6	1600.0
185.226	185.416	1600.0	0.0	925.5	1600.0
185.536	185.675	1600.0	0.0	1174.2	1600.0
185.695	185.795	1600.0	0.0	1133.0	1600.0
185.815	185.985	1600.0	0.0	973.1	1600.0
186.115	186.335	1600.0	61.4	363.8	1600.0
186.515	186.625	1600.0	591.5	0.0	1600.0
186.645	186.755	1600.0	316.2	123.2	1600.0
187.344	187.454	1600.0	163.6	1140.5	20.2
187.584	187.824	1600.0	106.4	1109.9	18.4
187.854	188.014	1600.0	50.0	1006.3	1600.0
188.064	188.314	1600.0	18.0	827.5	1600.0
188.344	188.464	1600.0	21.0	381.6	1600.0
188.854	188.964	1600.0	311.2	148.0	1600.0
189.003	189.113	1600.0	72.7	431.3	1600.0
189.503	189.663	1600.0	56.3	1233.3	1600.0
189.723	189.933	1600.0	126.0	1600.0	0.0
189.953	190.073	1600.0	210.2	1600.0	48.4
190.113	190.203	1600.0	219.9	1600.0	69.1
190.703	190.792	1600.0	343.4	621.7	307.2
190.832	190.922	1072.5	547.8	306.3	637.1
190.932	191.042	732.1	1600.0	229.7	731.1
191.322	191.522	113.3	1600.0	960.5	929.3
191.562	191.812	30.8	1600.0	888.6	827.9
191.912	192.352	11.7	1600.0	796.1	1600.0
192.411	192.641	0.0	1600.0	759.9	1600.0
192.681	192.931	57.5	1600.0	559.0	1600.0
192.951	193.061	249.0	834.3	224.2	1600.0
193.681	193.811	781.3	385.6	0.0	1600.0
194.15	194.25	750.3	488.3	0.0	1600.0
194.37	194.44	715.3	567.2	0.0	1600.0
194.53	194.61	819.8	451.5	0.0	1600.0
194.65	194.76	781.4	479.4	0.0	1600.0
194.78	194.89	724.8	542.1	0.0	1600.0
194.97	195.16	659.9	605.5	0.0	1600.0
195.2	195.31	718.3	581.6	0.0	1600.0
195.33	195.48	709.2	594.8	0.0	1600.0
195.5	195.72	721.2	589.8	0.0	1600.0
195.829	196.089	780.5	563.2	0.0	1600.0
196.179	196.269	790.1	554.8	0.0	1600.0
196.319	196.539	738.0	603.9	0.0	1600.0
196.559	196.789	845.8	490.0	0.0	1600.0
196.819	196.969	1600.0	535.8	0.0	1600.0
197.089	197.279	1600.0	380.2	42.1	1600.0
197.299	197.538	1600.0	412.4	0.0	1600.0
197.638	197.728	1600.0	295.7	165.2	1600.0
197.748	197.868	1600.0	160.5	323.2	1600.0
198.298	198.408	1600.0	0.0	1600.0	1600.0
198.488	198.768	1600.0	0.0	1044.2	1600.0
198.968	199.078	1600.0	0.0	505.4	1600.0
199.227	199.307	1600.0	403.6	7.0	1600.0
199.637	199.777	1600.0	446.1	0.0	1600.0
199.837	200.027	1600.0	0.0	634.3	497.9
200.197	200.267	1600.0	165.7	1600.0	1600.0
200.287	200.627	1600.0	56.5	1600.0	1600.0
200.687	200.817	1600.0	0.0	661.9	293.4
200.916	201.006	800.8	487.6	38.8	1600.0
201.526	201.706	0.0	1600.0	842.7	1600.0
201.746	201.926	0.0	1600.0	802.6	600.0
201.956	202.076	0.0	1600.0	638.1	377.8
202.146	202.216	0.0	1600.0	639.0	404.1
202.246	202.346	60.2	1600.0	622.6	295.8
202.535	202.695	0.0	1600.0	648.0	310.5
202.815	202.905	18.0	1600.0	530.0	164.8
202.985	203.155	292.7	1600.0	352.7	151.7
203.205	203.355	0.0	1600.0	652.0	1600.0
203.395	203.645	0.0	1600.0	595.8	1600.0
203.685	203.925	77.4	1600.0	517.2	1600.0
204.085	204.195	231.2	925.5	282.8	1600.0
204.215	204.354	323.2	817.9	205.2	1600.0
204.504	204.594	811.0	341.2	0.0	1600.0
204.764	204.874	702.3	431.3	0.0	1600.0
204.934	205.124	741.2	427.1	0.0	1600.0
205.184	205.314	719.4	465.2	0.0	1600.0
205.334	205.414	827.1	374.0	0.0	1600.0
205.454	205.554	858.2	358.0	14.9	1600.0
205.594	205.913	770.1	481.1	0.0	1600.0
205.933	206.163	701.2	551.3	0.0	1600.0
206.173	206.543	643.6	631.9	22.0	1600.0
206.663	206.783	675.4	612.7	4.0	1600.0
206.803	206.913	792.4	492.1	0.0	1600.0
206.983	207.193	829.3	466.5	0.0	1600.0
207.273	207.772	1600.0	282.2	152.0	1600.0
208.012	208.082	1600.0	0.0	1055.3	1600.0
208.132	208.332	1600.0	0.0	1058.1	1600.0
208.352	208.442	1600.0	0.0	1056.6	1600.0
208.722	209.002	1600.0	18.6	1118.8	1600.0
209.212	209.341	1600.0	100.2	324.5	1600.0
209.651	209.811	1600.0	143.1	336.0	803.5
210.221	210.421	1600.0	240.8	1415.3	2.8
210.461	210.901	1354.2	250.0	483.0	1600.0
211.38	211.51	14.3	1600.0	887.2	511.2
211.55	211.66	48.6	1600.0	776.3	280.9
211.84	212.31	0.0	1600.0	772.3	257.0
212.43	212.61	29.1	1600.0	651.0	117.2
212.749	212.859	0.0	1600.0	714.5	265.4
212.879	212.999	0.0	1600.0	694.6	255.8
213.019	213.209	0.0	1600.0	709.7	222.7
213.229	213.349	14.1	1600.0	726.0	215.6
213.449	213.579	7.1	1600.0	559.5	1600.0
213.599	213.679	30.0	1600.0	482.1	1600.0
213.699	214.229	64.8	1600.0	427.4	1600.0
214.269	214.508	284.1	791.3	209.1	1600.0
214.618	214.718	927.0	165.6	143.1	1600.0
214.838	215.088	727.0	427.2	0.0	1600.0
215.108	215.298	794.4	482.2	0.0	1600.0
215.338	215.928	881.9	438.8	11.4	1600.0
215.968	216.257	782.2	561.1	0.0	1600.0
216.277	216.807	858.0	593.1	31.0	1600.0
216.827	217.357	759.7	712.5	0.0	1600.0
217.377	217.447	1600.0	663.8	73.0	1600.0
217.487	217.597	1600.0	652.9	38.0	1600.0
217.617	217.826	1600.0	615.6	0.0	1600.0
217.846	218.076	1600.0	740.1	19.3	1600.0
218.106	218.286	1600.0	1600.0	278.0	1600.0
218.626	218.706	1600.0	1600.0	1600.0	1600.0
218.736	219.146	1600.0	1600.0	1600.0	1600.0
219.166	219.276	1600.0	1600.0	1600.0	1600.0
219.296	219.396	1600.0	1600.0	1600.0	1600.0
219.435	219.515	1600.0	1600.0	1600.0	1600.0
219.705	220.145	1600.0	1600.0	1600.0	1600.0
220.185	220.395	1600.0	1600.0	1600.0	1600.0
220.445	221.264	1600.0	1600.0	1600.0	1600.0
221.284	222.294	1600.0	1600.0	1600.0	1600.0
222.364	223.143	1600.0	1600.0	1600.0	1600.0
