start_time	end_time	Carton	Instructions	Phone	ReservoirUnit	YpsoPod
0.259	0.429	1051.8	534.7	1600.0	926.1	1600.0
0.505	0.605	950.3	1600.0	1600.0	1600.0	1600.0
1.209	1.279	445.9	884.4	229.1	229.9	1600.0
1.369	1.459	989.1	1600.0	1600.0	504.9	1600.0
1.476	1.556	1600.0	1600.0	1600.0	362.2	1600.0
1.776	1.916	1600.0	1600.0	1600.0	437.9	1600.0
1.936	2.306	187.9	779.2	1600.0	1600.0	1600.0
2.357	2.577	155.7	1600.0	1600.0	1600.0	1600.0
2.595	2.835	1600.0	1600.0	1600.0	1600.0	1600.0
3.438	3.788	688.8	261.4	0.0	355.6	1600.0
3.858	3.928	475.1	108.2	0.0	986.3	1600.0
4.425	4.535	497.5	225.7	0.0	363.1	1600.0
4.554	4.674	461.9	184.2	0.0	356.7	1600.0
4.694	4.954	442.2	123.2	0.0	377.9	1600.0
4.974	5.234	432.2	129.0	0.0	367.5	1600.0
5.255	5.355	441.0	112.1	0.0	393.7	1600.0
5.392	5.482	490.5	69.1	38.1	487.6	1600.0
5.673	5.773	525.8	25.0	328.2	667.2	1600.0
5.782	5.902	461.8	32.6	314.4	614.5	1600.0
5.984	6.164	459.2	0.0	240.0	560.5	1600.0
6.224	6.374	503.3	0.0	246.2	809.6	1600.0
6.384	6.834	468.6	0.0	279.0	792.6	1600.0
6.914	7.134	581.0	0.0	276.4	917.7	1600.0
7.175	7.245	581.0	0.0	255.7	925.1	1600.0
7.271	7.421	476.2	7.6	323.2	781.9	1600.0
7.444	7.554	474.3	0.0	326.1	779.8	1600.0
7.576	7.896	485.1	0.0	337.5	784.1	1600.0
7.913	8.103	476.7	3.0	355.8	768.2	1600.0
8.174	8.304	505.0	0.0	325.5	804.3	1600.0
8.671	8.801	684.7	30.2	534.8	882.5	1600.0
8.825	8.905	668.6	222.3	512.3	876.1	1600.0
8.991	9.111	435.7	221.1	164.7	1600.0	1600.0
9.243	9.323	436.2	71.0	267.9	759.6	1600.0
9.362	9.452	541.9	123.9	257.1	870.4	1600.0
9.511	9.661	562.3	120.3	267.2	887.7	1600.0
9.713	9.793	802.4	178.7	476.2	1083.4	1600.0
9.812	9.892	801.0	216.5	492.9	1070.1	1600.0
9.954	10.144	730.8	0.0	504.2	973.4	1600.0
10.212	10.322	727.6	0.0	477.1	985.0	1600.0
10.34	10.62	674.3	0.0	442.1	1600.0	1600.0
10.643	10.743	596.6	0.0	372.3	883.2	1600.0
10.763	10.943	581.2	0.0	387.0	858.7	1600.0
11.042	11.172	476.9	0.0	326.9	780.6	1600.0
11.189	11.279	510.1	0.0	328.2	828.4	1600.0
11.363	11.553	641.2	0.0	327.2	758.7	1600.0
12.083	12.283	471.6	0.0	310.1	634.1	1600.0
12.29	12.43	421.3	0.0	266.9	564.0	1600.0
12.633	12.703	638.4	0.0	229.3	1600.0	1600.0
12.878	12.978	532.0	0.0	312.0	669.2	1600.0
12.998	13.208	590.2	0.0	371.0	1600.0	1600.0
13.23	13.42	678.6	0.0	399.7	1007.9	1600.0
13.451	13.861	520.5	0.0	343.2	659.8	1600.0
14.009	14.119	604.8	291.6	0.0	431.9	1600.0
14.157	14.267	618.8	228.9	0.0	459.1	1600.0
14.34	14.42	682.5	315.6	0.0	474.1	1600.0
14.437	14.507	697.7	308.6	0.0	1600.0	1600.0
14.588	14.838	711.8	292.4	0.0	535.4	1600.0
14.852	15.072	651.4	294.9	0.0	460.6	1600.0
15.091	15.331	602.2	194.9	0.0	457.9	1600.0
15.339	15.589	552.5	128.0	0.0	458.1	1600.0
15.641	15.781	579.4	1600.0	294.0	664.2	1600.0
15.837	16.067	561.8	0.0	279.0	645.6	1600.0
16.088	16.418	516.9	126.5	270.0	612.4	1600.0
16.488	16.708	543.3	125.4	253.0	623.7	1600.0
16.719	16.899	620.9	82.5	277.7	687.5	1600.0
16.927	17.117	486.2	156.6	227.0	557.5	1600.0
17.188	17.318	559.4	115.0	246.0	622.4	1600.0
17.34	17.57	459.9	126.8	228.0	539.1	1600.0
17.585	17.685	513.8	1600.0	238.0	585.6	1600.0
17.728	17.938	593.7	0.0	267.0	665.5	1600.0
18.026	18.136	674.1	0.0	249.0	710.4	1600.0
18.296	18.406	700.2	0.0	294.6	753.4	1600.0
18.445	18.605	684.9	0.0	311.2	1050.4	1600.0
18.709	18.829	568.3	0.0	224.0	626.2	1600.0
18.879	18.979	568.7	0.0	194.2	972.3	1600.0
19.159	19.259	658.1	0.0	200.9	687.6	1600.0
19.278	19.378	709.7	0.0	235.5	740.8	1600.0
19.396	19.506	729.5	0.0	223.5	738.5	1600.0
19.679	20.229	643.8	0.0	244.4	721.4	1600.0
20.354	20.754	588.2	0.0	264.0	673.2	1600.0
20.776	20.926	490.5	0.0	272.5	598.3	1600.0
20.946	21.216	454.3	0.0	247.2	564.0	1600.0
21.238	21.418	546.3	0.0	280.0	940.9	1600.0
21.484	21.584	472.5	0.0	237.7	882.3	1600.0
21.603	21.863	456.2	0.0	224.2	1600.0	1600.0
21.897	22.137	655.5	0.0	256.4	711.2	1600.0
22.197	22.287	684.2	0.0	274.5	752.6	1600.0
22.326	22.716	606.6	0.0	247.4	681.8	1600.0
22.745	22.945	493.4	0.0	229.0	578.4	1600.0
22.955	23.145	455.9	0.0	236.1	869.1	1600.0
23.177	23.467	656.9	0.0	224.5	699.5	1600.0
23.526	23.686	511.8	0.0	182.0	574.2	1600.0
23.695	23.895	583.0	0.0	158.0	601.6	1600.0
24.216	24.476	748.2	371.7	0.0	527.0	1600.0
24.496	24.736	749.0	334.1	0.0	550.2	1600.0
24.774	24.844	726.7	336.0	0.0	515.1	1600.0
24.911	25.121	686.5	332.0	0.0	466.0	1600.0
25.175	25.375	681.4	322.4	0.0	485.3	1600.0
25.465	25.775	711.1	336.1	0.0	509.0	1600.0
25.785	26.045	675.6	341.1	0.0	1600.0	1600.0
26.395	26.505	646.4	336.0	0.0	445.0	1600.0
26.544	26.624	702.6	315.5	0.0	522.5	1600.0
26.66	26.87	742.3	377.1	0.0	533.0	1600.0
26.891	27.241	674.8	361.7	0.0	450.4	1600.0
27.261	27.351	663.8	343.6	0.0	444.0	1600.0
27.372	27.882	677.8	342.3	0.0	459.0	1600.0
28.109	28.219	695.9	352.9	0.0	486.0	1600.0
28.27	28.56	793.5	458.6	0.0	546.4	1600.0
28.67	29.06	706.2	356.8	0.0	489.3	1600.0
29.09	29.3	609.1	235.1	0.0	452.6	1600.0
29.36	29.56	631.5	229.0	0.0	482.5	1600.0
29.653	29.913	717.4	366.4	0.0	496.2	1600.0
29.932	30.042	865.6	475.2	0.0	611.5	1600.0
30.059	30.459	822.4	455.3	0.0	569.0	1600.0
30.482	30.562	864.9	500.0	0.0	574.7	1600.0
30.578	30.838	833.6	462.1	0.0	569.0	1600.0
30.859	30.989	808.0	438.8	0.0	551.0	1600.0
31.062	31.162	825.0	455.8	0.0	553.0	1600.0
31.178	31.768	806.7	435.0	0.0	1600.0	1600.0
31.83	32.07	806.9	436.4	0.0	559.8	1600.0
32.092	32.612	791.3	429.8	0.0	542.8	1600.0
32.661	33.021	620.0	345.0	0.0	396.1	1600.0
33.041	33.111	645.4	352.1	0.0	423.3	1600.0
33.13	33.34	678.6	384.0	0.0	439.0	1600.0
33.35	33.57	724.0	367.9	0.0	509.7	1600.0
33.59	33.79	794.1	455.0	0.0	538.4	1600.0
33.807	34.017	711.3	353.0	0.0	498.0	1600.0
34.08	34.4	769.3	365.3	0.0	564.0	1600.0
34.44	34.69	705.6	371.0	0.0	483.8	1600.0
34.71	35.36	663.7	300.1	0.0	480.7	1600.0
35.395	35.635	633.2	232.1	0.0	498.5	1600.0
35.66	35.98	614.9	244.0	0.0	469.5	1600.0
35.997	36.077	587.8	207.0	0.0	474.9	1600.0
36.159	36.259	732.5	0.0	364.0	831.8	1600.0
36.395	36.845	706.8	0.0	253.8	750.4	1600.0
36.928	37.158	739.9	0.0	244.9	769.5	1600.0
37.178	37.398	672.0	0.0	193.7	690.0	1600.0
37.445	37.525	690.2	268.0	0.0	543.3	1600.0
37.598	38.268	621.6	232.0	0.0	491.3	1600.0
38.303	38.383	654.1	0.0	165.3	671.8	1600.0
38.406	38.656	627.6	0.0	172.3	1600.0	1600.0
38.696	38.806	554.1	0.0	160.0	580.9	1600.0
38.898	39.028	602.0	238.3	0.0	459.2	1600.0
39.108	39.308	587.1	222.0	0.0	455.6	1600.0
39.387	39.667	590.3	239.0	0.0	443.9	1600.0
39.676	39.906	586.6	164.0	0.0	497.7	1600.0
40.043	40.233	659.1	0.0	215.7	693.1	1600.0
40.244	40.564	724.3	0.0	234.6	749.1	1600.0
40.614	40.744	625.1	0.0	169.0	647.5	1600.0
40.764	41.004	652.0	0.0	179.8	671.3	1600.0
41.022	41.292	538.2	0.0	144.0	562.6	1600.0
41.443	41.553	582.0	0.0	156.1	605.7	1600.0
41.565	41.785	530.4	0.0	140.1	554.1	1600.0
41.796	41.956	572.1	0.0	148.0	589.1	1600.0
41.973	42.493	502.0	0.0	139.3	537.9	1600.0
42.533	42.843	698.0	0.0	198.1	697.7	1600.0
43.063	43.233	555.5	0.0	207.0	611.3	1600.0
43.375	43.525	708.0	0.0	234.5	734.0	1600.0
43.555	43.665	633.3	0.0	142.7	632.4	1600.0
43.723	43.953	722.0	338.4	0.0	529.0	1600.0
43.972	44.132	713.5	291.7	0.0	546.0	1600.0
44.14	44.3	664.2	307.2	0.0	469.3	1600.0
44.422	44.622	784.0	440.7	0.0	539.9	1600.0
44.662	44.942	754.3	421.1	0.0	521.8	1600.0
44.993	45.343	606.1	179.9	0.0	501.3	1600.0
45.364	45.844	626.4	214.0	0.0	498.0	1600.0
45.919	46.039	602.4	170.1	0.0	503.8	1600.0
46.064	46.374	586.4	158.0	0.0	487.9	1600.0
46.393	46.553	585.7	169.2	0.0	480.5	1600.0
46.593	47.293	603.2	190.0	0.0	489.9	1600.0
47.33	47.69	602.0	190.0	0.0	483.1	1600.0
48.078	48.238	621.5	213.0	0.0	504.9	1600.0
48.262	48.422	596.2	205.0	0.0	485.6	1600.0
48.442	48.512	602.6	216.0	0.0	479.9	1600.0
48.531	48.821	615.4	229.1	0.0	487.2	1600.0
48.838	48.948	647.7	237.0	0.0	508.2	1600.0
49.008	49.158	686.1	277.0	0.0	535.9	1600.0
49.262	49.392	632.3	286.0	0.0	462.3	1600.0
49.512	49.642	691.9	284.0	0.0	528.8	1600.0
49.728	49.938	648.6	275.0	0.0	487.4	1600.0
49.98	50.17	610.7	281.0	0.0	444.1	1600.0
50.201	50.571	701.3	295.2	0.0	545.3	1600.0
50.58	50.92	666.9	296.1	0.0	491.2	1600.0
51.04	51.86	670.8	301.4	0.0	501.1	1600.0
51.88	51.97	705.7	299.5	0.0	543.9	1600.0
52.006	52.226	695.6	313.6	0.0	524.1	1600.0
52.315	52.515	733.5	327.9	0.0	565.0	1600.0
52.557	52.907	701.4	319.6	0.0	536.2	1600.0
52.978	53.128	662.4	308.4	0.0	494.6	1600.0
53.17	53.38	641.4	313.2	0.0	466.1	1600.0
53.446	53.596	622.8	318.7	0.0	438.0	1600.0
53.764	53.844	732.2	168.7	82.8	645.8	1600.0
54.016	54.206	702.4	322.1	0.0	523.0	1600.0
54.249	54.769	667.8	324.2	0.0	490.0	1600.0
55.075	55.265	735.9	367.2	0.0	544.6	1600.0
55.324	55.394	715.3	343.7	0.0	525.4	1600.0
55.477	55.677	710.7	408.0	0.0	482.7	1600.0
55.776	56.096	749.4	428.3	0.0	529.2	1600.0
56.184	56.414	631.7	292.2	0.0	474.3	1600.0
56.444	56.574	541.4	137.1	0.0	469.0	1600.0
56.597	56.807	547.5	131.0	0.0	475.0	1600.0
56.845	57.055	552.2	135.0	0.0	486.1	1600.0
57.087	57.297	660.4	329.9	0.0	481.1	1600.0
57.313	57.383	658.6	414.8	0.0	421.0	1600.0
57.566	57.656	593.1	275.0	0.0	455.1	1600.0
60.633	60.733	768.4	392.0	0.0	537.5	1600.0
60.815	60.905	710.4	281.0	0.0	538.1	1600.0
60.971	61.101	614.9	170.8	0.0	509.5	1600.0
61.122	61.442	606.8	179.3	0.0	503.3	1600.0
61.48	61.8	753.3	387.0	0.0	541.6	1600.0
61.82	62.62	766.0	400.0	0.0	541.4	1600.0
62.64	63.34	700.2	317.2	0.0	526.6	1600.0
63.363	63.483	693.4	314.1	0.0	527.2	1600.0
63.524	64.044	611.0	185.0	0.0	518.3	1600.0
64.063	64.213	620.8	185.2	0.0	508.9	1600.0
64.23	64.44	600.7	172.0	0.0	495.4	1600.0
64.48	64.97	545.1	181.1	0.0	438.2	1600.0
65.01	65.08	505.2	198.0	0.0	409.7	1600.0
65.14	65.51	538.9	168.1	0.0	447.7	1600.0
65.708	65.878	87.4	531.6	700.1	275.8	1600.0
66.01	66.32	1600.0	381.5	595.6	385.3	1600.0
66.339	66.409	857.6	397.7	588.4	425.9	1600.0
66.432	66.632	1600.0	382.1	597.8	472.4	1600.0
66.927	67.067	1600.0	482.0	592.2	491.5	1600.0
67.077	67.167	0.0	407.1	513.7	289.0	1600.0
67.311	67.491	694.2	331.3	0.0	485.8	1600.0
67.509	67.619	685.7	295.0	0.0	494.0	1600.0
67.638	67.888	583.3	218.0	0.0	423.2	1600.0
67.961	68.171	546.9	193.0	0.0	406.0	1600.0
68.361	68.431	289.1	464.6	424.8	0.0	1600.0
68.487	68.637	680.2	303.0	0.0	478.2	1600.0
68.658	68.878	731.7	356.0	0.0	509.9	1600.0
68.958	69.358	749.6	389.0	0.0	504.7	1600.0
69.457	69.577	570.2	182.0	0.0	439.0	1600.0
69.6	69.83	530.9	151.0	0.0	425.0	1600.0
69.896	70.006	550.1	139.9	0.0	452.4	1600.0
70.025	70.135	553.6	137.1	0.0	457.7	1600.0
70.176	70.436	646.6	259.0	0.0	478.1	1600.0
70.455	70.755	636.5	261.0	0.0	467.6	1600.0
70.779	70.909	593.1	240.4	0.0	430.5	1600.0
70.926	71.156	568.0	168.0	0.0	453.5	1600.0
71.177	71.807	576.8	171.2	0.0	441.7	1600.0
71.826	72.016	551.8	188.3	0.0	403.4	1600.0
72.139	72.429	531.8	175.0	0.0	389.9	1600.0
72.443	72.743	591.8	174.0	0.0	459.7	1600.0
72.807	73.017	577.0	174.4	0.0	441.5	1600.0
73.054	73.334	538.3	157.0	0.0	416.8	858.3
73.356	73.436	559.7	152.6	0.0	438.9	1600.0
73.454	73.704	543.2	208.0	0.0	378.7	1600.0
73.748	73.988	640.3	237.8	0.0	1600.0	1600.0
74.048	74.138	598.1	233.5	0.0	1600.0	1600.0
74.156	74.266	624.5	259.6	0.0	1600.0	1600.0
74.326	74.576	642.4	261.8	0.0	1600.0	1600.0
74.613	74.873	559.5	185.6	0.0	493.1	1600.0
75.176	75.266	632.0	287.1	0.0	503.6	1600.0
75.322	75.542	605.1	282.5	0.0	468.7	1600.0
75.562	75.942	666.8	277.4	0.0	539.9	1600.0
76.023	76.573	528.8	168.2	0.0	505.6	1600.0
76.615	76.805	571.2	205.0	0.0	528.6	1600.0
77.446	77.646	630.6	281.8	0.0	511.0	1600.0
77.723	78.243	646.7	276.4	0.0	531.0	1600.0
78.322	78.482	203.0	778.2	782.7	244.5	1600.0
78.562	78.652	217.9	568.2	547.0	1600.0	1600.0
78.712	78.822	214.7	497.9	479.8	1600.0	0.0
79.011	79.221	219.4	493.3	495.0	1600.0	0.0
79.261	79.641	166.0	478.1	495.6	1600.0	0.0
79.704	80.204	241.3	522.5	508.0	1600.0	0.0
80.221	80.441	151.3	470.2	489.9	1600.0	22.8
80.479	81.518	158.1	477.8	495.0	1600.0	28.0
82.043	82.273	280.1	497.8	469.0	1600.0	0.0
82.293	82.443	280.4	430.3	390.3	1600.0	0.0
82.498	82.948	586.0	155.0	0.0	1600.0	460.1
82.991	83.061	550.6	201.9	0.0	1158.0	375.7
83.078	83.288	683.5	312.1	0.0	1600.0	455.1
83.382	83.552	786.1	422.5	0.0	1600.0	493.2
83.662	83.982	740.5	370.1	0.0	1600.0	1600.0
84.009	84.209	553.7	206.2	0.0	1600.0	1600.0
84.23	84.36	520.2	178.1	0.0	1600.0	1600.0
84.382	84.842	542.6	204.0	0.0	1600.0	394.6
84.939	85.619	525.5	184.0	0.0	1600.0	396.2
85.641	85.881	517.0	184.0	0.0	1600.0	1600.0
85.901	86.331	563.4	183.3	0.0	1600.0	1600.0
86.426	86.636	512.7	190.2	0.0	1600.0	388.6
86.706	86.986	498.2	188.1	0.0	1600.0	373.9
87.0	87.74	537.6	196.6	0.0	1600.0	401.3
87.768	88.038	677.0	388.0	0.0	1600.0	1600.0
88.096	88.416	729.1	421.3	0.0	1600.0	1600.0
88.476	88.696	504.4	146.8	0.0	1600.0	1600.0
88.755	88.965	481.8	165.1	0.0	1600.0	1600.0
89.024	89.284	594.8	246.7	0.0	1600.0	416.2
89.479	90.428	627.1	266.8	0.0	1600.0	443.5
90.443	90.723	638.2	270.8	0.0	1600.0	1600.0
90.748	90.858	603.0	243.4	0.0	1600.0	439.2
90.874	90.984	606.0	249.0	0.0	1600.0	1600.0
91.037	91.217	547.4	218.1	0.0	1600.0	420.0
91.233	91.403	483.5	138.5	0.0	1600.0	399.2
91.423	91.573	488.0	141.2	0.0	953.6	413.7
91.597	91.947	549.7	144.6	0.0	1012.1	464.2
91.966	92.336	508.1	138.2	0.0	984.8	424.8
92.414	92.524	442.1	109.7	0.0	925.0	1600.0
92.695	92.905	378.6	124.0	0.0	892.5	1600.0
92.945	93.185	345.3	129.4	0.0	1600.0	259.4
93.223	93.353	316.2	207.3	0.0	1600.0	168.3
93.376	93.646	314.6	197.4	0.0	1600.0	169.3
93.916	94.126	259.0	379.6	0.0	1600.0	116.2
94.161	94.291	226.0	417.9	0.0	1600.0	1600.0
94.592	94.842	304.7	407.3	0.0	1600.0	1600.0
94.866	95.056	306.4	399.7	0.0	1600.0	1600.0
95.074	95.993	378.8	300.0	0.0	1600.0	1600.0
96.013	96.263	369.1	245.0	48.0	1600.0	1600.0
96.531	96.801	654.2	0.0	1600.0	1600.0	1600.0
96.81	96.98	529.7	0.0	1600.0	1600.0	1600.0
97.0	97.21	462.3	0.0	498.4	1600.0	1600.0
97.233	97.373	479.3	0.0	502.7	1600.0	1600.0
97.39	97.49	276.1	77.1	1600.0	1600.0	1600.0
97.852	98.022	335.0	453.3	0.0	1600.0	1600.0
98.044	98.134	332.0	415.2	0.0	1600.0	1600.0
98.159	98.289	334.5	558.4	35.8	1600.0	1600.0
98.379	98.559	335.9	535.2	52.0	1600.0	1600.0
98.61	98.71	360.9	577.8	130.1	1600.0	19.0
98.733	98.843	338.9	554.7	102.0	1600.0	0.0
99.033	99.223	284.0	493.7	0.0	1600.0	1600.0
99.279	99.509	287.9	488.5	12.0	1600.0	13.3
99.521	99.831	313.4	523.9	0.0	1600.0	1600.0
99.881	100.211	288.2	391.0	0.0	1600.0	1600.0
100.29	100.81	305.2	403.0	0.0	1600.0	1600.0
100.828	102.137	289.0	414.8	0.0	1600.0	1600.0
102.227	102.397	279.3	409.0	0.0	1600.0	1600.0
102.611	102.811	315.9	283.7	0.0	1600.0	1600.0
102.868	103.438	262.4	514.6	0.0	1600.0	1600.0
103.458	103.858	244.0	499.8	0.0	1600.0	1600.0
103.869	104.159	291.8	507.0	0.0	1600.0	1600.0
104.178	104.508	291.3	489.4	0.0	1600.0	1600.0
104.756	105.006	291.5	505.0	221.0	1600.0	0.0
105.045	105.984	268.1	482.3	179.0	1600.0	0.0
106.029	106.269	291.1	511.6	219.0	1600.0	0.0
106.275	106.455	265.8	447.8	147.0	1600.0	0.0
106.476	107.056	285.6	514.5	190.0	1600.0	0.0
107.106	107.266	249.6	179.7	30.0	1600.0	1600.0
107.325	107.415	383.0	234.1	44.9	1600.0	1600.0
107.597	107.727	1231.4	360.1	0.0	1600.0	1600.0
107.748	107.878	332.8	359.6	0.0	1600.0	163.4
107.896	108.526	332.1	373.0	0.0	1600.0	123.2
108.568	108.848	329.2	327.5	0.0	1600.0	1600.0
108.867	109.207	329.4	334.5	0.0	943.9	1600.0
109.247	109.427	393.9	459.7	80.2	942.7	1600.0
109.447	109.557	312.7	411.3	11.0	887.4	1600.0
109.763	109.953	271.4	241.5	0.0	880.3	1600.0
110.016	110.336	244.9	359.5	0.0	843.3	1600.0
110.375	110.495	280.3	379.4	0.0	868.8	1600.0
110.512	110.922	269.2	407.3	0.0	1600.0	1600.0
110.964	111.224	295.7	501.5	0.0	1600.0	1600.0
111.312	111.702	289.4	369.3	0.0	1600.0	1600.0
111.724	111.854	274.9	326.3	47.5	1600.0	1600.0
111.916	112.156	211.6	490.1	0.0	1600.0	1600.0
112.176	112.296	225.8	495.8	0.0	1600.0	1600.0
112.313	112.423	254.1	513.6	0.0	1600.0	1600.0
112.573	112.973	293.9	403.8	87.8	1600.0	0.0
113.015	113.555	280.7	388.5	88.1	1600.0	0.0
113.694	113.924	717.4	1600.0	65.0	239.0	415.8
113.994	114.074	611.3	1600.0	0.0	1600.0	309.6
114.11	114.24	613.5	1600.0	0.0	1600.0	316.7
114.29	114.37	600.8	1600.0	0.0	1600.0	281.4
114.394	114.824	589.9	1600.0	0.0	1600.0	278.0
114.859	115.209	595.1	1600.0	0.0	1600.0	289.5
115.263	115.473	490.2	691.6	0.0	1600.0	201.6
115.49	115.56	458.2	674.3	0.0	1600.0	178.9
115.629	115.809	417.1	658.8	0.0	1600.0	170.8
115.859	116.149	275.4	326.0	0.0	1600.0	1600.0
116.343	116.513	267.2	267.4	0.0	888.8	1600.0
116.593	116.713	212.6	262.1	20.6	813.8	1600.0
116.728	116.808	303.0	340.5	0.0	904.8	1600.0
117.333	117.453	268.6	333.3	0.0	1600.0	1600.0
117.46	118.24	284.5	344.7	0.0	1600.0	1600.0
118.262	118.542	259.3	496.5	0.0	1600.0	1600.0
118.549	118.709	265.2	565.9	0.0	1600.0	1600.0
118.759	118.989	272.4	448.0	0.0	1600.0	1600.0
119.057	119.287	270.6	606.0	0.0	1600.0	1600.0
119.361	119.681	285.6	560.0	0.0	1600.0	1600.0
119.701	119.921	288.1	559.9	4.5	1600.0	1600.0
119.96	120.19	278.4	497.2	0.0	1600.0	1600.0
120.227	120.547	266.6	404.5	0.0	852.1	1600.0
120.586	120.706	268.5	356.2	0.0	880.1	1600.0
120.798	120.868	561.3	0.0	283.6	1117.4	1600.0
120.95	121.18	289.9	269.8	0.0	917.3	1600.0
121.199	121.309	296.6	300.2	0.0	919.9	1600.0
121.33	121.97	283.0	314.5	0.0	902.0	1600.0
122.005	122.605	263.3	375.0	0.0	848.2	1600.0
122.629	122.729	255.8	420.0	0.0	816.4	1600.0
122.747	123.077	258.9	534.4	0.0	1600.0	1600.0
123.119	123.389	272.9	328.3	18.7	1600.0	1600.0
123.398	123.578	248.7	371.2	0.0	1600.0	1600.0
123.605	123.755	255.0	551.4	0.0	1600.0	1600.0
124.009	124.229	305.5	712.9	15.0	1600.0	1600.0
124.249	124.489	322.7	668.3	64.6	1600.0	1600.0
124.548	124.668	403.0	627.0	3.0	1600.0	1600.0
124.686	124.776	556.8	714.7	0.0	1216.0	349.4
124.795	124.955	576.3	710.9	0.0	1600.0	345.9
124.964	125.034	598.0	748.9	0.0	1600.0	373.6
125.046	125.176	591.3	697.2	0.0	1600.0	314.9
125.238	125.588	443.0	539.2	0.0	1055.8	1600.0
125.623	125.803	439.5	546.2	0.0	1600.0	1600.0
125.927	126.017	739.6	0.0	699.4	1600.0	1600.0
126.035	126.285	761.8	7.0	712.0	1600.0	1600.0
126.324	126.444	526.9	0.0	467.5	1600.0	1600.0
126.493	126.683	537.0	0.0	454.4	1600.0	1600.0
126.707	126.817	460.6	0.0	369.1	1600.0	392.0
126.912	127.072	623.0	0.0	526.0	1600.0	1600.0
127.202	127.352	532.2	0.0	432.2	1600.0	1600.0
127.425	127.665	302.4	420.1	0.0	1600.0	126.5
127.686	127.876	383.9	492.7	0.0	1600.0	165.5
127.897	128.157	385.2	478.3	0.0	1600.0	1600.0
128.486	128.556	295.3	401.7	0.0	1600.0	1600.0
128.753	128.973	303.4	462.6	0.0	1600.0	1600.0
129.016	129.536	289.5	393.1	0.0	1600.0	1600.0
129.576	129.686	299.3	414.5	0.0	1600.0	1600.0
129.722	129.852	295.1	391.6	0.0	1600.0	1600.0
129.923	130.253	294.7	455.3	6.0	1600.0	1600.0
130.271	130.821	238.5	384.2	2.0	1600.0	1600.0
130.835	130.925	295.2	431.6	42.0	1600.0	1600.0
130.992	131.392	296.4	397.8	51.4	1600.0	1600.0
131.415	131.845	286.6	384.7	102.0	1600.0	0.0
131.894	132.194	553.8	181.0	0.0	1600.0	1600.0
132.294	132.384	667.4	200.6	95.9	1600.0	178.7
132.53	132.62	611.6	224.9	137.6	1600.0	434.5
132.654	132.814	458.5	262.0	18.4	1600.0	271.7
132.91	133.17	464.1	357.0	0.0	1600.0	212.4
133.194	133.444	418.9	363.4	0.0	1600.0	1600.0
133.463	134.003	397.2	346.0	0.0	1600.0	138.1
134.04	134.49	461.2	411.3	0.0	1600.0	1600.0
134.522	134.822	299.8	253.9	0.0	1600.0	1600.0
134.859	135.379	410.6	337.7	0.0	1600.0	1600.0
135.478	135.588	531.5	479.4	0.0	1600.0	1600.0
135.689	135.839	557.7	468.8	0.0	1600.0	1600.0
135.96	136.07	500.4	461.2	0.0	1600.0	187.0
136.211	137.33	401.9	354.5	0.0	1600.0	1600.0
137.406	138.715	413.5	358.2	0.0	1600.0	1600.0
138.748	139.018	261.3	375.3	39.0	1600.0	1600.0
139.057	139.167	384.0	355.6	0.0	1600.0	1600.0
139.21	139.39	398.6	361.1	0.0	1600.0	1600.0
139.41	140.18	397.4	352.7	0.0	976.2	1600.0
140.326	140.436	337.5	391.6	95.4	895.1	1600.0
140.478	140.878	305.9	395.1	102.6	858.3	1600.0
140.898	141.148	294.3	410.5	118.5	841.6	1600.0
141.208	141.458	284.1	418.9	119.5	823.1	1600.0
141.617	141.727	326.0	248.9	0.0	906.1	1600.0
142.596	142.976	300.7	337.3	0.0	859.4	1600.0
142.996	143.256	280.0	319.5	26.0	838.8	1600.0
143.278	143.578	263.8	339.1	30.9	816.8	1600.0
143.827	145.756	251.0	366.6	115.4	1600.0	1.4
145.776	146.246	242.9	357.1	45.6	802.6	1600.0
146.442	146.522	553.4	0.0	451.8	1028.1	1600.0
146.546	146.976	658.2	0.0	430.5	1139.7	1600.0
147.126	147.476	408.9	0.0	202.1	921.9	1600.0
147.491	147.841	534.5	0.0	322.1	1034.5	1600.0
147.903	148.143	277.2	267.4	0.0	868.7	1600.0
148.163	148.263	267.9	282.0	0.0	851.6	1600.0
148.284	148.814	260.2	307.1	0.0	840.2	1600.0
148.831	149.071	233.4	347.2	19.0	794.0	1600.0
149.114	149.344	263.4	367.0	8.0	824.6	1600.0
149.504	149.894	246.3	307.6	0.0	815.6	1600.0
149.903	150.113	215.7	246.1	5.0	782.4	1600.0
150.134	150.234	273.2	289.2	0.0	823.4	1600.0
150.279	150.429	317.0	311.5	0.0	875.0	1600.0
150.459	150.619	191.4	356.3	13.0	716.3	1600.0
150.663	150.923	273.9	395.3	0.0	796.4	1600.0
151.362	151.432	242.8	264.0	0.0	806.8	1600.0
151.49	151.79	227.4	298.4	0.0	779.8	1600.0
151.932	152.022	1237.2	0.0	403.8	918.4	1600.0
152.039	152.489	553.4	0.0	472.0	1042.7	1600.0
152.508	152.588	1350.4	0.0	519.1	1039.0	1600.0
152.601	152.851	501.6	0.0	462.5	970.4	1600.0
152.861	153.001	579.7	0.0	551.2	1017.7	1600.0
153.038	153.208	582.3	0.0	534.7	1039.2	1600.0
153.237	153.437	432.6	0.0	418.4	886.5	1600.0
153.629	153.799	370.2	0.0	360.2	840.6	1600.0
153.821	153.951	464.0	0.0	439.0	919.8	1600.0
154.032	154.282	537.0	0.0	501.4	990.3	1600.0
154.296	154.516	611.7	0.0	578.4	1052.7	1600.0
154.578	154.738	428.9	0.0	431.5	890.2	1600.0
154.75	155.0	365.7	0.0	389.8	828.4	1600.0
155.569	155.639	372.7	621.0	54.0	851.1	304.2
156.157	156.317	515.9	608.7	0.0	1600.0	1600.0
156.368	156.478	438.5	527.7	0.0	1600.0	1600.0
156.588	156.888	188.7	364.2	0.0	1600.0	1600.0
157.107	157.227	223.2	402.3	0.0	1600.0	1600.0
157.435	157.575	400.6	445.3	0.0	1600.0	1600.0
157.599	157.709	399.7	447.3	0.0	1600.0	114.6
157.729	158.539	397.0	461.7	0.0	1600.0	134.5
158.624	158.894	467.6	532.6	0.0	1600.0	186.8
159.118	159.308	293.4	436.9	0.0	1600.0	1600.0
159.338	159.658	167.9	400.3	0.0	1600.0	201.8
159.677	159.777	163.4	375.6	0.0	1600.0	1600.0
159.796	159.906	156.3	364.7	1600.0	1600.0	96.6
159.978	160.058	149.9	315.8	103.0	1600.0	99.3
160.294	160.394	338.8	131.2	0.0	1600.0	179.3
160.418	160.498	344.0	109.1	0.0	1600.0	196.3
160.514	160.824	335.9	34.5	16.4	1600.0	252.5
160.917	161.007	251.1	387.2	108.2	1600.0	2.0
161.047	161.667	251.5	361.5	4.1	1600.0	17.3
161.723	162.273	266.0	384.8	0.0	1600.0	1600.0
162.322	162.592	276.1	364.2	0.0	1600.0	1600.0
162.627	163.247	415.5	351.5	0.0	1600.0	1600.0
163.262	163.412	444.1	369.2	0.0	1600.0	1600.0
163.452	163.742	232.5	351.5	5.4	1600.0	1600.0
163.791	163.931	340.7	76.9	179.6	1600.0	1600.0
164.013	164.203	265.3	361.3	0.0	1600.0	1600.0
164.243	164.593	252.6	380.5	7.0	1600.0	1600.0
164.615	164.885	289.2	307.0	0.0	1600.0	1600.0
164.915	165.195	425.9	339.6	0.0	1600.0	1600.0
165.224	165.494	251.9	329.1	0.0	1600.0	1600.0
165.561	165.841	379.1	362.1	0.0	1600.0	1600.0
165.961	166.361	269.5	361.5	0.0	1600.0	1600.0
166.484	166.594	248.5	358.7	6.7	1600.0	1600.0
166.88	167.03	338.5	521.7	164.4	1600.0	1600.0
167.042	167.142	381.1	519.7	1600.0	1600.0	72.6
167.233	167.303	314.0	342.2	142.0	1600.0	0.0
167.434	167.714	256.0	100.5	1600.0	1600.0	205.9
167.731	167.871	257.6	149.0	66.6	1600.0	141.8
167.963	168.393	335.0	330.8	0.0	1600.0	1600.0
168.409	168.639	1600.0	326.1	0.0	1600.0	1600.0
168.659	168.889	1600.0	338.9	0.0	1600.0	1600.0
168.913	169.293	301.2	318.4	0.0	1600.0	1600.0
169.312	169.442	242.7	287.6	23.0	1600.0	1600.0
169.503	169.703	390.1	336.2	0.0	1600.0	1600.0
169.742	169.992	520.8	368.6	0.0	1600.0	1600.0
170.011	170.151	515.0	370.4	0.0	1600.0	1600.0
170.18	170.53	344.3	296.2	0.0	1600.0	1600.0
170.579	170.979	307.7	393.7	25.0	1600.0	1600.0
171.002	171.142	291.3	364.6	18.0	1600.0	1600.0
171.157	171.257	298.0	358.0	15.0	1600.0	1600.0
171.298	171.688	323.1	368.0	17.7	1600.0	1600.0
171.707	171.837	318.1	378.3	34.4	1600.0	1600.0
171.901	172.311	407.4	325.0	0.0	1600.0	1600.0
172.336	172.696	302.0	336.5	0.0	1600.0	1600.0
172.727	173.137	431.1	299.3	0.0	1600.0	1600.0
173.156	173.286	408.4	288.5	0.0	1600.0	1600.0
173.306	173.576	509.1	340.9	0.0	1600.0	1600.0
173.617	173.857	316.3	347.1	0.0	1600.0	1600.0
173.877	174.087	318.0	363.7	0.0	1600.0	1600.0
174.176	174.726	313.0	369.9	49.2	1600.0	1600.0
174.745	175.515	321.9	342.6	44.0	1600.0	0.0
175.575	175.715	347.6	300.6	15.0	1600.0	0.0
175.755	175.825	333.0	277.8	8.0	1600.0	3.2
175.846	176.256	336.2	297.1	25.0	1600.0	0.0
176.274	176.374	444.5	342.2	2.0	1600.0	43.9
176.948	177.208	239.3	292.9	88.5	1600.0	50.8
177.317	177.507	327.0	442.2	131.0	1600.0	43.9
177.748	177.928	336.3	373.8	8.0	1600.0	1600.0
178.403	178.623	342.8	311.3	0.0	1600.0	1600.0
178.687	178.777	361.1	400.0	0.0	1600.0	1600.0
178.967	179.037	359.4	443.8	13.0	1600.0	1600.0
179.056	179.436	282.2	381.1	0.0	1600.0	1600.0
179.513	179.863	231.7	265.2	49.0	1600.0	1600.0
179.904	179.984	600.1	543.6	2.0	1600.0	1600.0
180.002	180.102	582.8	525.4	0.0	1600.0	1600.0
180.172	180.282	573.6	540.6	0.0	1600.0	1600.0
180.373	180.443	665.3	637.4	0.0	1600.0	1600.0
180.575	180.955	471.9	464.0	0.0	1600.0	1600.0
181.036	181.246	628.2	606.0	0.0	1600.0	1600.0
181.266	181.446	582.6	538.4	0.0	1600.0	1600.0
181.551	181.771	601.0	576.3	0.0	1600.0	1600.0
181.841	182.061	393.8	439.3	0.0	1600.0	112.8
182.083	182.253	404.9	450.6	0.0	1600.0	119.5
182.265	182.675	412.0	453.6	0.0	1600.0	103.1
182.691	182.871	527.3	461.2	0.0	1600.0	218.7
182.882	183.092	569.9	490.8	0.0	1600.0	240.6
183.125	183.255	363.5	378.5	43.1	1600.0	0.0
183.29	183.39	274.9	376.2	1600.0	1600.0	10.0
183.464	183.564	299.9	365.1	1600.0	1600.0	0.0
183.603	183.843	295.7	208.0	1600.0	1600.0	109.7
184.014	184.094	278.6	325.0	0.0	1600.0	44.7
184.11	184.24	311.0	371.0	5.8	1600.0	13.9
184.264	184.354	309.3	386.0	28.0	1600.0	5.0
184.391	184.511	307.4	400.0	41.6	1600.0	1.0
184.532	184.772	313.5	414.0	51.2	1600.0	1600.0
184.814	185.294	330.2	396.0	25.5	1600.0	2.0
185.391	186.071	302.9	448.1	46.2	1600.0	1600.0
186.081	186.441	338.6	496.0	58.1	1600.0	1600.0
186.461	186.821	344.9	509.0	71.0	1600.0	1600.0
186.829	187.259	310.9	464.0	9.0	1600.0	1600.0
187.282	187.832	335.2	460.2	0.0	1600.0	1600.0
187.878	188.198	327.5	465.3	0.0	1600.0	1600.0
188.237	188.327	331.3	219.6	0.0	1600.0	1600.0
188.4	189.12	353.5	204.7	0.0	1600.0	1600.0
189.207	189.477	324.2	472.2	0.0	1600.0	1600.0
189.496	190.186	333.7	493.0	25.0	1600.0	1600.0
190.211	191.041	317.1	460.6	35.0	1600.0	1600.0
191.11	191.42	396.6	234.4	0.0	1600.0	1600.0
191.476	191.706	319.6	455.2	42.9	1600.0	1600.0
192.729	192.969	316.6	452.6	77.8	1600.0	0.0
193.258	193.388	287.8	445.3	66.1	1600.0	5.8
193.617	193.727	319.2	435.2	52.0	1600.0	1600.0
193.745	193.825	243.0	405.1	39.8	1600.0	1600.0
193.848	193.988	333.1	440.3	42.0	1600.0	1600.0
194.048	194.138	331.5	404.0	0.0	1600.0	1600.0
194.175	194.265	321.4	413.0	1.0	1600.0	1600.0
194.328	194.438	305.0	425.2	12.0	1600.0	1600.0
194.474	194.744	329.0	466.8	258.0	1600.0	1600.0
194.767	195.137	308.0	471.5	267.0	1600.0	1600.0
195.225	195.425	229.9	280.9	105.0	1600.0	1600.0
195.476	195.706	273.7	322.9	119.0	1600.0	1600.0
195.724	195.854	271.9	292.4	0.0	1600.0	1600.0
195.897	195.977	369.8	164.2	0.0	1600.0	1600.0
195.996	196.146	358.8	188.5	0.0	1600.0	1600.0
196.317	196.547	389.7	163.7	30.3	1600.0	1600.0
196.595	196.695	322.4	226.8	0.0	1600.0	1600.0
196.847	197.207	290.0	545.0	230.9	1600.0	1600.0
197.243	197.373	323.4	536.2	216.3	1600.0	1600.0
197.522	197.652	271.8	369.0	64.0	1600.0	1600.0
197.675	198.055	263.8	484.1	184.2	1600.0	1600.0
198.113	198.303	268.9	513.6	216.1	1600.0	1600.0
198.386	198.616	310.5	560.4	227.4	1600.0	1600.0
198.632	198.722	361.3	1600.0	89.0	1600.0	0.0
198.785	198.925	328.3	1600.0	219.5	1600.0	0.0
198.996	199.416	882.0	1600.0	197.7	1600.0	1600.0
199.51	201.909	294.7	1600.0	263.0	1600.0	1600.0
201.994	203.013	304.6	1600.0	266.1	1600.0	0.0
203.061	203.321	328.6	1600.0	0.0	1600.0	238.4
203.373	203.443	302.3	1600.0	251.0	1600.0	2.2
203.46	204.859	296.5	1600.0	221.1	1600.0	1600.0
204.897	205.187	273.9	1600.0	180.0	1600.0	1600.0
205.28	205.37	271.1	457.2	180.5	1600.0	1600.0
205.39	205.73	264.6	374.9	96.0	1600.0	1600.0
205.752	206.062	253.9	272.8	7.0	1600.0	1600.0
206.092	206.392	187.0	434.6	141.9	1600.0	1600.0
206.498	206.848	280.5	377.8	23.0	1600.0	1600.0
206.881	207.351	244.1	517.5	189.1	1600.0	1600.0
207.366	207.586	284.0	460.2	104.0	1600.0	1600.0
207.619	208.179	286.4	324.7	0.0	1600.0	1600.0
208.56	208.97	245.2	523.1	187.9	1600.0	1600.0
209.026	209.296	223.0	525.4	210.1	1600.0	1600.0
209.315	209.785	273.7	483.0	149.0	1600.0	1600.0
209.827	209.957	274.1	507.4	186.0	1600.0	1600.0
210.164	210.324	284.6	378.0	65.0	1600.0	1600.0
210.395	210.885	265.2	509.1	248.0	1600.0	1600.0
210.999	211.149	264.5	499.3	258.0	1600.0	1600.0
211.224	211.444	264.5	361.6	0.0	1600.0	1600.0
211.548	211.758	322.5	198.7	0.0	1600.0	1600.0
211.774	212.154	215.0	262.7	5.0	1600.0	1600.0
212.218	212.358	268.6	254.3	61.5	1600.0	1600.0
212.383	212.593	238.2	470.7	52.0	1600.0	24.7
212.614	212.684	234.6	428.8	0.0	1600.0	41.4
212.918	213.028	333.0	315.5	0.0	1600.0	1600.0
213.047	213.127	218.2	277.8	0.0	1600.0	1600.0
213.217	213.407	423.7	310.9	0.0	1600.0	1600.0
213.707	213.827	251.8	308.7	0.0	928.7	1600.0
213.844	213.954	276.0	304.2	0.0	1600.0	193.6
214.023	214.203	336.0	235.2	0.0	1600.0	260.1
214.267	214.447	375.3	363.4	0.0	952.2	176.1
214.467	214.547	344.6	298.8	0.0	1600.0	200.4
214.567	214.757	328.5	306.3	0.0	1600.0	170.5
214.824	214.944	329.9	291.2	0.0	1600.0	183.6
215.012	215.302	350.4	221.4	0.0	1600.0	253.1
215.396	215.596	406.2	325.3	0.0	1600.0	216.5
215.663	215.923	346.1	307.1	0.0	1600.0	167.3
215.946	216.196	305.6	293.5	0.0	1600.0	149.9
216.206	216.596	435.3	375.6	0.0	11.4	196.1
216.652	216.752	626.2	509.3	0.0	1600.0	298.4
217.852	217.932	445.7	420.1	61.5	1600.0	37.0
218.135	218.355	604.4	408.8	0.0	1600.0	254.9
218.591	218.771	388.2	247.5	0.0	1600.0	133.1
218.833	219.013	389.8	248.7	0.0	1600.0	122.0
219.132	219.222	463.0	323.9	0.0	1600.0	151.5
219.239	219.559	417.1	310.1	0.0	1600.0	145.2
219.604	219.794	339.0	559.5	142.1	1600.0	443.1
219.814	219.894	340.6	558.3	85.0	1600.0	1600.0
219.931	220.171	366.4	534.5	33.0	1600.0	326.0
220.191	220.661	358.4	522.2	0.0	1600.0	285.8
220.691	220.921	346.0	362.4	0.0	1600.0	1600.0
220.951	221.121	363.2	257.2	0.0	1600.0	1600.0
221.159	221.579	385.3	243.4	0.0	1600.0	1600.0
221.623	221.993	291.4	494.6	0.0	1600.0	1600.0
222.011	222.281	267.7	499.6	0.0	1600.0	1600.0
222.301	222.491	308.7	498.6	0.0	1600.0	1600.0
222.532	222.692	363.7	280.0	0.0	1600.0	1600.0
222.709	222.929	408.3	228.0	0.0	1600.0	1600.0
223.027	223.557	306.9	244.2	0.0	1600.0	67.4
223.581	223.791	308.5	225.1	0.0	1600.0	219.3
223.807	224.337	312.6	261.6	0.0	1600.0	146.1
224.401	224.591	380.1	383.3	0.0	1600.0	136.0
224.631	224.821	432.6	449.9	0.0	1600.0	130.2
225.087	225.437	404.9	372.6	0.0	1600.0	161.9
225.49	225.57	367.7	403.1	0.0	1600.0	87.0
225.608	225.858	372.4	396.5	0.0	922.9	111.6
225.88	226.11	384.1	377.6	0.0	1600.0	138.3
226.13	226.24	387.9	360.3	0.0	1600.0	155.2
226.257	226.407	380.5	377.4	0.0	1600.0	127.5
226.426	226.666	388.4	414.7	0.0	1600.0	91.6
226.689	226.879	392.5	360.6	0.0	1600.0	142.3
226.899	227.079	388.7	338.1	0.0	1600.0	159.0
227.094	227.224	372.0	400.5	0.0	1600.0	82.5
227.268	227.498	388.2	405.0	0.0	1600.0	87.1
227.519	227.609	388.7	392.5	0.0	1600.0	111.4
228.049	228.129	391.5	394.7	0.0	1600.0	106.1
228.216	228.296	403.6	403.7	0.0	924.0	126.4
228.476	228.736	396.9	376.9	0.0	888.5	157.3
228.755	228.885	382.0	438.6	0.0	1600.0	84.6
228.966	229.176	372.9	376.2	0.0	1600.0	128.0
229.194	229.704	383.5	386.1	0.0	1600.0	126.6
229.746	229.996	362.7	362.7	0.0	1600.0	143.6
230.015	230.125	383.5	363.7	0.0	1600.0	163.0
230.164	230.404	380.4	368.6	0.0	1600.0	159.5
230.785	230.855	542.6	524.2	0.0	1600.0	239.7
230.883	231.163	366.4	352.4	0.0	882.0	174.4
231.174	231.334	332.6	403.4	0.0	1600.0	73.3
231.377	231.557	362.2	333.6	0.0	1600.0	179.5
231.655	231.805	560.3	530.3	0.0	1600.0	248.9
232.014	232.394	324.1	305.2	0.0	1600.0	177.3
232.416	232.876	275.9	299.0	0.0	1600.0	142.4
232.913	233.063	519.9	490.6	0.0	1600.0	235.2
233.103	233.403	570.1	555.8	0.0	1600.0	251.1
233.621	233.721	273.1	254.4	0.0	1600.0	149.6
233.746	233.946	296.8	190.8	0.0	1600.0	167.3
234.015	234.165	411.3	197.2	6.0	923.6	242.5
234.183	234.313	496.7	242.4	0.0	1019.7	307.0
234.522	234.622	579.7	244.4	0.0	1111.9	1600.0
234.695	234.935	594.0	268.6	0.0	1152.7	385.7
235.041	235.201	554.1	0.0	365.3	956.6	646.9
235.391	235.521	549.3	0.0	433.2	919.7	1600.0
235.54	235.66	568.6	1600.0	426.6	944.7	1600.0
235.684	235.824	583.2	1600.0	410.9	975.6	1600.0
235.844	235.974	601.6	0.0	432.5	1000.0	1600.0
235.991	236.271	512.3	0.0	431.0	954.4	1600.0
236.414	236.494	664.4	0.0	429.7	1125.5	1600.0
236.531	236.611	675.6	0.0	420.1	1152.8	1600.0
236.802	237.342	608.7	0.0	388.6	1063.6	1600.0
237.364	237.644	613.3	0.0	245.4	1600.0	605.2
237.79	237.89	813.6	496.4	0.0	1600.0	481.4
237.963	238.043	776.6	673.5	0.0	1600.0	514.3
238.099	238.259	615.1	226.1	0.0	1600.0	1600.0
238.282	238.362	565.6	225.0	0.0	1600.0	1600.0
238.383	238.943	614.5	513.4	0.0	1600.0	1600.0
239.058	239.218	655.6	555.2	0.0	1600.0	1600.0
239.26	239.46	684.3	565.7	0.0	1600.0	478.1
239.51	239.73	653.5	308.1	0.0	1600.0	432.2
239.752	240.162	604.2	247.1	0.0	1600.0	416.2
240.302	240.392	572.5	241.0	0.0	1600.0	387.7
240.43	240.54	584.1	232.4	0.0	1600.0	407.1
240.56	240.91	617.9	226.9	0.0	1600.0	450.5
240.95	241.4	576.9	232.6	0.0	1600.0	1600.0
241.411	241.611	652.5	284.1	0.0	1600.0	1600.0
241.631	241.931	675.5	311.9	0.0	1600.0	459.2
241.938	242.188	628.8	295.4	0.0	1600.0	401.0
242.297	242.807	619.3	304.3	0.0	1600.0	402.4
242.868	243.028	566.8	0.0	363.0	1600.0	633.2
243.046	243.206	652.1	0.0	377.3	1600.0	695.2
243.227	243.307	571.7	0.0	350.0	1600.0	624.8
243.325	243.605	477.4	0.0	319.8	1600.0	539.0
243.709	243.929	628.6	273.2	0.0	1600.0	1600.0
244.036	244.166	583.6	215.8	0.0	1600.0	415.0
244.247	244.757	567.1	220.0	0.0	1600.0	395.1
244.799	244.909	588.7	225.6	0.0	1600.0	411.2
244.925	245.015	597.0	221.5	0.0	1600.0	433.7
245.039	245.199	540.9	237.0	0.0	1600.0	366.3
245.249	245.409	629.7	285.7	0.0	1600.0	429.2
245.499	245.659	664.6	308.8	0.0	1600.0	455.7
245.669	246.029	633.5	315.7	0.0	1600.0	411.7
246.044	246.154	699.4	372.1	0.0	1600.0	451.6
246.178	246.448	763.8	403.6	0.0	1600.0	1600.0
246.468	246.728	778.5	425.2	0.0	1600.0	512.0
246.766	246.986	774.3	718.0	0.0	1600.0	461.1
247.025	247.235	717.7	1600.0	0.0	1600.0	425.5
247.253	247.403	784.4	389.6	0.0	1600.0	528.3
247.464	247.954	716.5	360.9	0.0	1600.0	474.7
247.997	248.457	719.8	625.3	0.0	1600.0	468.8
248.472	248.602	705.0	653.4	0.0	1600.0	1600.0
248.672	249.052	662.9	617.9	0.0	1600.0	400.1
249.072	249.272	688.8	626.9	0.0	1600.0	434.0
249.367	249.617	707.4	630.8	0.0	1600.0	457.0
249.631	249.861	717.0	648.6	0.0	1600.0	457.0
249.942	250.172	648.9	266.2	0.0	1600.0	468.3
250.196	250.446	691.8	313.4	0.0	1600.0	488.3
250.462	250.652	677.6	312.8	0.0	1600.0	460.9
250.694	251.194	875.0	578.3	0.0	1600.0	553.7
251.213	251.353	796.8	729.0	0.0	1600.0	509.1
251.47	251.61	526.3	1600.0	435.4	1600.0	639.2
251.625	251.725	551.4	1600.0	443.4	1600.0	670.2
251.741	251.821	551.5	0.0	423.0	1600.0	657.0
251.885	251.995	479.8	0.0	422.6	854.7	615.2
252.075	252.245	1071.6	0.0	526.7	816.0	701.4
252.282	252.542	1158.9	2.2	509.8	922.6	1600.0
252.754	252.834	1450.2	88.5	490.0	1194.8	1600.0
252.861	253.041	684.4	1600.0	456.4	1117.2	1600.0
253.082	253.172	736.8	0.0	439.2	1160.8	1600.0
253.211	253.291	707.0	0.0	454.7	1096.4	1600.0
253.343	253.463	529.3	0.0	343.8	947.1	1600.0
253.484	253.594	499.5	0.0	309.0	916.8	575.3
253.76	253.87	408.9	0.0	250.7	834.0	466.1
253.893	253.963	398.0	0.0	253.6	815.1	472.3
254.034	254.124	605.2	0.0	286.5	993.6	636.5
254.14	254.25	576.9	0.0	266.4	966.5	610.5
254.294	254.384	566.4	0.0	270.8	947.8	1600.0
254.461	254.721	396.0	0.0	254.1	775.7	463.2
254.742	254.992	457.7	0.0	284.0	813.0	1600.0
255.053	255.613	402.9	0.0	256.1	772.7	466.8
255.621	255.851	368.7	0.0	272.8	738.9	1600.0
255.892	256.242	571.2	0.0	263.4	943.7	1600.0
256.279	256.419	501.5	0.0	240.0	882.6	533.9
256.438	256.828	430.7	0.0	231.4	829.8	1600.0
256.848	256.938	548.5	0.0	189.4	974.1	537.4
256.958	257.068	557.0	6.3	169.1	1600.0	521.9
257.09	257.27	650.6	43.4	174.4	1600.0	589.8
257.427	257.537	726.0	400.6	0.0	1600.0	463.6
257.648	257.908	605.1	264.9	0.0	1600.0	1600.0
257.952	258.192	619.0	270.8	0.0	1600.0	417.1
258.207	258.377	622.1	298.5	0.0	1600.0	405.0
258.418	258.828	763.4	468.4	0.0	1600.0	479.7
258.906	259.256	773.9	462.4	0.0	1600.0	501.7
259.289	259.489	648.1	284.2	0.0	1600.0	443.5
259.561	260.141	612.3	230.3	0.0	1600.0	429.6
260.156	260.416	577.7	188.2	0.0	1600.0	424.6
260.52	260.73	523.3	196.0	15.2	1600.0	360.2
260.75	260.83	502.2	189.0	3.0	1600.0	350.1
260.869	261.279	472.8	156.0	19.2	1600.0	343.8
261.3	261.83	573.6	204.5	0.0	1600.0	1600.0
261.875	261.955	477.5	170.6	0.0	980.4	376.6
262.039	262.109	442.6	162.1	0.0	1600.0	347.6
262.166	262.236	542.7	380.3	0.0	1600.0	273.1
262.279	262.679	525.8	382.5	0.0	1600.0	253.4
262.698	263.108	505.2	379.7	0.0	1600.0	228.1
263.119	263.329	448.9	368.3	0.0	1600.0	178.2
263.745	263.915	534.1	328.4	0.0	1600.0	285.0
264.094	264.624	387.3	74.0	0.0	925.3	348.6
264.644	264.754	404.5	188.2	0.0	1600.0	273.8
264.793	264.893	568.0	399.4	0.0	1600.0	289.4
264.974	265.204	534.6	441.3	0.0	1600.0	217.4
265.266	265.336	459.2	370.7	0.0	1600.0	175.2
265.927	266.377	444.1	376.5	0.0	1600.0	155.5
266.437	266.727	458.3	394.2	0.0	1600.0	159.8
266.747	266.967	438.4	382.6	0.0	1600.0	149.2
266.972	267.222	472.9	350.0	0.0	1600.0	1600.0
267.266	267.716	384.8	142.1	0.0	1600.0	306.2
267.743	267.823	507.2	144.4	0.0	1600.0	1600.0
267.882	267.952	492.2	152.7	0.0	1600.0	358.4
268.035	268.225	443.7	357.5	0.0	1600.0	151.9
268.303	268.493	383.0	204.6	0.0	1600.0	238.2
268.555	268.775	548.5	296.1	0.0	1600.0	318.3
268.805	268.975	592.4	450.3	0.0	1600.0	265.7
269.093	269.163	584.1	467.8	0.0	1600.0	243.4
269.212	269.452	366.2	179.5	0.0	1600.0	249.3
269.493	269.743	349.8	142.6	0.0	1600.0	265.2
269.822	270.012	466.3	116.4	0.0	1600.0	387.1
270.035	270.605	418.2	52.0	0.0	923.1	389.6
270.794	270.974	464.1	83.0	0.0	961.1	1600.0
271.031	271.371	452.2	68.6	0.0	954.8	419.5
271.41	271.59	648.1	0.0	218.2	1079.3	1600.0
271.61	271.91	560.8	0.0	156.8	1001.8	587.3
271.952	272.482	332.9	107.7	0.0	864.1	294.6
272.503	272.893	384.3	157.1	0.0	1600.0	288.6
272.959	273.029	574.7	477.9	0.0	1600.0	261.5
273.053	273.543	579.1	462.3	0.0	1600.0	268.0
273.598	273.788	557.3	439.2	0.0	1600.0	256.1
273.899	273.969	439.9	373.9	0.0	1600.0	161.0
274.162	274.252	313.6	131.2	0.0	1600.0	283.3
274.308	274.518	360.9	103.6	0.0	906.0	318.1
274.557	274.807	419.2	78.0	0.0	960.6	354.9
274.847	275.107	452.6	113.0	0.0	999.1	365.4
275.128	275.368	443.2	109.0	0.0	979.4	363.0
275.452	275.622	620.4	0.0	209.4	1600.0	651.4
275.681	275.921	569.1	0.0	135.6	1600.0	568.7
276.36	276.66	576.9	431.0	0.0	1600.0	256.8
276.717	276.807	516.3	0.0	72.1	1600.0	509.9
276.831	277.041	595.0	0.0	179.5	1600.0	618.7
277.056	277.386	591.6	0.0	148.5	1600.0	588.0
277.505	277.745	613.2	465.0	0.0	1600.0	282.6
277.77	278.01	575.2	433.0	0.0	1600.0	260.4
278.026	278.346	571.0	425.0	0.0	1600.0	257.0
278.37	278.66	459.7	341.9	0.0	1600.0	173.2
278.73	278.8	373.8	110.0	0.0	1600.0	299.8
278.878	278.978	369.3	111.2	0.0	913.7	294.2
279.019	279.309	344.1	156.1	0.0	1600.0	241.1
279.415	279.525	656.2	522.0	11.0	1600.0	307.1
279.549	279.809	608.2	464.2	0.0	1600.0	279.1
280.099	280.179	551.0	444.0	0.0	1125.5	258.8
280.226	280.476	433.2	170.0	0.0	981.1	310.0
280.514	280.624	423.1	88.0	0.0	943.7	365.7
280.646	280.826	461.4	74.0	0.0	968.9	408.1
280.937	281.207	1186.7	0.0	208.8	953.2	611.8
281.265	281.375	1127.7	1600.0	186.1	912.3	573.3
281.478	281.628	1188.9	1600.0	0.0	939.0	174.5
281.795	281.875	396.1	1600.0	0.0	914.9	341.5
281.998	282.158	552.1	198.0	513.8	803.0	1600.0
282.175	282.275	563.9	137.5	506.7	842.6	1600.0
282.298	282.428	597.1	1600.0	1600.0	952.2	1600.0
282.445	282.895	613.4	0.0	299.5	1025.3	1600.0
283.013	283.123	770.3	0.0	385.4	1156.6	1600.0
283.145	283.245	769.6	2.2	379.8	1161.0	1600.0
283.435	283.615	448.4	0.0	194.1	800.8	1600.0
283.713	283.953	453.8	0.0	143.3	832.3	520.8
283.993	284.343	436.4	0.0	118.4	836.3	498.1
284.386	284.476	399.1	0.0	99.4	816.8	461.4
284.532	284.782	371.1	0.0	95.9	796.5	439.5
284.812	284.922	1200.0	0.0	194.6	956.9	602.5
284.946	285.146	593.2	0.0	231.0	986.4	632.2
285.165	285.725	467.1	0.0	131.7	875.8	515.5
285.865	286.015	365.9	161.0	0.0	890.5	269.1
286.035	286.295	400.8	110.1	0.0	909.1	342.7
286.44	286.85	442.9	197.2	0.0	973.5	309.6
286.89	286.97	444.7	189.2	0.0	1600.0	318.5
287.014	287.644	430.7	254.0	0.0	982.1	262.0
287.692	287.942	419.9	250.0	0.0	968.4	246.7
287.961	288.221	402.2	251.4	0.0	1600.0	231.2
288.242	288.932	425.1	246.0	0.0	1600.0	259.3
288.979	289.099	402.1	212.1	0.0	946.6	261.7
289.124	289.294	355.8	133.0	0.0	887.4	290.0
289.309	289.479	331.2	142.6	0.0	867.1	264.1
289.531	289.651	417.9	140.4	0.0	947.1	331.5
289.673	289.973	446.2	53.7	0.0	936.9	405.1
290.0	290.3	405.7	234.0	0.0	952.3	239.5
290.33	290.69	410.2	98.3	0.0	921.5	349.0
290.698	291.038	369.4	105.0	0.0	887.5	306.5
291.072	291.282	460.2	231.0	0.0	1005.7	306.9
291.307	291.577	327.2	215.4	0.0	876.9	180.1
291.591	291.791	287.1	152.1	0.0	827.4	221.2
291.838	292.158	500.5	0.0	155.6	914.0	554.7
292.199	292.349	458.8	0.0	130.1	879.0	514.2
292.368	292.688	541.5	0.0	148.5	965.8	560.0
292.761	293.401	401.2	0.0	108.0	830.9	466.5
293.57	293.73	380.5	0.0	123.5	802.0	464.4
293.78	294.01	592.4	0.0	222.0	988.3	638.5
294.077	294.467	507.0	0.0	157.9	908.0	553.1
294.478	294.678	443.8	0.0	118.0	858.9	503.7
294.697	295.257	425.0	0.0	113.0	847.4	480.8
295.318	295.478	374.9	175.0	0.0	905.3	258.7
295.5	295.69	315.0	201.6	0.0	856.0	180.6
295.756	295.976	436.3	162.8	0.0	962.2	319.9
296.0	296.41	439.1	140.9	0.0	958.4	338.1
296.496	296.626	474.9	343.0	0.0	1026.9	248.6
296.665	297.035	443.4	362.3	0.0	1000.0	200.8
297.097	297.467	309.1	177.5	0.0	847.9	210.9
297.569	297.759	521.1	385.4	0.0	1077.6	287.2
297.805	297.875	537.0	366.8	0.0	1091.4	311.2
297.974	298.074	531.8	398.7	0.0	1090.6	289.0
298.083	298.223	527.0	325.3	0.0	1084.2	323.2
298.248	298.468	524.8	305.3	0.0	1080.2	330.1
298.528	298.608	551.2	306.0	19.0	1108.8	365.1
298.796	298.916	539.9	462.2	0.0	1101.0	264.7
298.933	299.003	542.4	397.4	0.0	1102.4	302.8
299.107	299.177	528.1	399.9	0.0	1088.1	283.0
299.777	300.027	407.0	198.0	0.0	938.7	281.5
300.045	300.305	407.2	220.6	0.0	944.1	261.6
300.347	300.767	383.3	128.0	0.0	900.5	309.7
300.792	300.972	416.3	218.6	0.0	954.9	272.3
301.014	301.304	440.5	196.3	0.0	974.0	306.8
301.313	301.573	431.2	267.5	0.0	976.3	253.5
302.044	302.204	533.1	0.0	151.4	955.0	573.5
302.216	302.296	585.9	0.0	201.2	995.9	618.8
302.432	302.642	631.5	0.0	232.2	1048.3	646.8
302.912	303.012	621.3	0.0	194.7	1062.1	609.5
303.056	303.346	514.8	0.0	123.7	947.1	536.7
303.365	303.605	498.3	0.0	114.0	933.5	522.6
303.645	304.025	424.4	0.0	98.0	856.2	478.2
304.034	304.184	380.3	0.0	90.3	818.5	446.8
304.234	304.304	369.4	172.6	0.0	901.8	262.1
304.365	304.875	405.5	224.0	0.0	946.7	257.2
304.913	305.183	415.6	253.3	0.0	964.5	253.2
305.21	305.49	380.1	106.4	0.0	892.5	318.3
305.613	305.823	328.1	75.5	0.0	834.4	303.8
305.893	306.173	488.7	300.5	0.0	1031.3	299.0
306.383	306.503	498.7	323.5	0.0	1056.4	293.9
306.51	306.76	451.1	341.0	0.0	1009.8	230.2
307.26	307.35	525.1	336.8	0.0	1080.7	311.5
307.392	307.532	518.4	330.1	0.0	1072.5	304.9
307.553	307.753	469.9	355.6	0.0	1026.6	240.2
307.9	308.09	416.4	248.6	0.0	964.9	253.2
308.109	308.659	412.2	223.1	0.0	958.3	261.2
308.96	309.03	521.3	408.6	0.0	1078.2	270.1
309.142	309.402	525.1	442.0	0.0	1082.6	256.4
309.519	309.739	391.5	144.0	0.0	921.2	312.0
309.761	309.861	392.9	168.0	0.0	1600.0	293.5
309.932	310.092	401.0	177.0	0.0	931.2	290.3
310.19	310.54	522.9	0.0	151.2	938.5	550.3
311.099	311.219	411.7	1600.0	0.0	1600.0	299.1
311.447	311.557	433.3	1600.0	0.0	961.3	294.9
311.596	311.716	400.1	1600.0	0.0	929.4	296.8
312.12	312.2	723.9	0.0	374.6	1123.3	794.8
312.229	312.389	585.6	0.0	248.8	1010.9	662.7
312.577	312.647	501.3	1600.0	0.0	1106.8	257.2
312.67	312.76	512.2	338.4	0.0	1600.0	254.1
312.769	312.909	532.7	1600.0	0.0	1141.7	304.0
313.077	313.247	646.9	1600.0	312.2	1055.3	742.1
313.268	313.388	579.2	0.0	266.1	1002.3	692.2
313.485	313.555	689.1	0.0	336.1	1108.1	779.4
313.646	313.736	683.9	1600.0	323.5	1115.6	764.3
313.779	313.939	583.1	1600.0	238.5	1048.4	669.6
313.976	314.436	650.8	0.0	281.7	1105.1	724.2
315.046	315.196	646.9	0.0	253.5	1115.6	698.0
315.237	315.557	634.8	1600.0	297.5	1077.0	738.3
315.867	315.977	664.0	0.0	229.2	1172.6	1600.0
316.125	316.235	1432.5	0.0	216.3	1173.8	1600.0
316.295	316.455	1225.6	1600.0	142.0	971.0	1600.0
316.568	316.698	501.3	1600.0	195.6	990.6	1600.0
316.734	316.924	523.9	1600.0	321.0	950.4	1600.0
316.995	317.095	525.4	1600.0	330.0	938.9	1600.0
317.245	317.395	680.1	1600.0	234.2	1160.3	1600.0
317.414	317.524	732.0	1600.0	280.4	1203.9	704.7
317.564	317.644	764.0	1600.0	350.2	1207.3	1600.0
317.667	317.747	1427.6	0.0	335.4	1185.5	742.9
317.794	318.324	564.9	0.0	160.6	1600.0	581.2
318.343	318.743	445.4	0.0	63.2	1600.0	452.0
319.066	319.206	547.2	0.0	106.4	1600.0	533.8
319.272	319.362	470.1	333.6	0.0	1600.0	250.1
319.492	319.602	523.3	399.2	0.0	1600.0	279.7
319.646	319.916	532.0	365.2	0.0	1600.0	298.2
319.935	320.075	500.0	360.1	0.0	1600.0	268.5
320.105	320.275	417.8	208.1	0.0	1600.0	280.9
320.331	320.551	375.7	222.8	0.0	1600.0	245.3
320.611	320.721	456.5	199.3	0.0	1600.0	318.7
320.745	320.865	423.5	215.9	0.0	1600.0	287.4
320.915	321.075	390.1	105.0	0.0	1600.0	333.2
321.094	321.494	308.5	126.6	0.0	1600.0	258.1
321.51	321.92	413.4	101.7	0.0	1600.0	350.6
321.992	322.162	556.3	0.0	143.7	1600.0	574.7
322.281	322.371	498.0	0.0	79.3	1600.0	508.8
322.404	322.544	389.8	98.0	0.0	1600.0	326.8
322.559	322.809	410.9	90.0	0.0	1600.0	349.0
322.854	323.434	401.1	97.1	0.0	1600.0	340.0
323.564	323.944	395.5	99.0	0.0	1600.0	318.3
323.96	324.04	373.0	111.6	0.0	1600.0	294.2
324.263	324.763	532.4	391.0	0.0	1600.0	279.9
324.783	324.873	532.6	364.8	0.0	1600.0	304.9
324.932	325.142	514.3	371.4	0.0	1600.0	285.2
325.218	325.438	288.3	74.6	0.0	1600.0	292.8
325.553	325.953	518.7	0.0	97.8	954.5	515.1
326.467	326.537	553.0	392.8	0.0	1600.0	313.7
326.592	326.672	520.1	372.6	0.0	1600.0	283.7
326.707	326.787	522.8	400.7	0.0	1600.0	276.1
326.87	326.98	570.8	418.2	0.0	1600.0	327.5
326.998	327.488	549.8	393.4	0.0	1600.0	310.5
327.527	327.897	520.4	384.2	0.0	1600.0	284.0
327.958	328.038	510.2	369.0	0.0	1600.0	279.0
328.279	328.449	406.7	157.1	0.0	1600.0	303.2
328.47	328.58	391.3	152.0	0.0	1600.0	297.2
328.617	329.077	359.3	159.5	0.0	1600.0	266.6
329.1	329.28	478.6	235.0	0.0	1600.0	320.4
329.3	329.48	437.9	225.0	0.0	1600.0	289.9
329.545	329.705	544.0	0.0	112.4	1600.0	550.5
329.725	329.965	550.1	0.0	141.5	1600.0	572.2
329.978	330.178	604.4	0.0	194.6	1600.0	621.3
330.21	330.53	491.7	0.0	113.3	907.8	520.8
330.55	330.88	559.8	0.0	149.4	1600.0	578.0
331.129	331.299	427.7	226.0	0.0	956.4	268.2
331.379	331.779	488.0	367.0	0.0	1029.3	257.6
331.935	332.025	494.2	376.0	0.0	1600.0	259.8
332.057	332.357	461.3	222.5	0.0	976.1	304.5
332.429	332.569	472.3	289.1	0.0	1600.0	282.2
332.644	332.864	562.0	0.0	157.5	957.5	576.3
332.878	333.028	485.5	1600.0	102.1	893.5	503.4
333.048	333.908	512.8	1600.0	128.6	910.1	544.2
333.964	334.144	590.1	1600.0	185.8	987.2	607.5
334.196	334.316	713.3	1600.0	327.8	1062.7	743.2
334.337	334.557	692.8	1600.0	312.7	1041.9	728.5
334.612	334.792	418.6	1600.0	0.0	937.3	274.8
334.812	334.972	492.7	1600.0	0.0	1023.9	275.9
334.997	335.287	510.9	1600.0	0.0	1041.1	297.9
335.684	335.794	410.5	230.2	0.0	938.4	268.8
335.834	335.904	395.2	233.3	0.0	922.1	255.0
335.936	336.246	358.1	117.2	0.0	857.8	308.9
336.312	336.422	287.3	140.9	0.0	799.9	254.2
336.456	336.886	411.5	139.0	0.0	914.1	332.1
336.946	337.156	355.0	154.6	0.0	866.6	277.4
337.191	337.431	322.2	167.4	0.0	841.5	245.1
337.486	337.786	411.9	142.2	0.0	919.5	319.3
337.842	337.932	238.3	1600.0	292.8	728.4	26.6
338.145	338.495	529.3	1600.0	126.8	932.8	550.2
338.534	338.814	276.8	1600.0	228.2	624.9	469.5
339.171	339.241	522.8	357.2	0.0	1054.7	303.3
339.54	339.94	541.0	399.3	0.0	1097.1	313.2
340.073	340.183	526.9	413.4	0.0	1600.0	292.9
340.294	340.434	548.4	384.5	0.0	1600.0	329.4
340.66	340.76	520.2	397.3	0.0	1073.9	286.1
341.121	341.261	411.0	42.0	0.0	1600.0	393.4
341.293	341.433	461.1	0.0	67.5	1600.0	483.6
341.533	341.743	408.2	225.2	0.0	1600.0	264.7
341.803	342.033	423.9	231.1	0.0	1600.0	275.6
342.048	342.188	406.3	230.3	0.0	1600.0	259.4
342.29	342.63	446.8	205.1	0.0	977.7	299.7
342.651	342.861	415.8	226.4	0.0	949.9	267.6
342.868	343.288	449.4	239.7	0.0	983.3	284.1
343.311	343.981	422.2	260.3	0.0	1600.0	246.9
343.999	344.389	464.8	268.6	0.0	1001.6	281.6
344.409	344.529	454.6	277.9	0.0	996.7	266.3
344.577	344.827	443.2	288.7	0.0	982.3	246.1
344.871	345.061	475.5	269.1	0.0	1015.7	290.3
345.127	345.227	541.5	371.6	0.0	1087.6	311.4
345.249	345.829	523.6	361.7	0.0	1069.0	292.8
345.848	346.098	441.5	280.9	0.0	1600.0	246.4
346.281	346.381	471.9	1600.0	0.0	1002.7	277.9
346.397	346.507	478.5	1600.0	0.0	1011.6	291.1
346.547	347.077	557.0	1600.0	0.0	1068.4	407.7
347.147	347.297	591.8	1600.0	0.0	1600.0	457.0
347.368	347.478	298.3	391.0	453.0	1600.0	0.0
347.498	347.608	297.9	1600.0	471.1	1600.0	0.0
347.628	347.758	279.0	1600.0	509.1	1600.0	10.0
347.82	348.01	271.4	1600.0	538.4	1600.0	32.1
348.049	348.409	269.8	414.3	514.0	1600.0	2.8
348.448	348.968	269.5	409.4	514.0	1600.0	5.0
349.128	350.887	261.2	374.9	481.0	1600.0	9.8
351.178	351.578	265.0	1600.0	477.0	1600.0	3.6
351.684	352.274	741.1	1600.0	6.1	1600.0	571.3
352.366	352.596	634.6	1600.0	0.0	1116.5	535.0
352.616	352.876	613.0	1600.0	0.0	1120.2	497.7
352.894	353.244	610.0	1600.0	0.0	1117.5	514.9
353.263	353.513	571.8	1600.0	0.0	1059.8	524.6
353.586	353.976	476.0	1600.0	0.0	973.7	373.7
354.052	354.202	536.6	1600.0	0.0	1035.8	397.7
354.262	354.792	491.9	1600.0	0.0	994.3	368.1
354.811	355.151	466.4	1600.0	0.0	971.4	342.8
355.181	355.791	524.3	1600.0	0.0	1056.0	429.5
355.81	355.92	543.4	1600.0	0.0	1086.4	425.5
355.943	356.173	566.1	1600.0	0.0	1106.2	345.1
356.194	356.454	528.2	1600.0	0.0	1067.9	424.9
356.511	356.681	497.9	1600.0	0.0	1014.9	353.3
356.7	356.89	535.2	1600.0	0.0	1072.4	451.2
356.914	357.074	525.8	1600.0	0.0	1056.0	450.6
357.082	357.272	489.0	1600.0	0.0	1001.2	460.3
357.302	357.432	511.3	1600.0	0.0	963.5	571.6
357.454	357.944	492.8	1600.0	0.0	960.0	545.7
358.014	358.244	405.0	1600.0	0.0	886.5	392.6
358.251	358.671	420.8	1600.0	0.0	890.9	523.7
358.709	358.939	446.2	1600.0	0.0	939.3	462.1
358.96	359.28	468.0	1600.0	0.0	953.4	1600.0
359.353	359.483	410.8	1600.0	0.0	940.5	1600.0
359.498	359.588	0.0	1600.0	1600.0	1600.0	1600.0
359.898	359.988	900.4	1600.0	1600.0	618.7	1600.0
360.212	360.282	825.0	1600.0	1600.0	594.2	1600.0
360.352	360.452	754.7	1600.0	1600.0	581.9	1600.0
