,action_change_index_ogd,action,start_time,end_time,action_numbers,change,start_time_action,end_time_action
0,0,Cap Off,800.0,900.0,0,,0.0,4907.0
1,34,Apply Tip,4907.0,5007.0,1,1.0,4907.0,13302.0
2,112,Setting Units,13302.0,13402.000000000002,2,1.0,13302.0,16101.0
3,135,Priming,16101.0,16201.0,3,1.0,16101.0,19659.000000000004
4,165,Setting Units,19659.000000000004,19759.0,2,-1.0,19659.000000000004,20398.0
5,169,Priming,20398.0,20498.0,3,1.0,20398.0,28733.0
6,242,Setting Units,28733.0,28833.000000000004,2,-1.0,28733.0,33141.0
7,279,Injection,33141.0,33241.0,4,2.0,33141.0,36339.0
8,304,Setting Units,36339.0,36439.0,2,-2.0,36339.0,41516.00000000001
9,352,Injection,41516.00000000001,41616.00000000001,4,2.0,41516.00000000001,52559.0
10,451,Remove Tip,52559.0,52648.99999999999,5,1.0,52559.0,62123.99999999999
11,533,Cap On,62123.99999999999,62224.0,6,1.0,62123.99999999999,69719.0
