start_time	end_time	Block	Grid	IFU	Single Shape
0.615	0.735	1600.0	274.5	942.3	1600.0
1.374	1.504	1600.0	700.8	122.3	1600.0
1.554	1.734	1600.0	425.2	35.2	1600.0
1.864	2.074	1600.0	496.1	0.0	1600.0
2.174	2.484	1600.0	427.9	0.0	1600.0
2.514	3.013	1600.0	440.9	0.0	1600.0
3.063	3.833	1600.0	445.0	0.0	1600.0
3.863	4.702	1600.0	543.9	0.0	1600.0
4.732	4.882	1600.0	20.0	378.6	1600.0
5.052	5.172	1600.0	0.0	1063.8	1600.0
5.202	5.432	1600.0	0.0	1600.0	1600.0
5.512	5.672	1600.0	74.7	1600.0	1600.0
5.722	5.852	1600.0	0.0	1600.0	40.0
5.872	6.041	1600.0	0.0	1600.0	45.3
6.081	6.731	1600.0	0.0	779.4	238.9
6.841	7.131	1600.0	0.0	550.0	87.8
7.411	7.75	1600.0	572.9	0.0	225.1
7.84	8.27	1054.5	479.3	60.6	0.0
8.3	8.41	1600.0	655.3	45.0	0.0
8.45	8.63	1600.0	638.4	34.9	0.0
8.66	8.89	1600.0	367.8	0.0	17.0
8.91	9.409	1600.0	354.2	94.0	246.0
9.529	9.889	981.5	647.1	152.3	7.1
9.939	10.009	738.8	714.6	68.0	228.7
10.049	10.129	838.3	827.8	179.8	0.0
10.149	10.259	761.8	901.4	245.4	0.0
10.959	11.158	987.7	535.3	0.0	361.9
11.168	11.238	978.5	517.8	0.0	377.5
11.988	12.158	0.0	1600.0	1047.5	359.9
12.178	12.448	0.0	1600.0	887.1	269.4
12.488	12.638	277.4	1600.0	537.5	112.5
12.678	12.907	0.0	1600.0	796.8	257.3
12.917	13.047	0.0	1600.0	804.8	217.9
13.077	13.327	0.0	1600.0	1012.8	335.9
13.347	13.547	0.0	1600.0	1081.8	430.6
13.577	13.767	0.0	1600.0	1122.5	568.2
13.957	14.287	154.9	1600.0	831.4	550.6
14.467	15.116	0.0	1600.0	911.5	411.8
15.166	15.246	0.0	1600.0	976.6	342.7
15.486	15.756	0.0	1600.0	856.9	361.7
16.305	16.585	1600.0	650.5	50.5	1600.0
16.945	17.075	1600.0	0.0	486.8	1600.0
17.875	17.994	801.9	669.3	0.0	1600.0
18.004	18.404	791.7	609.8	0.0	1600.0
18.434	19.164	1600.0	296.6	49.2	1600.0
19.294	19.464	1600.0	0.0	821.4	1600.0
19.564	19.653	1600.0	0.0	775.4	1600.0
19.673	19.863	1600.0	0.0	700.1	1600.0
19.893	20.063	1600.0	0.0	673.6	1600.0
20.083	20.363	1600.0	104.5	241.0	1600.0
20.393	20.523	1600.0	154.4	195.5	1600.0
20.683	21.912	1600.0	460.9	0.0	1600.0
22.142	22.252	1600.0	0.0	575.8	1600.0
22.272	22.462	1600.0	0.0	569.1	1600.0
22.752	23.761	1600.0	485.0	0.0	1600.0
23.781	24.051	1600.0	464.8	0.0	1600.0
24.081	24.321	1600.0	609.4	0.0	1600.0
24.361	24.541	1600.0	568.1	0.0	1600.0
24.551	24.681	1600.0	590.6	0.0	1600.0
24.701	24.9	1600.0	437.6	12.0	1600.0
24.93	25.08	1600.0	284.0	76.9	1600.0
25.16	25.36	1600.0	0.0	934.0	1600.0
25.39	25.61	1600.0	0.0	972.6	1600.0
25.63	25.79	1600.0	0.0	904.4	1600.0
25.81	26.13	1600.0	0.0	945.7	1600.0
26.15	26.42	1600.0	0.0	463.1	1600.0
26.719	28.648	1600.0	519.5	0.0	1600.0
28.658	29.838	1600.0	836.0	0.0	1600.0
29.857	30.647	1600.0	821.8	0.0	1600.0
30.657	34.065	1600.0	332.6	35.8	1600.0
34.165	34.245	1600.0	193.8	165.5	1600.0
34.475	34.695	1600.0	0.0	852.1	1600.0
34.735	34.984	1600.0	0.0	692.3	1600.0
35.024	35.284	1600.0	0.0	737.4	1600.0
35.324	35.544	1600.0	0.0	838.8	1600.0
35.654	35.914	1600.0	26.0	830.2	1600.0
35.934	36.324	1600.0	85.7	842.2	8.2
36.494	36.634	1600.0	0.0	564.4	498.7
36.654	36.753	1600.0	0.0	400.7	380.1
36.783	36.993	1600.0	177.5	164.2	1600.0
37.033	37.133	1600.0	308.7	35.4	400.3
37.263	37.493	1600.0	420.5	0.0	231.8
37.513	37.623	1600.0	490.2	0.0	157.8
37.713	37.923	1600.0	106.9	225.4	223.0
37.973	38.333	1600.0	585.1	0.0	135.4
38.363	38.552	1600.0	510.6	111.0	39.1
38.582	38.862	1600.0	376.0	100.1	0.0
38.902	39.252	1600.0	503.5	0.0	169.0
39.282	40.381	1600.0	476.1	71.2	11.4
40.621	40.881	1600.0	552.2	0.0	152.4
40.921	41.161	1600.0	439.3	93.4	51.0
41.171	41.341	732.5	795.7	29.0	36.5
41.461	41.531	306.5	1600.0	399.9	105.8
41.8	42.02	0.0	1600.0	860.8	1600.0
42.04	42.64	31.2	1600.0	688.7	1600.0
43.11	43.19	1600.0	0.0	594.6	145.3
43.21	43.38	1600.0	11.0	327.0	396.5
43.609	43.689	1600.0	585.1	19.2	1600.0
43.719	44.079	1600.0	571.9	0.0	1600.0
44.179	44.559	1600.0	367.9	0.0	1600.0
44.659	44.879	1600.0	429.0	0.0	1600.0
44.919	45.109	1600.0	435.6	0.0	1600.0
45.179	45.318	1600.0	448.3	0.0	1600.0
45.328	45.578	1600.0	509.5	0.0	1600.0
45.658	45.758	1600.0	411.4	0.0	1600.0
45.818	46.368	1600.0	133.0	209.1	1600.0
46.518	46.748	1600.0	10.2	833.3	1600.0
46.768	47.227	1600.0	19.1	767.2	1600.0
47.257	47.407	1600.0	0.0	817.2	1600.0
47.427	47.577	1600.0	0.0	782.6	739.4
47.607	47.717	1600.0	0.0	689.2	791.2
47.757	47.897	1600.0	0.0	723.0	933.9
47.987	48.077	1600.0	135.5	206.0	414.3
48.097	48.237	1600.0	76.9	242.6	1600.0
48.507	48.736	1600.0	587.6	0.0	276.8
48.766	49.086	1600.0	584.0	35.0	107.0
49.256	49.446	1600.0	527.3	0.0	162.8
49.476	49.876	1600.0	429.1	23.0	9.0
49.896	50.056	1600.0	531.4	22.8	0.0
50.126	50.545	1600.0	506.7	0.0	204.0
50.585	51.085	1600.0	426.9	55.9	0.0
51.105	51.375	1600.0	522.9	0.0	33.5
51.485	51.585	1600.0	400.1	21.6	126.1
51.625	51.725	1600.0	406.0	32.4	28.4
51.755	51.835	1600.0	565.6	0.0	35.5
51.895	52.204	739.8	651.1	2.0	212.3
52.234	52.574	495.5	1600.0	193.1	191.1
52.704	52.864	29.7	1600.0	1229.8	514.8
52.884	53.084	88.6	1600.0	1274.1	523.2
53.114	53.194	217.6	1600.0	1354.2	673.2
53.214	53.454	78.3	1600.0	1600.0	557.6
53.474	53.614	0.0	1600.0	1600.0	450.3
53.664	54.023	0.0	1600.0	1600.0	310.5
54.033	54.283	0.0	1600.0	907.3	1600.0
54.373	55.462	21.0	1600.0	677.8	199.6
55.842	56.032	1600.0	0.0	530.3	1600.0
56.152	56.242	1080.2	187.0	155.3	1600.0
56.392	56.682	868.8	537.4	0.0	1600.0
56.702	56.812	888.2	557.0	0.0	1600.0
57.361	57.691	1600.0	0.0	429.6	1600.0
57.921	58.121	1600.0	0.0	900.2	1600.0
58.321	58.671	1600.0	0.0	878.9	1600.0
58.701	58.89	1600.0	0.0	683.5	1600.0
58.91	59.09	1600.0	0.0	729.2	1600.0
59.11	59.34	1600.0	0.0	821.0	1600.0
59.37	59.53	1600.0	0.0	932.5	1600.0
59.57	59.74	1600.0	0.0	837.5	1600.0
59.76	59.92	1600.0	119.2	726.2	65.8
59.95	60.12	1600.0	203.6	277.4	359.9
60.14	60.34	1600.0	300.8	179.8	1600.0
60.46	60.529	1600.0	722.6	40.0	1600.0
60.609	61.079	1600.0	607.8	0.0	1600.0
61.149	61.319	1600.0	479.9	0.0	63.6
61.339	61.549	899.1	559.5	0.0	76.0
61.579	61.859	1042.0	466.0	89.9	0.0
61.929	62.049	906.5	622.1	50.2	0.0
62.109	62.358	987.3	507.0	47.9	0.0
62.428	62.588	870.5	661.9	57.6	3.0
62.618	63.098	981.7	529.0	48.4	0.0
63.138	63.418	864.7	508.0	0.0	152.5
63.438	63.947	628.3	680.5	1.0	201.7
64.147	64.457	0.0	1600.0	1022.5	456.1
64.617	64.707	118.1	1600.0	1115.4	1600.0
64.737	64.877	1.0	1600.0	1062.3	1600.0
64.897	64.977	104.7	1600.0	1600.0	1600.0
65.017	65.107	85.0	1600.0	1600.0	1600.0
65.117	65.317	169.0	1600.0	1600.0	1600.0
65.327	65.477	227.8	1600.0	1600.0	1600.0
65.507	65.866	3.6	1600.0	1600.0	1600.0
65.876	66.056	0.0	1600.0	1600.0	1600.0
66.086	66.226	0.0	1600.0	1600.0	1600.0
66.256	66.636	0.0	1600.0	1600.0	1600.0
66.666	66.956	61.7	1600.0	1600.0	1600.0
67.136	67.375	250.0	1600.0	386.4	1600.0
67.385	67.645	78.0	1600.0	532.2	1600.0
67.665	67.825	0.0	1600.0	658.2	1600.0
67.835	68.165	0.0	1600.0	720.3	1600.0
68.185	68.385	0.0	1201.0	598.7	1600.0
68.395	68.715	1600.0	382.6	84.5	1600.0
69.015	69.254	1600.0	0.0	720.2	319.8
69.294	69.784	1600.0	82.0	253.5	1600.0
69.874	69.944	661.8	705.7	19.8	1600.0
70.144	70.224	783.6	500.8	0.0	1600.0
70.644	70.823	794.1	458.3	0.0	1600.0
71.123	71.223	798.5	441.2	0.0	1600.0
71.243	71.383	746.9	539.0	0.0	1600.0
71.603	71.703	778.1	447.2	0.0	1600.0
71.743	72.682	777.4	497.8	0.0	1600.0
72.702	73.162	1600.0	33.0	314.1	1600.0
73.322	73.642	1600.0	0.0	493.9	1600.0
73.682	73.812	1600.0	280.3	113.7	1600.0
73.872	75.111	622.8	943.1	0.0	321.3
75.131	75.451	673.6	566.0	0.0	230.5
75.491	75.771	838.0	525.0	23.4	0.0
75.791	76.13	875.6	478.0	28.6	98.0
76.17	77.0	685.7	691.5	12.0	195.0
77.04	77.24	884.1	441.3	43.0	0.0
77.28	78.009	664.0	732.0	51.7	207.0
78.049	78.269	1600.0	594.6	101.5	312.0
78.459	78.769	1095.4	475.4	253.7	721.6
78.829	78.989	608.7	575.2	0.0	212.1
78.999	79.189	603.5	683.2	5.0	174.6
79.209	79.808	803.2	449.0	0.0	307.4
79.838	80.028	425.7	1600.0	167.0	80.7
80.258	80.398	0.0	1600.0	807.7	381.5
80.408	80.548	0.0	1600.0	874.6	389.2
80.578	80.658	31.4	1600.0	937.1	244.2
80.688	80.898	281.8	1600.0	1600.0	391.5
80.928	81.127	225.0	1600.0	1600.0	376.0
81.167	81.557	114.1	1600.0	1600.0	160.0
81.567	81.857	12.8	1600.0	1600.0	51.0
81.947	82.676	0.0	1600.0	1600.0	134.6
82.686	82.946	0.0	1600.0	1600.0	93.5
82.956	83.546	0.0	1600.0	1600.0	121.1
83.636	83.766	179.8	1600.0	1600.0	1600.0
83.806	83.916	111.8	1600.0	1600.0	1600.0
83.956	84.535	0.0	1600.0	1600.0	1600.0
84.555	84.745	0.0	1600.0	1600.0	1600.0
84.775	85.145	0.0	1600.0	1600.0	1600.0
85.175	85.555	24.4	1600.0	1600.0	1600.0
85.575	86.054	0.0	1600.0	1600.0	90.6
86.084	86.474	0.0	1600.0	1600.0	152.1
86.494	86.754	0.0	1600.0	1600.0	142.9
86.774	87.584	0.0	1600.0	1600.0	210.0
87.604	88.053	0.0	1600.0	1600.0	87.4
88.183	88.303	0.0	1600.0	1600.0	314.1
88.313	88.503	0.0	1600.0	1600.0	320.4
88.523	88.883	143.8	1600.0	1600.0	1600.0
88.923	89.473	0.0	1600.0	1600.0	208.4
89.492	89.702	0.0	1600.0	1600.0	104.4
89.732	90.022	25.0	1600.0	1600.0	1600.0
90.062	90.332	13.5	1600.0	1600.0	1600.0
90.362	91.201	19.2	1600.0	1600.0	1600.0
91.221	91.671	0.0	1600.0	715.3	1600.0
91.701	92.061	0.0	1600.0	688.9	1600.0
92.081	92.321	555.0	683.4	99.0	1600.0
92.351	92.461	1600.0	573.1	0.0	1600.0
92.681	92.801	1156.8	223.0	104.0	1600.0
92.841	93.05	798.8	563.0	0.0	1600.0
93.08	93.17	877.9	504.0	0.0	1600.0
93.3	93.4	784.1	616.0	0.0	1600.0
93.43	93.66	912.4	469.0	0.0	1600.0
93.69	93.91	857.8	483.0	0.0	1600.0
93.92	94.18	792.9	546.0	0.0	1600.0
94.21	94.599	867.2	519.0	0.0	1600.0
94.629	95.059	1600.0	0.0	457.4	1600.0
95.419	95.639	1600.0	0.0	1600.0	1600.0
95.669	95.829	1600.0	0.0	1600.0	1600.0
95.859	96.199	1600.0	35.8	951.8	1600.0
96.229	96.498	862.1	330.0	42.1	1600.0
96.838	97.138	1600.0	461.0	5.4	27.5
97.248	97.398	1600.0	309.0	73.7	0.0
97.408	97.748	1600.0	340.0	52.6	137.0
97.788	98.177	817.9	614.4	0.0	168.5
98.467	98.567	764.6	762.0	133.5	0.0
98.697	98.767	897.2	676.8	63.0	1600.0
98.847	98.967	918.6	525.1	0.0	1600.0
99.137	99.227	612.8	1600.0	210.0	1600.0
99.277	99.367	484.4	1600.0	350.2	215.0
99.706	99.916	0.0	1600.0	927.1	380.6
100.036	100.156	0.0	1600.0	875.2	412.8
100.206	100.426	42.2	1600.0	600.8	276.7
100.436	100.646	66.4	1600.0	712.7	358.2
100.676	100.896	7.8	1600.0	793.5	408.0
100.976	101.146	35.4	1340.4	721.4	436.7
101.276	101.665	0.0	1282.0	628.7	312.2
101.685	101.975	0.0	1600.0	699.6	250.8
102.265	102.415	0.0	1600.0	721.1	72.2
102.455	102.685	0.0	1600.0	691.0	186.1
102.805	102.875	0.0	1600.0	696.4	1600.0
102.905	103.055	0.0	1600.0	743.8	1600.0
103.374	103.644	206.4	1037.4	371.8	1600.0
103.724	103.834	1600.0	632.3	0.0	1600.0
104.064	104.134	1600.0	0.0	652.8	1600.0
104.614	104.923	1600.0	33.0	308.6	1600.0
105.173	105.333	697.3	591.1	25.0	1600.0
105.363	105.563	834.0	445.6	0.0	1600.0
105.603	106.642	857.9	440.0	0.0	1600.0
106.702	107.052	825.1	512.0	0.0	1600.0
107.072	107.162	1600.0	418.0	0.0	1600.0
107.202	107.362	1600.0	364.0	0.0	1600.0
107.392	107.522	1600.0	314.0	39.0	1600.0
107.552	107.822	1600.0	0.0	472.8	1600.0
108.271	108.371	1600.0	0.0	605.3	59.2
108.401	109.011	1600.0	17.7	324.8	1600.0
109.181	110.01	1600.0	546.0	0.0	238.5
110.04	110.42	858.2	579.0	34.0	37.6
110.49	110.58	968.9	517.0	107.0	98.1
110.68	110.84	982.2	444.0	48.3	153.0
110.87	111.31	855.2	569.0	0.0	39.6
111.35	111.52	832.3	587.0	0.0	70.0
111.819	112.399	485.1	818.3	121.0	172.8
112.809	112.989	0.0	1600.0	1018.8	313.7
113.079	113.169	0.0	1600.0	804.4	1600.0
113.209	113.328	0.0	1600.0	899.2	367.5
113.448	113.538	95.7	1600.0	1231.4	292.0
113.718	116.337	0.0	1600.0	901.6	1600.0
116.826	116.926	1600.0	0.0	426.6	1600.0
116.946	117.126	1600.0	535.1	191.4	1600.0
117.456	117.586	1600.0	537.3	0.0	1600.0
117.636	117.806	1600.0	485.1	0.0	1600.0
117.826	117.986	1600.0	409.6	0.0	1600.0
118.016	118.266	1600.0	536.0	0.0	1600.0
118.276	118.366	1600.0	453.1	0.0	1600.0
118.386	120.404	1600.0	467.5	0.0	1600.0
120.434	120.604	1600.0	583.0	0.0	1600.0
120.634	120.764	1600.0	480.0	0.0	1600.0
120.794	121.134	1600.0	586.0	0.0	1600.0
121.174	121.534	1600.0	402.2	0.0	1600.0
121.554	121.704	1600.0	458.0	0.0	1600.0
121.724	121.863	1600.0	94.0	274.0	1600.0
121.873	122.073	1600.0	0.0	544.5	1600.0
122.353	122.513	1600.0	62.9	917.8	1600.0
122.533	122.693	1600.0	0.0	587.5	1600.0
122.713	122.893	1600.0	18.0	357.3	1600.0
123.363	123.742	790.3	658.3	0.0	147.4
123.962	124.082	978.1	522.0	56.1	0.0
124.122	124.212	879.0	612.0	0.0	61.0
124.292	124.492	937.5	578.5	54.7	0.0
124.572	124.692	720.1	743.3	33.0	45.5
124.842	124.972	458.1	1600.0	370.0	59.8
125.182	125.301	0.0	1600.0	1021.5	468.4
125.511	125.611	0.0	1600.0	943.9	502.8
125.651	126.061	0.0	1600.0	893.6	443.4
126.091	127.09	83.0	1600.0	604.5	271.9
127.24	127.31	58.0	1600.0	601.4	316.8
127.32	127.48	58.8	1600.0	652.6	341.2
127.59	127.68	50.5	1600.0	683.4	296.6
127.75	127.91	16.1	1600.0	634.6	139.1
128.1	128.35	0.0	1600.0	895.3	280.0
128.48	128.639	30.4	1600.0	1036.3	458.4
128.659	129.869	10.4	1600.0	933.5	1600.0
129.909	130.408	0.0	1600.0	706.0	1600.0
130.448	130.938	1600.0	478.6	46.0	1600.0
131.378	131.558	1600.0	49.4	302.6	1600.0
131.568	131.768	1050.4	188.1	191.8	1600.0
131.978	132.147	884.9	543.3	0.0	1600.0
132.167	132.377	1600.0	535.8	0.0	1600.0
132.517	132.607	893.5	543.3	0.0	1600.0
132.627	132.927	917.4	464.7	0.0	1600.0
132.937	133.746	1600.0	446.6	0.0	1600.0
133.766	134.126	1600.0	0.0	434.1	1600.0
134.556	134.716	1600.0	0.0	559.8	1600.0
134.836	135.066	1600.0	368.0	66.0	1600.0
135.256	135.805	679.8	633.1	0.0	413.9
136.445	136.605	835.8	544.2	0.0	151.3
136.645	136.895	894.2	615.7	56.3	47.1
136.925	137.134	777.8	712.2	63.1	1.0
137.164	137.234	922.5	545.1	17.0	68.2
137.354	137.754	824.8	503.3	0.0	251.8
137.784	138.104	845.4	612.7	0.0	74.0
138.174	138.324	892.6	611.1	16.1	24.3
138.364	138.524	939.9	602.3	63.8	0.0
138.544	138.804	851.1	695.8	35.5	0.0
138.843	139.153	829.7	542.3	0.0	274.6
139.173	139.273	911.4	482.1	0.0	260.4
139.373	139.523	834.0	546.0	0.0	176.0
139.563	140.043	967.8	585.3	119.0	2.0
140.083	140.323	936.5	531.8	15.1	7.8
140.353	140.642	831.1	534.0	0.0	191.8
140.682	140.892	768.2	710.7	42.0	66.0
140.922	141.202	909.5	568.6	30.0	0.0
141.232	141.532	824.4	536.5	0.0	188.8
141.782	142.132	709.0	641.8	0.0	256.8
142.211	142.331	416.1	1600.0	318.0	161.4
142.461	142.551	61.2	1600.0	1170.6	790.3
142.651	142.821	0.0	1600.0	1051.1	628.7
143.151	143.641	76.1	1600.0	713.8	1600.0
143.681	144.06	1600.0	675.8	223.7	1600.0
144.52	144.7	1600.0	0.0	420.9	1600.0
144.79	145.13	1600.0	2.0	326.2	1600.0
145.33	145.699	1600.0	0.0	408.6	1600.0
145.809	145.889	1600.0	0.0	889.6	1600.0
145.959	146.029	1600.0	0.0	898.8	1600.0
146.249	146.379	1600.0	0.0	476.6	1600.0
146.739	146.899	1600.0	386.0	0.0	1600.0
146.919	147.149	1600.0	298.0	18.4	1600.0
147.318	147.438	1600.0	58.5	797.2	1600.0
147.498	147.578	1600.0	0.0	675.5	1600.0
147.758	147.888	1600.0	0.0	532.0	560.8
148.008	148.158	1600.0	636.2	0.0	35.2
148.178	148.628	789.0	723.7	33.6	30.0
148.638	148.948	881.2	643.3	27.5	0.0
148.978	149.067	1084.7	433.8	83.9	209.4
149.107	149.317	1040.4	453.4	77.8	0.0
149.377	149.477	982.6	544.8	47.4	0.0
149.617	149.867	956.0	573.0	52.5	0.0
149.897	150.107	806.1	690.1	39.3	117.0
150.197	150.577	877.3	530.1	0.0	101.1
150.607	150.816	962.5	531.0	33.3	0.0
150.846	151.076	739.8	774.9	100.3	69.3
151.666	151.756	20.6	1600.0	1127.7	566.6
151.906	151.996	0.0	1600.0	995.7	292.5
152.026	152.306	0.0	1600.0	1149.7	1600.0
152.326	152.515	0.0	1600.0	1055.2	251.8
152.535	152.725	1.0	1600.0	1083.0	299.0
152.765	152.925	26.2	1600.0	929.4	296.7
152.955	153.095	122.8	1600.0	765.8	216.0
153.125	153.465	48.2	1600.0	662.8	31.6
153.515	153.605	9.8	1600.0	721.0	73.3
153.985	154.184	0.0	1600.0	916.8	1600.0
154.214	154.294	0.0	1600.0	966.3	1600.0
154.314	154.434	0.0	1600.0	918.9	1600.0
154.464	154.644	14.0	1600.0	793.1	0.0
154.734	155.813	16.3	1600.0	751.1	1600.0
156.453	156.543	1600.0	0.0	911.8	205.8
156.753	156.883	1600.0	0.0	557.6	1600.0
156.923	157.173	1600.0	0.0	805.3	1600.0
157.193	157.273	1600.0	0.0	831.4	1600.0
157.562	157.712	1600.0	0.0	640.8	1600.0
157.792	158.672	1600.0	0.0	728.6	1600.0
158.712	159.082	1600.0	0.0	415.3	1600.0
159.171	159.321	725.4	565.5	9.2	1600.0
159.351	159.441	770.2	560.7	15.0	1600.0
159.491	159.601	801.6	515.6	1.0	1600.0
159.781	159.861	850.6	410.5	0.0	1600.0
159.891	160.741	818.2	364.8	42.3	1600.0
160.771	161.02	765.9	441.4	144.8	1600.0
161.04	161.3	813.3	383.1	108.6	1600.0
161.32	161.59	985.0	322.4	204.2	1600.0
162.51	163.179	1600.0	1600.0	1600.0	1600.0
163.199	163.509	1600.0	1600.0	1600.0	1600.0
163.699	167.007	1600.0	848.5	1600.0	1600.0
