event_type	start_time	end_time	duration	saccade_amplitude
Fixation	0	175	175	
Fixation	275	495	220	
Fixation	555	1054	500	
Saccade	1124	1154	30	
Saccade	1794	1864	70	
Saccade	1874	1904	30	
Saccade	1974	1984	10	
Saccade	2014	2044	30	
Saccade	2174	2204	30	
Saccade	2294	2314	20	
Saccade	2394	2444	50	
Saccade	2583	2603	20	
Saccade	2703	2743	40	
Saccade	2753	2773	20	
Saccade	2783	2803	20	
Fixation	2803	3383	580	
Saccade	3483	3513	30	
Fixation	3513	5472	1959	
Saccade	5472	5502	30	7.19
Fixation	5502	5822	320	
Saccade	5822	5842	20	5.32
Fixation	5842	6151	310	
Saccade	6151	6231	80	26.04
Fixation	6231	6371	140	
Saccade	6371	6391	20	6.91
Fixation	6391	6471	80	
Saccade	6471	6481	10	
Saccade	6491	6511	20	
Fixation	6511	6651	140	
Saccade	6651	6661	10	1.05
Fixation	6661	6841	180	
Saccade	6841	6871	30	5.62
Fixation	6871	7031	160	
Saccade	7031	7051	20	
Saccade	7111	7121	10	
Fixation	7121	7191	70	
Saccade	7191	7201	10	
Saccade	7231	7251	20	
Saccade	7271	7281	10	
Fixation	7281	7461	180	
Saccade	7461	7511	50	
Saccade	7641	7671	30	
Fixation	8090	8210	120	
Fixation	8290	8450	160	
Saccade	8450	8470	20	3.63
Fixation	8470	8540	70	
Saccade	8540	8570	30	
Saccade	8580	8610	30	
Fixation	8610	8850	240	
Saccade	8850	8910	60	
Saccade	8960	8970	10	
Saccade	9000	9020	20	
Fixation	9020	9150	130	
Saccade	9150	9160	10	
Saccade	9170	9190	20	
Fixation	9190	9469	280	
Saccade	9469	9519	50	
Saccade	9539	9579	40	
Saccade	9589	9609	20	
Saccade	9669	9679	10	
Saccade	9739	9759	20	
Fixation	9759	10239	480	
Saccade	10249	10299	50	
Saccade	10329	10349	20	
Saccade	10369	10389	20	
Saccade	10419	10439	20	
Fixation	10439	10819	380	
Saccade	10819	10829	10	0.6
Fixation	10829	11298	470	
Saccade	11298	11338	40	13.09
Fixation	11338	11718	380	
Saccade	11718	11788	70	13.76
Fixation	11788	12628	839	
Saccade	12628	12688	60	10.59
Fixation	12688	13277	590	
Saccade	13277	13297	20	4.76
Fixation	13297	13527	230	
Saccade	13667	13717	50	
Fixation	13717	13787	70	
Saccade	13787	13807	20	
Saccade	13847	13857	10	
Saccade	13877	13887	10	
Fixation	13887	14017	130	
Saccade	14017	14037	20	
Saccade	14117	14167	50	
Fixation	14167	14237	70	
Saccade	14237	14257	20	3.35
Fixation	14257	14347	90	
Saccade	14347	14397	50	4.32
Fixation	14397	14546	150	
Saccade	14556	14616	60	
Fixation	14616	14816	200	
Saccade	14816	14916	100	29.12
Fixation	14916	15136	220	
Saccade	15136	15146	10	3.55
Fixation	15146	15356	210	
Fixation	15406	15556	150	
Saccade	15616	15646	30	
Fixation	15646	16106	460	
Saccade	16106	16156	50	17.56
Fixation	16156	16965	810	
Saccade	16965	17075	110	
Saccade	17105	17125	20	
Saccade	17185	17205	20	
Saccade	17255	17285	30	
Fixation	17285	17425	140	
Saccade	17425	17435	10	
Saccade	17465	17475	10	
Saccade	17505	17515	10	
Saccade	17545	17555	10	
Saccade	17605	17615	10	
Fixation	17615	18304	690	
Saccade	18304	18344	40	
Saccade	18354	18374	20	
Fixation	18374	18504	130	
Saccade	18504	18524	20	3.99
Fixation	18524	18614	90	
Saccade	18614	18624	10	
Saccade	18644	18664	20	
Fixation	18664	18764	100	
Saccade	18764	18784	20	6.61
Fixation	18784	18934	150	
Fixation	18954	19054	100	
Saccade	19054	19074	20	
Saccade	19124	19154	30	
Fixation	19154	19264	110	
Saccade	19264	19274	10	1.56
Fixation	19274	19883	610	
Saccade	19883	19963	80	
Saccade	19973	19993	20	
Fixation	19993	20253	260	
Saccade	20253	20293	40	
Fixation	20343	20683	340	
Saccade	20683	20703	20	2.8
Fixation	20703	21053	350	
Saccade	21093	21133	40	
Saccade	21153	21173	20	
Fixation	21173	21732	560	
Saccade	21742	21772	30	
Fixation	21912	22122	210	
Fixation	22162	22252	90	
Fixation	22292	22572	280	
Saccade	22572	22632	60	20.6
Fixation	22632	22822	190	
Fixation	22842	23121	280	
Fixation	23141	23231	90	
Saccade	23231	23271	40	12.69
Fixation	23271	23391	120	
Fixation	23441	24141	700	
Fixation	24221	24541	320	
Saccade	24541	24621	80	24.86
Fixation	24621	24711	90	
Saccade	24711	24731	20	
Fixation	24771	24840	70	
Fixation	24910	25020	110	
Saccade	25210	25230	20	
Fixation	25230	25300	70	
Saccade	25320	25380	60	
Fixation	25380	25540	160	
Saccade	25540	25560	20	4.77
Fixation	25560	25680	120	
Saccade	25680	25700	20	
Saccade	25720	25750	30	
Saccade	25760	25770	10	
Saccade	25820	25830	10	
Fixation	25830	25950	120	
Saccade	25970	26000	30	
Fixation	26000	26070	70	
Fixation	26140	26270	130	
Saccade	26370	26390	20	
Saccade	26400	26489	90	
Saccade	26569	26599	30	
Fixation	26619	26729	110	
Fixation	26809	26899	90	
Fixation	26919	27149	230	
Saccade	27149	27169	20	
Saccade	27439	27469	30	
Saccade	27509	27529	20	
Saccade	27539	27549	10	
Saccade	27559	27579	20	
Saccade	27589	27609	20	
Saccade	27629	27649	20	
Saccade	27669	27689	20	
Saccade	27839	27869	30	
Fixation	27889	27999	110	
Fixation	28059	28208	150	
Fixation	28228	28558	330	
Saccade	28558	28598	40	
Fixation	28738	28908	170	
Fixation	28928	29048	120	
Saccade	29048	29088	40	8.23
Fixation	29088	29158	70	
Fixation	29178	29248	70	
Saccade	29578	29608	30	
Saccade	29658	29688	30	
Fixation	29708	29818	110	
Saccade	29818	29838	20	
Fixation	29858	29967	110	
Fixation	29987	30077	90	
Saccade	30087	30117	30	
Fixation	30117	30337	220	
Saccade	30337	30387	50	
Fixation	30427	30537	110	
Fixation	30557	30667	110	
Fixation	30727	30817	90	
Fixation	30837	31077	240	
Fixation	31177	31307	130	
Fixation	31407	31646	240	
Fixation	31686	32286	600	
Saccade	32306	32356	50	
Saccade	32376	32396	20	
Fixation	32396	32486	90	
Fixation	32526	32736	210	
Saccade	32736	32756	20	
Fixation	32796	33026	230	
Saccade	33076	33126	50	
Fixation	33226	33325	100	
Fixation	33345	33585	240	
Fixation	33655	33755	100	
Saccade	33875	33915	40	
Saccade	33975	33985	10	
Fixation	33985	34075	90	
Saccade	34075	34105	30	
Saccade	34245	34265	20	
Fixation	34305	34425	120	
Fixation	34445	34575	130	
Fixation	34595	34705	110	
Fixation	34725	34875	150	
Saccade	34875	34905	30	
Fixation	35005	35234	230	
Fixation	35254	35424	170	
Saccade	35424	35444	20	3.15
Fixation	35444	35624	180	
Fixation	35674	35744	70	
Saccade	35744	35774	30	4.33
Fixation	35774	35924	150	
Fixation	35944	36204	260	
Fixation	36224	36334	110	
Fixation	36394	36564	170	
Fixation	36674	36913	240	
Saccade	37013	37083	70	
Saccade	37103	37123	20	
Fixation	37123	37223	100	
Fixation	37373	37463	90	
Saccade	37463	37483	20	
Saccade	37543	37573	30	
Fixation	37653	37773	120	
Saccade	37773	37793	20	
Fixation	37843	37953	110	
Saccade	37953	37973	20	4.93
Fixation	37973	38183	210	
Fixation	38203	38303	100	
Fixation	38343	38522	180	
Saccade	38572	38602	30	
Saccade	38622	38642	20	
Fixation	38642	38742	100	
Saccade	38762	38782	20	
Saccade	38802	38812	10	
Saccade	38852	38872	20	
Saccade	39002	39042	40	
Saccade	39052	39072	20	
Saccade	39092	39132	40	
Saccade	39212	39232	20	
Fixation	39232	39442	210	
Fixation	39462	39592	130	
Saccade	39592	39622	30	6.64
Fixation	39622	39772	150	
Fixation	39872	39972	100	
Saccade	40161	40181	20	
Saccade	40211	40231	20	
Fixation	40271	40401	130	
Saccade	40491	40521	30	
Saccade	40621	40691	70	
Saccade	40711	40731	20	
Saccade	40751	40771	20	
Saccade	40821	40841	20	
Fixation	40841	41121	280	
Fixation	41141	41241	100	
Fixation	41261	41481	220	
Saccade	41541	41571	30	
Fixation	41571	41751	180	
Fixation	41791	41930	140	
Saccade	41930	41990	60	
Fixation	42070	42320	250	
Saccade	42340	42390	50	
Fixation	42390	42710	320	
Saccade	42770	42800	30	
Fixation	42800	42870	70	
Saccade	43160	43180	20	
Saccade	43240	43270	30	
Saccade	43310	43320	10	
Saccade	43380	43420	40	
Saccade	43470	43500	30	
Saccade	43520	43539	20	
Saccade	43569	43579	10	
Fixation	43579	43699	120	
Fixation	43719	43819	100	
Saccade	43819	43839	20	3.9
Fixation	43839	43949	110	
Saccade	44009	44029	20	
Fixation	44029	44229	200	
Saccade	44229	44249	20	
Fixation	44289	44419	130	
Fixation	44539	44619	80	
Saccade	44619	44639	20	
Fixation	44679	45029	350	
Saccade	45029	45059	30	
Saccade	45109	45129	20	
Fixation	45129	45308	180	
Saccade	45398	45458	60	
Fixation	45508	45748	240	
Saccade	45848	45868	20	
Fixation	45868	46088	220	
Fixation	46188	46318	130	
Saccade	46318	46368	50	
Saccade	46388	46418	30	
Fixation	46478	46708	230	
Fixation	46728	47157	430	
Fixation	47177	47307	130	
Fixation	47327	47417	90	
Fixation	47437	47557	120	
Fixation	47577	47687	110	
Fixation	47707	47837	130	
Fixation	47887	48027	140	
Saccade	48027	48117	90	
Fixation	48157	48247	90	
Saccade	48247	48257	10	1.07
Fixation	48257	48357	100	
Saccade	48487	48497	10	
Saccade	48527	48557	30	
Saccade	48607	48647	40	
Fixation	48706	48786	80	
Saccade	48786	48816	30	
Saccade	48866	48926	60	
Saccade	48936	48966	30	
Saccade	49026	49046	20	
Fixation	49136	49306	170	
Fixation	49326	49406	80	
Saccade	49476	49496	20	
Saccade	49536	49556	20	
Saccade	49566	49576	10	
Saccade	49596	49606	10	
Saccade	49626	49656	30	
Fixation	49696	49806	110	
Saccade	49846	49886	40	
Saccade	49896	49916	20	
Saccade	49926	49946	20	
Saccade	49996	50016	20	
Saccade	50176	50226	50	
Saccade	50246	50286	40	
Saccade	50435	50485	50	
Saccade	50545	50565	20	
Saccade	50585	50615	30	
Saccade	50655	50695	40	
Fixation	50695	50785	90	
Saccade	50785	50805	20	2.19
Fixation	50805	50935	130	
Fixation	50955	51135	180	
Saccade	51135	51165	30	
Saccade	51225	51265	40	
Fixation	51265	51335	70	
Fixation	51355	51465	110	
Fixation	51525	51675	150	
Fixation	51805	51895	90	
Saccade	51895	51905	10	
Fixation	51955	52054	100	
Fixation	52074	52184	110	
Fixation	52204	52284	80	
Saccade	52284	52314	30	
Saccade	52374	52404	30	
Fixation	52404	52574	170	
Saccade	52574	52584	10	2.6
Fixation	52584	52714	130	
Fixation	52754	52924	170	
Fixation	52944	53014	70	
Fixation	53054	53204	150	
Saccade	53204	53234	30	
Fixation	53344	53464	120	
Saccade	53464	53504	40	
Saccade	53524	53554	30	
Saccade	53624	53644	20	
Fixation	53644	53724	80	
Fixation	53744	54113	370	
Saccade	54143	54173	30	
Fixation	54273	54463	190	
Saccade	54463	54503	40	12.64
Fixation	54503	54623	120	
Saccade	54623	54633	10	2.4
Fixation	54633	54893	260	
Fixation	54953	55043	90	
Saccade	55043	55073	30	
Saccade	55083	55123	40	
Fixation	55123	55203	80	
Fixation	55223	55373	150	
Saccade	55462	55492	30	
Fixation	55512	55772	260	
Saccade	55822	55852	30	
Saccade	55922	55942	20	
Fixation	55942	56052	110	
Fixation	56072	56152	80	
Fixation	56212	56282	70	
Fixation	56362	56432	70	
Saccade	56472	56502	30	
Fixation	56502	56592	90	
Saccade	56662	56682	20	
Fixation	56682	56802	120	
Saccade	56902	56932	30	
Saccade	57052	57062	10	
Saccade	57072	57092	20	
Fixation	57092	57231	140	
Saccade	57231	57301	70	
Saccade	57351	57381	30	
Fixation	57421	57491	70	
Saccade	57491	57521	30	7.28
Fixation	57521	57671	150	
Fixation	57691	57801	110	
Saccade	57871	57901	30	
Fixation	57901	58071	170	
Fixation	58111	58181	70	
Saccade	58181	58221	40	
Fixation	58241	58391	150	
Fixation	58411	58521	110	
Fixation	58541	58671	130	
Saccade	58671	58731	60	13.92
Fixation	58731	58861	130	
Saccade	58861	58871	10	3.07
Fixation	58871	58940	70	
Fixation	58960	59050	90	
Fixation	59070	59170	100	
Saccade	59340	59360	20	
Fixation	59360	59430	70	
Fixation	59470	59630	160	
Saccade	59630	59650	20	
Saccade	59770	59790	20	
Fixation	59790	59870	80	
Fixation	59890	59980	90	
Saccade	60070	60090	20	
Fixation	60160	60270	110	
Fixation	60290	60420	130	
Fixation	60460	60609	150	
Saccade	60609	60629	20	0.49
Fixation	60629	60789	160	
Fixation	60859	60969	110	
Fixation	60989	61069	80	
Fixation	61159	61289	130	
Saccade	61339	61369	30	
Fixation	61439	61519	80	
Saccade	61519	61549	30	
Saccade	61589	61619	30	
Fixation	61619	61709	90	
Fixation	61729	61819	90	
Saccade	61819	61839	20	2.98
Fixation	61839	61949	110	
Fixation	62009	62119	110	
Saccade	62139	62169	30	
Saccade	62179	62219	40	
Saccade	62458	62518	60	
Fixation	62678	62908	230	
Fixation	62928	63038	110	
Fixation	63058	63188	130	
Fixation	63208	63378	170	
Saccade	63378	63408	30	
Saccade	63418	63488	70	
Saccade	63508	63528	20	
Saccade	63538	63558	20	
Saccade	63648	63668	20	
Fixation	63668	63987	320	
Saccade	63987	64007	20	
Fixation	64027	64257	230	
Saccade	64257	64277	20	3.62
Fixation	64277	64437	160	
Saccade	64457	64487	30	
Saccade	64637	64677	40	
Fixation	64677	64867	190	
Fixation	64887	65117	230	
Fixation	65177	65267	90	
Fixation	65287	65387	100	
Fixation	65427	65537	110	
Saccade	65537	65557	20	4.71
Fixation	65557	65786	230	
Fixation	65826	66206	380	
Fixation	66226	66336	110	
Fixation	66376	66476	100	
Saccade	66546	66576	30	
Fixation	66626	66726	100	
Saccade	66776	66876	100	
Saccade	66956	66976	20	
Saccade	66996	67016	20	
Saccade	67076	67116	40	
Fixation	67206	67286	80	
Saccade	67286	67306	20	
Fixation	67346	67455	110	
Fixation	67475	67585	110	
Fixation	67605	67855	250	
Fixation	67875	67985	110	
Fixation	68005	68085	80	
Saccade	68145	68175	30	
Fixation	68405	68515	110	
Fixation	68595	68725	130	
Saccade	68795	68815	20	
Fixation	68855	69074	220	
Saccade	69074	69104	30	
Saccade	69144	69164	20	
Fixation	69164	69254	90	
Fixation	69274	69434	160	
Saccade	69444	69514	70	
Saccade	69614	69634	20	
Fixation	69694	69794	100	
Fixation	69854	69924	70	
Fixation	69994	70104	110	
Fixation	70144	70284	140	
Saccade	70304	70354	50	
Saccade	70374	70404	30	
Fixation	70444	70823	380	
Fixation	70893	71083	190	
Saccade	71083	71103	20	
Fixation	71143	71223	80	
Saccade	71273	71293	20	
Fixation	71393	71503	110	
Saccade	71563	71593	30	
Fixation	71673	71833	160	
Fixation	71853	72123	270	
Fixation	72213	72502	290	
Saccade	72502	72532	30	5.53
Fixation	72532	72872	340	
Saccade	72952	72962	10	
Fixation	72962	73412	450	
Saccade	73472	73502	30	
Fixation	73502	73712	210	
Saccade	73712	73742	30	
Saccade	73752	73782	30	
Fixation	73782	73852	70	
Fixation	73872	74022	150	
Fixation	74042	74152	110	
Fixation	74172	74271	100	
Fixation	74361	74501	140	
Saccade	74521	74551	30	
Fixation	74571	74671	100	
Saccade	74671	74701	30	
Fixation	74741	74831	90	
Saccade	74831	74851	20	
Fixation	74891	75051	160	
Saccade	75051	75091	40	
Fixation	75161	75631	470	
Saccade	75631	75651	20	4.61
Fixation	75651	75721	70	
Saccade	75910	75930	20	
Saccade	75940	75960	20	
Fixation	76160	76270	110	
Saccade	76370	76390	20	
Saccade	76470	76500	30	
Fixation	76570	76670	100	
Saccade	76670	76700	30	
Fixation	76770	76870	100	
Fixation	76890	77050	160	
Saccade	77050	77060	10	
Fixation	77120	77250	130	
Fixation	77390	77570	180	
Saccade	77629	77649	20	
Fixation	77669	77789	120	
Fixation	77829	77919	90	
Fixation	77959	78039	80	
Saccade	78039	78059	20	
Saccade	78139	78179	40	
Saccade	78299	78319	20	
Saccade	78329	78339	10	
Fixation	78339	78489	150	
Fixation	78529	78669	140	
Saccade	78669	78689	20	3.9
Fixation	78689	78769	80	
Fixation	78829	79039	210	
Saccade	79079	79119	40	
Saccade	79209	79239	30	
Fixation	79239	79468	230	
Saccade	79488	79508	20	
Fixation	79508	79718	210	
Fixation	79738	79828	90	
Saccade	79828	79858	30	
Saccade	79898	79938	40	
Fixation	79938	80038	100	
Saccade	80038	80058	20	6.24
Fixation	80058	80208	150	
Saccade	80208	80248	40	10.66
Fixation	80248	80318	70	
Fixation	80338	80438	100	
Fixation	80478	80658	180	
Fixation	80738	80888	150	
Fixation	80908	80988	80	
Saccade	80988	81007	20	
Fixation	81027	81107	80	
Fixation	81207	81517	310	
Saccade	81517	81557	40	8.52
Fixation	81557	81857	300	
Saccade	81877	81917	40	
Saccade	81927	81957	30	
Fixation	81957	82097	140	
Fixation	82157	82337	180	
Fixation	82427	82736	310	
Saccade	82816	82846	30	
Saccade	82886	82926	40	
Saccade	82936	82976	40	
Fixation	83026	83116	90	
Saccade	83136	83156	20	
Fixation	83156	83266	110	
Fixation	83286	83536	250	
Fixation	83556	83656	100	
Fixation	83726	83936	210	
Fixation	83956	84106	150	
Fixation	84126	84196	70	
Saccade	84196	84226	30	
Fixation	84276	84346	70	
Saccade	84346	84376	30	
Saccade	84455	84475	20	
Fixation	84525	84635	110	
Saccade	84695	84725	30	
Fixation	84725	84795	70	
Saccade	84875	84895	20	
Saccade	85155	85185	30	
Saccade	85195	85215	20	
Saccade	85225	85255	30	
Saccade	85295	85325	30	
Saccade	85385	85405	20	
Saccade	85425	85445	20	
Fixation	85445	85515	70	
Saccade	85515	85535	20	
Saccade	85575	85585	10	
Saccade	85645	85665	20	
Saccade	85675	85695	20	
Saccade	85765	85795	30	
Fixation	85795	85995	200	
Saccade	85995	86035	40	
Saccade	86154	86194	40	
Saccade	86204	86224	20	
Fixation	86244	86464	220	
Saccade	86464	86474	10	
Saccade	86484	86504	20	
Fixation	86544	86654	110	
Fixation	86704	86804	100	
Fixation	86854	87004	150	
Saccade	87004	87024	20	
Saccade	87064	87084	20	
Fixation	87104	87224	120	
Saccade	87304	87364	60	
Fixation	87364	87474	110	
Fixation	87494	87604	110	
Fixation	87654	87863	210	
Saccade	87953	87983	30	
Saccade	88043	88083	40	
Saccade	88093	88113	20	
Fixation	88113	88433	320	
Saccade	88603	88633	30	
Fixation	88633	88753	120	
Saccade	88753	88783	30	
Fixation	88873	88963	90	
Saccade	88983	89013	30	
Saccade	89033	89053	20	
Saccade	89083	89123	40	
Saccade	89183	89193	10	
Fixation	89193	89273	80	
Fixation	89293	89383	90	
Saccade	89383	89403	20	
Fixation	89443	89572	130	
Fixation	89592	89702	110	
Saccade	89802	89852	50	
Saccade	89892	89922	30	
Saccade	89932	89942	10	
Saccade	89992	90022	30	
Saccade	90062	90082	20	
Saccade	90142	90162	20	
Saccade	90182	90192	10	
Fixation	90192	90292	100	
Saccade	90412	90432	20	
Saccade	90482	90502	20	
Fixation	90502	90642	140	
Saccade	90762	90802	40	
Saccade	90832	90852	20	
Fixation	90852	90922	70	
Fixation	90942	91172	230	
Fixation	91212	91331	120	
Saccade	91391	91421	30	
Saccade	91511	91531	20	
Fixation	91531	91691	160	
Saccade	91841	91871	30	
Saccade	91921	91941	20	
Saccade	91991	92011	20	
Fixation	92071	92291	220	
Saccade	92521	92551	30	
Saccade	92571	92581	10	
Saccade	92601	92621	20	
Saccade	92691	92721	30	
Saccade	92741	92761	20	
Saccade	92801	92821	20	
Saccade	92861	92900	40	
Fixation	92920	92990	70	
Saccade	92990	93020	30	6.04
Fixation	93020	93100	80	
Fixation	93120	93620	500	
Saccade	93660	93700	40	
Fixation	93770	93860	90	
Saccade	93860	93880	20	
Fixation	93920	94430	510	
Saccade	94520	94540	20	
Fixation	94560	94869	310	
Saccade	94869	94899	30	6.41
Fixation	94899	95119	220	
Fixation	95179	95319	140	
Saccade	95319	95349	30	
Fixation	95429	95699	270	
Saccade	95699	95719	20	
Fixation	95739	96069	330	
Saccade	96069	96089	20	2.33
Fixation	96089	96269	180	
Saccade	96348	96388	40	
Fixation	96428	96558	130	
Fixation	96578	96858	280	
Saccade	96858	96898	40	10.17
Fixation	96898	97108	210	
Fixation	97128	97208	80	
Saccade	97428	97448	20	
Fixation	97448	97538	90	
Saccade	97558	97578	20	
Fixation	97678	97808	130	
Saccade	97808	97838	30	
Saccade	97848	97868	20	
Fixation	97938	98067	130	
Saccade	98067	98097	30	7.16
Fixation	98097	98207	110	
Saccade	98377	98417	40	
Fixation	98417	98487	70	
Fixation	98637	98837	200	
Saccade	98907	98967	60	
Fixation	98967	99087	120	
Saccade	99107	99147	40	
Saccade	99187	99217	30	
Fixation	99217	99437	220	
Fixation	99457	99527	70	
Saccade	99527	99547	20	3.62
Fixation	99547	99706	160	
Fixation	99726	99836	110	
Fixation	99876	100106	230	
Fixation	100126	100236	110	
Fixation	100276	100486	210	
Saccade	100486	100526	40	
Saccade	100546	100566	20	
Fixation	100566	100656	90	
Fixation	100696	100796	100	
Saccade	100796	100826	30	
Saccade	100836	100866	30	
Fixation	100946	101116	170	
Fixation	101156	101226	70	
Fixation	101246	101356	110	
Fixation	101425	101525	100	
Saccade	101675	101765	90	
Fixation	101765	101885	120	
Saccade	101885	101915	30	
Fixation	101955	102105	150	
Fixation	102255	102385	130	
Saccade	102385	102395	10	
Saccade	102445	102465	20	
Fixation	102545	102765	220	
Fixation	102825	102905	80	
Fixation	102925	103015	90	
Fixation	103055	103174	120	
Fixation	103224	103324	100	
Fixation	103374	103474	100	
Saccade	103494	103534	40	
Fixation	103534	103604	70	
Fixation	103644	103734	90	
Saccade	103774	103804	30	
Fixation	103804	103904	100	
Fixation	103924	104014	90	
Fixation	104104	104304	200	
Fixation	104454	104554	100	
Saccade	104554	104584	30	
Fixation	104644	104714	70	
Saccade	104853	104883	30	
Fixation	104903	104983	80	
Saccade	105093	105113	20	
Saccade	105163	105183	20	
Saccade	105203	105253	50	
Saccade	105343	105363	20	
Fixation	105363	105453	90	
Fixation	105473	105843	370	
Fixation	105903	106033	130	
Saccade	106173	106203	30	
Fixation	106203	106293	90	
Fixation	106313	106423	110	
Fixation	106443	106572	130	
Fixation	106592	106682	90	
Fixation	106722	106922	200	
Saccade	106922	106942	20	3.64
Fixation	106942	107072	130	
Saccade	107072	107102	30	
Saccade	107162	107192	30	
Fixation	107192	107302	110	
Saccade	107442	107462	20	
Fixation	107462	107572	110	
Fixation	107662	107852	190	
Fixation	107872	107972	100	
Fixation	108012	108162	150	
Saccade	108162	108192	30	8.28
Fixation	108192	108271	80	
Saccade	108431	108471	40	
Fixation	108671	108801	130	
Fixation	108821	109031	210	
Saccade	109031	109091	60	
Fixation	109111	109851	740	
Fixation	109920	110190	270	
Fixation	110210	110420	210	
Saccade	110420	110450	30	
Fixation	110510	110590	80	
Fixation	110610	110850	240	
Saccade	110950	110980	30	
Saccade	111020	111050	30	
Saccade	111090	111140	50	
Fixation	111190	111300	110	
Fixation	111320	111420	100	
Saccade	111520	111540	20	
Fixation	111540	111709	170	
Fixation	111729	111829	100	
Saccade	111889	111909	20	
Fixation	111909	112039	130	
Saccade	112039	112079	40	
Saccade	112179	112189	10	
Saccade	112249	112269	20	
Saccade	112289	112309	20	
Fixation	112309	112539	230	
Fixation	112579	112799	220	
Fixation	112839	112959	120	
Fixation	112979	113099	120	
Fixation	113139	113259	120	
Saccade	113308	113388	80	
Saccade	113428	113448	20	
Fixation	113448	113578	130	
Saccade	113578	113588	10	3.84
Fixation	113588	113668	80	
Saccade	113708	113728	20	
Fixation	113728	113838	110	
Saccade	113888	113918	30	
Fixation	113918	113988	70	
Fixation	114008	114118	110	
Fixation	114138	114258	120	
Fixation	114278	114518	240	
Fixation	114538	114798	260	
Fixation	114838	114938	100	
Saccade	114958	114998	40	
Fixation	115087	115567	480	
Saccade	115567	115587	20	
Fixation	115627	116087	460	
Saccade	116127	116157	30	
Saccade	116177	116207	30	
Fixation	116207	116277	70	
Saccade	116337	116357	20	
Fixation	116357	116477	120	
Saccade	116597	116617	20	
Saccade	116637	116657	20	
Saccade	116677	116696	20	
Fixation	116736	116866	130	
Fixation	116886	116986	100	
Fixation	117006	117406	400	
Fixation	117426	117516	90	
Fixation	117556	117636	80	
Saccade	117636	117656	20	
Fixation	117696	117806	110	
Fixation	117846	118026	180	
Fixation	118106	118186	80	
Saccade	118186	118226	40	
Saccade	118246	118266	20	
Fixation	118266	118356	90	
Fixation	118376	118505	130	
Fixation	118525	118615	90	
Fixation	118655	118825	170	
Saccade	118845	118895	50	
Fixation	118945	119325	380	
Fixation	119345	119435	90	
Fixation	119475	119605	130	
Fixation	119645	119885	240	
Fixation	119905	120104	200	
Fixation	120174	120454	280	
Saccade	120454	120534	80	
Fixation	120594	120704	110	
Saccade	120764	120784	20	
Fixation	120854	121104	250	
Fixation	121144	121224	80	
Saccade	121224	121254	30	
Fixation	121274	121384	110	
Saccade	121384	121404	20	
Saccade	121464	121494	30	
Fixation	121574	122033	460	
Fixation	122103	122333	230	
Saccade	122393	122463	70	
Saccade	122483	122503	20	
Fixation	122553	122653	100	
Fixation	122673	122783	110	
Fixation	122823	122943	120	
Fixation	122963	123353	390	
Fixation	123373	123622	250	
Saccade	123722	123762	40	
Saccade	123822	123842	20	
Saccade	123862	123892	30	
Saccade	123912	123932	20	
Fixation	124072	124182	110	
Saccade	124222	124242	20	
Fixation	124242	124322	80	
Saccade	124542	124562	20	
Fixation	124562	124752	190	
Fixation	124772	125132	360	
Saccade	125241	125281	40	
Saccade	125431	125461	30	
Saccade	125531	125561	30	
Fixation	125641	125771	130	
Saccade	125801	125831	30	
Saccade	125841	125861	20	
Saccade	125921	126041	120	
Saccade	126221	126241	20	
Saccade	126271	126291	20	
Saccade	126311	126321	10	
Saccade	126361	126381	20	
Saccade	126431	126451	20	
Saccade	126621	126661	40	
Fixation	126661	126751	90	
Fixation	126771	127000	230	
Fixation	127020	127110	90	
Saccade	127120	127150	30	
Saccade	127190	127240	50	
Fixation	127240	127350	110	
Saccade	127350	127360	10	
Saccade	127410	127430	20	
Saccade	127470	127490	20	
Saccade	127530	127540	10	
Fixation	127540	127700	160	
Fixation	127720	127830	110	
Fixation	127870	127970	100	
Saccade	127970	127990	20	4.99
Fixation	127990	128140	150	
Fixation	128160	128270	110	
Saccade	128310	128400	90	
Fixation	128460	128550	90	
Fixation	128589	128709	120	
Fixation	128729	129049	320	
Saccade	129049	129079	30	
Saccade	129149	129169	20	
Saccade	129199	129229	30	
Saccade	129239	129249	10	
Fixation	129249	129409	160	
Fixation	129429	129669	240	
Fixation	129689	129829	140	
Saccade	129889	129909	20	
Saccade	130009	130049	40	
Saccade	130069	130099	30	
Saccade	130249	130269	20	
Fixation	130308	130408	100	
Saccade	130588	130618	30	
Saccade	130658	130668	10	
Saccade	130728	130748	20	
Fixation	130838	131038	200	
Saccade	131038	131098	60	
Saccade	131158	131188	30	
Saccade	131238	131258	20	
Fixation	131278	131368	90	
Fixation	131428	131498	70	
Saccade	131498	131508	10	3.14
Fixation	131508	131648	140	
Fixation	131708	131938	230	
Fixation	131957	132037	80	
Saccade	132037	132057	20	3.02
Fixation	132057	132137	80	
Fixation	132237	132387	150	
Fixation	132407	132627	220	
Saccade	132627	132657	30	3.98
Fixation	132657	132777	120	
Saccade	132777	132797	20	
Fixation	132957	133217	260	
Fixation	133237	133457	220	
Saccade	133457	133477	20	
Fixation	133527	134086	560	
Fixation	134156	134236	80	
Fixation	134256	134346	90	
Fixation	134406	134506	100	
Fixation	134526	134616	90	
Saccade	134616	134636	20	
Fixation	134676	135146	470	
Saccade	135146	135166	20	5.1
Fixation	135166	135346	180	
Saccade	135346	135366	20	5.27
Fixation	135366	136105	740	
Fixation	136225	136305	80	
Fixation	136395	136485	90	
Fixation	136505	136625	120	
Fixation	136645	136885	240	
Fixation	136905	137025	120	
Fixation	137045	137424	380	
Saccade	137444	137484	40	
Fixation	137484	137684	200	
Saccade	137804	137844	40	
Fixation	137844	137954	110	
Fixation	137974	138084	110	
Saccade	138104	138144	40	
Fixation	138144	138504	360	
Fixation	138524	138654	130	
Fixation	138674	138783	110	
Fixation	138843	138933	90	
Fixation	138973	139223	250	
Fixation	139373	139523	150	
Fixation	139543	139653	110	
Saccade	139673	139703	30	
Fixation	139703	139783	80	
Fixation	139803	139903	100	
Fixation	139923	140033	110	
Saccade	140033	140053	20	
Fixation	140073	140193	120	
Fixation	140213	140323	110	
Saccade	140323	140343	20	
Saccade	140363	140383	20	
Fixation	140383	140602	220	
Fixation	140642	140722	80	
Saccade	140722	140742	20	
Saccade	140912	140932	20	
Saccade	140982	141022	40	
Saccade	141062	141082	20	
Saccade	141132	141152	20	
Fixation	141192	141372	180	
Saccade	141372	141412	40	
Fixation	141462	141722	260	
Fixation	141742	141832	90	
Saccade	141892	141932	40	
Fixation	141932	142122	190	
Fixation	142172	142341	170	
Fixation	142361	142501	140	
Saccade	142501	142541	40	
Saccade	142651	142701	50	
Saccade	142731	142741	10	
Fixation	142741	142811	70	
Saccade	142811	142831	20	
Fixation	142871	143201	330	
Saccade	143201	143251	50	12.32
Fixation	143251	143401	150	
Fixation	143461	143621	160	
Saccade	143621	143651	30	
Fixation	143691	143801	110	
Fixation	143821	144220	400	
Saccade	144270	144290	20	
Fixation	144290	144370	80	
Saccade	144420	144440	20	
Fixation	144460	144640	180	
Saccade	144680	144700	20	
Saccade	144770	144820	50	
Fixation	144920	145030	110	
Saccade	145030	145050	20	
Fixation	145110	145200	90	
Fixation	145260	145470	210	
Fixation	145490	145739	250	
Fixation	145779	146149	370	
Fixation	146189	146289	100	
Saccade	146289	146319	30	
Saccade	146359	146399	40	
Fixation	146399	146469	70	
Saccade	146469	146489	20	
Saccade	146509	146529	20	
Saccade	146549	146569	20	
Saccade	146579	146629	50	
Saccade	146649	146669	20	
Saccade	146779	146829	50	
Saccade	146869	146889	20	
Saccade	146899	146959	60	
Fixation	147039	147139	100	
Saccade	147139	147169	30	
Saccade	147189	147238	50	
Fixation	147238	147388	150	
Saccade	147388	147398	10	
Saccade	147408	147438	30	
Fixation	147478	147588	110	
Saccade	147588	147608	20	
Saccade	147628	147658	30	
Saccade	147758	147788	30	
Saccade	147798	147828	30	
Saccade	147928	147948	20	
Fixation	147948	148018	70	
Saccade	148038	148068	30	
Saccade	148118	148138	20	
Saccade	148358	148378	20	
Saccade	148388	148398	10	
Saccade	148408	148438	30	
Fixation	148458	148568	110	
Fixation	148728	148868	140	
Fixation	148888	148967	80	
Fixation	148987	149517	530	
Saccade	149517	149537	20	
Saccade	149577	149607	30	
Saccade	149697	149727	30	
Fixation	149727	149807	80	
Saccade	149967	150027	60	
Fixation	150127	150197	70	
Fixation	150237	150507	270	
Saccade	150577	150607	30	
Fixation	150607	150756	150	
Fixation	150926	151466	540	
Fixation	151546	151906	360	
Saccade	151906	151996	90	
Fixation	152076	152395	320	
Saccade	152395	152435	40	
Fixation	152495	152605	110	
Saccade	152605	152635	30	
Saccade	152665	152705	40	
Saccade	152725	152745	20	
Saccade	152755	152775	20	
Saccade	152815	152835	20	
Fixation	152895	152985	90	
Fixation	153025	153135	110	
Fixation	153155	153315	160	
Saccade	153315	153365	50	
Fixation	153425	153535	110	
Fixation	153555	153645	90	
Saccade	153645	153725	80	
Saccade	153745	153765	20	
Saccade	153775	153805	30	
Fixation	153845	154025	180	
Fixation	154124	154374	250	
Fixation	154394	154484	90	
Fixation	154524	154674	150	
Fixation	154694	155274	580	
Fixation	155374	155474	100	
Fixation	155494	155863	370	
Fixation	155903	156003	100	
Fixation	156043	156323	280	
Fixation	156343	156603	260	
Fixation	156643	156753	110	
Fixation	156773	156853	80	
Fixation	156893	157023	130	
Fixation	157043	157223	180	
Saccade	157243	157273	30	
Fixation	157313	157423	110	
Saccade	157502	157532	30	
Saccade	157582	157632	50	
Saccade	157672	157692	20	
Saccade	157742	157752	10	
Saccade	157802	157822	20	
Saccade	157862	157932	70	
Fixation	157992	158062	70	
Saccade	158062	158072	10	
Fixation	158142	158302	160	
Saccade	158442	158482	40	
Saccade	158522	158542	20	
Fixation	158562	158802	240	
Fixation	158822	159032	210	
Fixation	159092	159161	70	
Saccade	159161	159201	40	
Fixation	159221	159291	70	
Fixation	159361	159621	260	
Fixation	159641	159731	90	
Saccade	159841	159901	60	
Saccade	159951	159971	20	
Fixation	159971	160041	70	
Fixation	160061	160191	130	
Saccade	160191	160201	10	
Fixation	160241	160321	80	
Saccade	160341	160361	20	
Fixation	160361	160451	90	
Fixation	160471	160571	100	
Saccade	160571	160601	30	
Fixation	160621	160781	160	
Saccade	160781	160791	10	3.22
Fixation	160791	160890	100	
Saccade	160910	160950	40	
Fixation	160950	161090	140	
Saccade	161110	161150	40	
Saccade	161220	161240	20	
Saccade	161380	161400	20	
Fixation	161440	161570	130	
Saccade	161630	161650	20	
Fixation	161650	161800	150	
Saccade	161800	161810	10	
Fixation	161870	162020	150	
Saccade	162020	162040	20	
Saccade	162160	162200	40	
Fixation	162200	162350	150	
Saccade	162410	162440	30	
Fixation	162440	162659	220	
Saccade	162659	162689	30	6.87
Fixation	162689	162819	130	
Saccade	162889	162899	10	
Saccade	162959	162989	30	
Fixation	162989	163109	120	
Fixation	163159	163399	240	
Saccade	163399	163419	20	4.79
Fixation	163419	163569	150	
Saccade	163649	163669	20	
Fixation	163709	163859	150	
Saccade	163859	163909	50	8.53
Fixation	163909	164079	170	
Saccade	164079	164109	30	
Saccade	164159	164169	10	
Fixation	164169	164298	130	
Saccade	164298	164318	20	3.0
Fixation	164318	164508	190	
Fixation	164528	164598	70	
Saccade	164598	164618	20	
Fixation	164658	164738	80	
Saccade	164738	164758	20	3.98
Fixation	164758	164878	120	
Saccade	164938	164968	30	
Fixation	164968	165108	140	
Saccade	165228	165248	20	
Fixation	165248	165398	150	
Saccade	165398	165418	20	
Fixation	165458	165568	110	
Saccade	165608	165658	50	
Fixation	165658	165848	190	
Fixation	165888	166117	230	
Saccade	166187	166267	80	
Saccade	166307	166367	60	
Fixation	166367	166557	190	
Fixation	166577	166917	340	
Saccade	166917	166957	40	
Fixation	167027	167107	80	
Fixation	167127	167237	110	
Fixation	167287	167497	210	
Saccade	167557	167597	40	
Fixation	167597	167736	140	
Saccade	167736	167756	20	
Fixation	167826	167926	100	
Saccade	167926	167956	30	10.25
Fixation	167956	168056	100	
Fixation	168226	168296	70	
Saccade	168296	168316	20	
Fixation	168376	168606	230	
Saccade	168646	168676	30	
Fixation	168676	168746	70	
Fixation	168806	168896	90	
Saccade	169006	169036	30	
Saccade	169076	169096	20	
Saccade	169146	169166	20	
Saccade	169186	169206	20	
Saccade	169276	169306	30	
Fixation	169375	169505	130	
Fixation	169525	169955	430	
Fixation	169975	170105	130	
Saccade	170105	170135	30	4.75
Fixation	170135	170305	170	
Fixation	170325	170435	110	
Fixation	170745	170885	140	
Fixation	170905	171194	290	
Saccade	171194	171214	20	
Saccade	171234	171284	50	
Saccade	171344	171364	20	
Fixation	171504	171614	110	
Saccade	171614	171654	40	
Fixation	171724	171834	110	
Fixation	172024	172234	210	
Saccade	172294	172324	30	
Saccade	173353	173383	30	
Saccade	173453	173483	30	
Fixation	173543	173633	90	
Saccade	173633	173653	20	
Fixation	173673	173743	70	
Saccade	173893	173903	10	
Saccade	174113	174143	30	
Saccade	174153	174203	50	
Fixation	174223	174293	70	
Fixation	174363	174542	180	
Saccade	174662	174682	20	
Saccade	174722	174742	20	
Saccade	174962	174982	20	
Saccade	175022	175052	30	
Saccade	175082	175122	40	
Saccade	175212	175232	20	
Saccade	175252	175272	20	
Fixation	175272	175342	70	
Fixation	175362	175452	90	
Fixation	175472	175702	230	
Fixation	175762	176121	360	
Fixation	176161	176261	100	
Saccade	176351	176371	20	
Saccade	176471	176491	20	
Fixation	176571	176641	70	
Saccade	176641	176671	30	
Saccade	176771	176801	30	
Saccade	176841	176871	30	
Fixation	176871	176951	80	
Saccade	176951	176971	20	4.24
Fixation	176971	177081	110	
Fixation	177141	177321	180	
Saccade	177321	177351	30	
Saccade	177391	177431	40	
Saccade	177451	177471	20	
Saccade	177541	177561	20	
Fixation	177561	177631	70	
Saccade	177631	177651	20	
Saccade	177721	177741	20	
Fixation	177741	177930	190	
Fixation	177970	178100	130	
Saccade	178190	178200	10	
Fixation	178200	178380	180	
Fixation	178420	178530	110	
Saccade	178530	178570	40	2.61
Fixation	178570	178650	80	
Saccade	178670	178690	20	
Fixation	178690	178890	200	
Saccade	178890	178930	40	
Saccade	178990	179010	20	
Saccade	179030	179050	20	
Saccade	179070	179080	10	
Fixation	179080	179200	120	
Fixation	179240	179360	120	
Fixation	179380	179509	130	
Fixation	179529	179619	90	
Saccade	179619	179639	20	
Fixation	179659	179959	300	
Saccade	179959	179989	30	6.22
Fixation	179989	180269	280	
Saccade	180369	180399	30	
Saccade	180609	180629	20	
Saccade	180659	180669	10	
Saccade	180689	180709	20	
Saccade	180739	180749	10	
Fixation	180929	181019	90	
Saccade	181129	181169	40	
Saccade	181208	181228	20	
Fixation	181228	181318	90	
Fixation	181338	181428	90	
Saccade	181428	181448	20	
Saccade	181488	181518	30	
Saccade	181558	181588	30	
Fixation	181608	181748	140	
Saccade	181748	181758	10	3.6
Fixation	181758	181848	90	
Saccade	181848	181888	40	
Fixation	181908	182078	170	
Saccade	182078	182108	30	
Fixation	182188	182418	230	
Fixation	182458	182558	100	
Fixation	182578	182708	130	
Fixation	182728	182818	90	
Fixation	182858	182977	120	
Saccade	183197	183217	20	
Saccade	183227	183247	20	
Saccade	183317	183347	30	
Fixation	183437	183557	120	
Fixation	183577	183657	80	
Saccade	183657	183687	30	
Saccade	183727	183747	20	
Fixation	183747	183857	110	
Saccade	184007	184037	30	
Fixation	184137	184257	120	
Fixation	184277	184387	110	
Fixation	184407	184517	110	
Fixation	184557	184626	70	
Saccade	184626	184676	50	
Saccade	184726	184746	20	
Saccade	184776	184816	40	
Saccade	184836	184866	30	
Fixation	184866	185006	140	
Saccade	185006	185036	30	
Fixation	185106	185216	110	
Saccade	185306	185326	20	
Saccade	185426	185446	20	
Fixation	185506	185676	170	
Fixation	185696	185786	90	
Fixation	185806	186036	230	
Saccade	186036	186056	20	
Fixation	186106	186335	230	
Fixation	186395	186505	110	
Fixation	186525	186625	100	
Fixation	186675	186885	210	
Fixation	186925	187145	220	
Saccade	187145	187175	30	
Saccade	187275	187305	30	
Saccade	187325	187345	20	
Saccade	187405	187435	30	
Saccade	187515	187545	30	
Fixation	187625	187695	70	
Saccade	187695	187735	40	
Fixation	187775	187845	70	
Saccade	187925	187944	20	
Saccade	187954	187974	20	
Saccade	187984	188014	30	
Fixation	188014	188204	190	
Saccade	188264	188324	60	
Saccade	188394	188414	20	
Fixation	188414	188524	110	
Fixation	188604	188724	120	
Fixation	188744	188814	70	
Saccade	188904	188934	30	
Saccade	188954	188964	10	
Fixation	189044	189164	120	
Saccade	189234	189264	30	
Saccade	189284	189314	30	
Saccade	189354	189374	20	
Fixation	189374	189474	100	
Fixation	189494	189604	110	
Saccade	189624	189653	30	
Saccade	189663	189733	70	
Fixation	189903	190053	150	
Fixation	190103	190203	100	
Fixation	190223	190453	230	
Saccade	190453	190473	20	
Fixation	190493	190643	150	
Saccade	190643	190713	70	24.73
Fixation	190713	190893	180	
Fixation	190913	191083	170	
Saccade	191083	191103	20	
Saccade	191203	191233	30	
Fixation	191233	191303	70	
Fixation	191462	191532	70	
Saccade	191592	191612	20	
Saccade	191742	191762	20	
Fixation	191762	191832	70	
Fixation	191872	191992	120	
Fixation	192012	192252	240	
Fixation	192292	192362	70	
Saccade	192362	192382	20	
Saccade	192482	192502	20	
Fixation	192502	192832	330	
Saccade	192902	192932	30	
Fixation	192972	193041	70	
Saccade	193041	193061	20	
Fixation	193121	193221	100	
Fixation	193241	193351	110	
Fixation	193371	193481	110	
Saccade	193481	193501	20	4.27
Fixation	193501	193721	220	
Saccade	193721	193761	40	14.27
Fixation	193761	193941	180	
Saccade	193941	193991	50	11.86
Fixation	193991	194191	200	
Fixation	194211	194311	100	
Saccade	194401	194421	20	
Fixation	194511	194731	220	
Saccade	194731	194750	20	
Fixation	194770	194900	130	
Saccade	194960	194980	20	
Saccade	195090	195120	30	
Saccade	195140	195170	30	
Saccade	195190	195210	20	
Fixation	195210	195340	130	
Fixation	195360	195430	70	
Fixation	195470	195730	260	
Saccade	195930	195950	20	
Fixation	196020	196090	70	
Saccade	196170	196230	60	
Fixation	196330	196439	110	
Fixation	196459	196569	110	
Fixation	196589	196859	270	
Fixation	196879	197059	180	
Fixation	197079	197339	260	
Saccade	197439	197479	40	
Fixation	197589	197659	70	
Saccade	197679	197759	80	
Fixation	197839	197959	120	
Saccade	197979	197999	20	
Fixation	198089	198188	100	
Saccade	198248	198338	90	
Fixation	198358	198468	110	
Fixation	198488	198718	230	
Fixation	198758	198868	110	
Saccade	198888	198908	20	
Fixation	198908	199158	250	
Fixation	199178	199348	170	
Saccade	199348	199368	20	
Saccade	199508	199528	20	
Saccade	199538	199558	20	
Fixation	199558	199708	150	
Saccade	199847	199887	40	
Saccade	199907	199927	20	
Saccade	200037	200067	30	
Saccade	200167	200207	40	
Saccade	200217	200247	30	
Saccade	200287	200357	70	
Saccade	200477	200497	20	
Saccade	200537	200547	10	
Fixation	200627	200697	70	
Fixation	200737	200817	80	
Saccade	200817	200837	20	3.97
Fixation	200837	200987	150	
Fixation	201037	201137	100	
Fixation	201177	201287	110	
Fixation	201307	201397	90	
Saccade	201397	201417	20	
Fixation	201457	201706	250	
Saccade	201756	201766	10	
Fixation	201766	201926	160	
Saccade	202096	202116	20	
Saccade	202296	202326	30	
Saccade	202366	202386	20	
Fixation	202426	202496	70	
Saccade	202496	202516	20	1.99
Fixation	202516	202636	120	
Saccade	202636	202666	30	
Saccade	202706	202766	60	
Fixation	202766	202956	190	
Fixation	202976	203196	220	
Saccade	203295	203325	30	
Saccade	203345	203385	40	
Fixation	203405	203475	70	
Saccade	203495	203525	30	
Fixation	203545	203685	140	
Saccade	203685	203705	20	
Saccade	203755	203785	30	
Saccade	203845	203865	20	
Saccade	203955	203975	20	
Fixation	203975	204205	230	
Fixation	204225	204345	120	
Saccade	204395	204425	30	
Saccade	204465	204485	20	
Fixation	204505	204605	100	
Saccade	204605	204625	20	
Fixation	204645	204865	220	
Fixation	204904	204984	80	
Saccade	204984	205024	40	
Saccade	205044	205074	30	
Saccade	205084	205104	20	
Saccade	205224	205254	30	
Fixation	205324	205514	190	
Saccade	205514	205524	10	
Saccade	205564	205574	10	
Fixation	205574	205644	70	
Saccade	205644	205664	20	5.13
Fixation	205664	205814	150	
Saccade	205814	205834	20	
Saccade	205874	205934	60	
Saccade	205974	205984	10	
Fixation	205984	206104	120	
Fixation	206144	206334	190	
Saccade	206454	206484	30	
Saccade	206574	206594	20	
Fixation	206594	206673	80	
Saccade	206693	206713	20	
Fixation	206823	207033	210	
Fixation	207143	207293	150	
Saccade	207293	207323	30	
Fixation	207373	207573	200	
Saccade	207573	207583	10	0.91
Fixation	207583	207693	110	
Saccade	207773	207803	30	
Saccade	207913	207933	20	
Fixation	207933	208023	90	
Fixation	208063	208153	90	
Saccade	208153	208173	20	
Saccade	208362	208382	20	
Saccade	208392	208422	30	
Saccade	208522	208542	20	
Saccade	208672	208692	20	
Fixation	208762	209002	240	
Fixation	209022	209292	270	
Fixation	209312	209492	180	
Saccade	209492	209522	30	
Saccade	209722	209772	50	
Saccade	209792	209852	60	
Saccade	209972	210001	30	
Fixation	210021	210131	110	
Saccade	210191	210211	20	
Fixation	210211	210291	80	
Fixation	210311	210401	90	
Fixation	210411	210491	80	
Saccade	210491	210511	20	4.79
Fixation	210511	210601	90	
Fixation	210621	210721	100	
Saccade	210771	210801	30	
Fixation	210911	211111	200	
Fixation	211171	211351	180	
Fixation	211441	211561	120	
Saccade	211561	211581	20	3.54
Fixation	211581	211760	180	
Saccade	211760	211800	40	
Saccade	211810	211850	40	
Fixation	211890	212100	210	
Saccade	212200	212210	10	
Saccade	212470	212500	30	
Saccade	212570	212590	20	
Saccade	212610	212630	20	
Fixation	212690	212800	110	
Saccade	212820	212850	30	
Saccade	212890	212920	30	
Saccade	212990	213040	50	
Saccade	213080	213100	20	
Saccade	213190	213200	10	
Fixation	213200	213369	170	
Fixation	213389	213479	90	
Saccade	213479	213509	30	
Saccade	213549	213579	30	
Fixation	213659	213759	100	
Fixation	213839	213919	80	
Fixation	213939	214109	170	
Saccade	214129	214169	40	
Fixation	214209	214509	300	
Saccade	214699	214729	30	
Saccade	214789	214819	30	
Saccade	214889	214929	40	
Fixation	214929	215039	110	
Saccade	215088	215118	30	
Fixation	215178	215278	100	
Saccade	215278	215298	20	4.86
Fixation	215298	215398	100	
Fixation	215438	215708	270	
Saccade	215708	215728	20	3.69
Fixation	215728	216018	290	
Fixation	216038	216118	80	
Fixation	216158	216398	240	
Fixation	216438	216558	120	
Saccade	216887	216907	20	
Saccade	216917	216937	20	
Fixation	217027	217117	90	
Fixation	217137	217257	120	
Fixation	217277	217377	100	
Saccade	217507	217537	30	
Saccade	217557	217587	30	
Fixation	217607	217957	350	
Fixation	217977	218107	130	
Fixation	218127	218317	190	
Fixation	218437	219096	660	
Fixation	219156	219286	130	
Fixation	219306	219406	100	
Fixation	219446	219556	110	
Fixation	219576	220235	660	
Fixation	220255	220515	260	
Fixation	220555	220935	380	
