start_time	end_time	Block	Grid	IFU	Single Shape
0.295	1.314	1600.0	1600.0	868.8	1600.0
2.444	2.604	467.4	560.6	37.9	1600.0
2.624	2.753	710.0	371.9	0.0	1600.0
2.863	3.293	1600.0	303.2	0.0	1600.0
3.343	3.443	1600.0	267.5	37.1	1600.0
3.463	3.553	1600.0	282.6	47.2	1600.0
3.613	3.873	1600.0	361.5	23.1	1600.0
3.893	4.103	1600.0	520.0	0.0	1600.0
4.163	4.303	1600.0	655.4	0.0	1600.0
4.323	4.442	1600.0	774.7	0.0	1600.0
4.462	4.572	1600.0	843.6	0.0	1600.0
4.612	4.702	1600.0	797.9	0.0	1600.0
4.742	4.842	1600.0	814.4	0.0	1600.0
4.892	5.362	1600.0	769.8	0.0	1600.0
5.462	5.572	1600.0	461.3	0.0	1600.0
5.612	5.972	1600.0	399.1	0.0	1600.0
6.032	6.121	1600.0	406.7	0.0	1600.0
6.141	6.251	1600.0	460.0	0.0	1600.0
6.291	6.541	1600.0	530.1	0.0	1600.0
6.591	6.721	1600.0	610.1	0.0	1600.0
6.761	6.861	1600.0	664.7	0.0	1600.0
6.881	7.091	1600.0	634.8	0.0	1600.0
7.111	7.291	1600.0	557.0	0.0	1600.0
7.311	7.621	1600.0	424.5	29.7	1600.0
7.661	7.87	1600.0	50.0	389.0	1600.0
7.89	8.01	1600.0	0.0	496.2	1600.0
8.15	8.29	1600.0	0.0	1082.9	1600.0
8.38	8.55	1600.0	21.5	1198.3	1600.0
8.61	8.97	1600.0	0.0	606.9	1600.0
9.01	9.14	1600.0	161.2	185.3	1600.0
9.18	9.27	1600.0	105.9	247.1	1600.0
9.629	9.789	1600.0	0.0	567.0	1600.0
9.979	10.129	1600.0	0.0	1600.0	1600.0
10.149	10.269	1600.0	0.0	1600.0	1600.0
10.369	10.449	1600.0	0.0	1600.0	1600.0
10.579	10.819	1600.0	0.0	761.3	1600.0
10.879	11.089	1600.0	46.0	304.1	1600.0
11.398	11.508	1600.0	400.9	0.0	1600.0
11.588	11.788	1600.0	95.5	293.0	1600.0
11.938	12.208	1600.0	0.0	986.2	1600.0
12.348	12.458	1600.0	0.0	900.1	1600.0
12.608	12.688	1600.0	0.0	907.5	1600.0
12.748	12.858	1600.0	39.6	1190.6	1600.0
12.878	12.978	1600.0	31.1	1194.6	1600.0
12.988	13.127	1600.0	44.0	1600.0	1600.0
13.147	13.257	1600.0	38.2	1600.0	1600.0
13.277	13.557	1600.0	55.9	1600.0	1600.0
13.597	13.667	1600.0	103.0	1600.0	1600.0
13.707	13.827	1600.0	111.8	1600.0	1600.0
13.847	13.917	1600.0	116.3	1600.0	1600.0
13.997	14.147	1600.0	90.4	1600.0	1600.0
14.267	14.347	1600.0	34.2	1600.0	1600.0
14.427	14.677	1600.0	0.0	1600.0	1600.0
14.697	14.936	1600.0	0.0	1600.0	1600.0
14.976	15.106	1600.0	0.0	1600.0	1600.0
15.126	15.206	1600.0	0.0	1600.0	1600.0
15.246	15.356	1600.0	0.0	1600.0	1600.0
15.386	15.576	1600.0	0.0	1600.0	1600.0
15.646	15.756	1600.0	0.0	1600.0	1600.0
15.776	16.286	1600.0	0.0	1600.0	1600.0
16.326	17.505	1600.0	0.0	1600.0	1600.0
17.655	17.775	1600.0	0.0	1600.0	1600.0
17.855	17.945	1600.0	48.2	1600.0	1600.0
17.965	18.095	1600.0	33.6	1600.0	1600.0
18.264	18.534	1600.0	0.0	1600.0	1600.0
18.574	18.654	1600.0	0.0	1600.0	1600.0
18.674	18.774	1600.0	0.0	975.0	1600.0
18.794	18.904	1600.0	0.0	935.0	1600.0
18.984	19.104	1600.0	0.0	771.0	1600.0
19.194	19.354	1600.0	0.0	699.6	1600.0
19.374	19.454	1600.0	0.0	566.3	1600.0
19.744	19.904	378.0	1600.0	204.1	1600.0
19.954	20.053	133.2	1600.0	600.7	1600.0
20.473	20.733	213.2	1600.0	1254.9	1216.0
20.833	21.093	0.0	1600.0	892.9	1600.0
21.173	21.373	132.2	1600.0	824.7	697.7
21.463	21.623	146.4	1600.0	818.7	497.3
21.653	21.722	130.3	1600.0	870.0	99.1
21.742	21.952	0.0	1600.0	1600.0	157.3
21.992	22.102	0.0	1600.0	1600.0	372.4
22.142	22.262	0.0	1600.0	1600.0	384.6
22.282	22.452	0.0	1600.0	1600.0	348.5
22.682	22.822	0.0	1600.0	1600.0	400.0
22.842	22.962	0.0	1600.0	1600.0	304.7
22.982	23.062	0.0	1600.0	1600.0	312.7
23.132	23.302	0.0	1600.0	1600.0	1600.0
23.412	23.491	0.0	1600.0	1600.0	390.5
23.531	23.641	0.0	1600.0	1042.3	1600.0
23.681	23.811	0.0	1600.0	929.6	1600.0
23.831	23.961	0.0	1600.0	862.4	1600.0
23.981	24.101	0.0	1600.0	778.0	1600.0
24.141	24.261	1.0	1600.0	703.9	1600.0
24.271	24.391	337.0	1600.0	330.8	1600.0
24.441	24.561	781.5	561.9	7.0	1600.0
24.581	24.661	687.4	468.4	0.0	1600.0
24.681	24.821	687.4	444.0	0.0	1600.0
25.23	25.58	159.4	1600.0	607.0	141.1
25.78	25.85	0.0	1600.0	947.0	87.3
25.91	26.09	7.1	1600.0	848.1	0.0
26.11	26.72	34.9	1600.0	751.7	1600.0
26.74	27.009	272.1	1027.8	417.0	1600.0
27.029	27.109	727.3	612.8	57.1	1600.0
27.229	27.409	1600.0	503.6	0.0	1600.0
27.629	27.699	1600.0	352.4	1.0	1600.0
27.779	28.009	1600.0	505.1	0.0	1600.0
28.119	28.589	1600.0	143.6	274.7	1600.0
29.058	29.158	1600.0	69.9	314.0	1600.0
29.218	29.328	1600.0	309.0	74.0	1600.0
29.348	29.448	1600.0	415.4	0.0	1600.0
29.638	29.728	1600.0	560.4	0.0	1600.0
29.778	29.878	1600.0	124.9	296.4	1600.0
29.898	30.138	1600.0	0.0	632.1	1600.0
30.198	30.298	1600.0	0.0	405.8	1600.0
30.497	30.707	371.4	1600.0	247.1	1600.0
30.747	30.837	296.7	1600.0	336.9	1600.0
31.157	31.557	91.0	1600.0	613.3	1600.0
31.597	31.677	616.0	734.1	148.3	1600.0
31.697	31.957	744.4	702.1	134.9	1600.0
32.076	32.236	1097.8	261.1	55.4	1600.0
32.296	32.656	1600.0	303.8	0.0	1600.0
32.696	32.776	1600.0	148.5	182.5	1600.0
32.816	32.916	1600.0	35.8	324.0	1600.0
32.956	33.086	1600.0	0.0	403.2	1600.0
33.246	33.336	1600.0	0.0	732.2	1600.0
33.506	33.606	1600.0	123.0	234.0	1600.0
33.696	33.875	1600.0	406.0	0.0	1600.0
34.065	34.155	1600.0	647.7	0.0	1600.0
34.245	34.315	1600.0	364.4	35.0	1600.0
34.335	34.625	1600.0	0.0	481.7	1600.0
34.645	34.865	1600.0	0.0	585.2	1600.0
35.055	35.155	1600.0	0.0	1005.6	1600.0
35.265	35.435	1600.0	0.0	738.6	1600.0
35.515	35.924	1600.0	0.0	1600.0	1600.0
35.944	36.084	1600.0	0.0	1600.0	1600.0
36.194	36.374	1600.0	53.8	1600.0	1600.0
36.474	36.604	1600.0	0.0	1600.0	1600.0
36.744	36.884	1600.0	0.0	1600.0	1600.0
36.904	37.034	1600.0	0.0	1600.0	1600.0
37.054	37.254	1600.0	0.0	1600.0	1600.0
37.283	37.483	1600.0	0.0	1600.0	1600.0
37.523	37.793	1600.0	0.0	1600.0	1600.0
37.813	37.943	1600.0	0.0	1600.0	1600.0
38.043	38.263	1600.0	0.0	1600.0	1600.0
38.283	38.523	1600.0	0.0	1600.0	1600.0
38.553	38.643	1600.0	0.0	992.7	1600.0
38.943	39.142	1600.0	0.0	773.8	1600.0
39.162	39.272	1600.0	0.0	689.5	1600.0
39.292	39.622	1600.0	18.4	359.7	1600.0
39.642	39.822	1600.0	303.8	81.0	1600.0
39.842	39.942	1600.0	440.3	0.0	1600.0
40.102	40.362	1600.0	591.3	0.0	1600.0
40.412	40.891	1600.0	488.5	0.0	1600.0
40.911	41.111	1600.0	564.0	0.0	1600.0
41.131	41.841	1600.0	475.1	0.0	1600.0
42.461	43.31	1600.0	361.8	23.0	1600.0
43.48	43.59	1600.0	0.0	496.4	1600.0
43.69	43.95	1600.0	0.0	645.2	1600.0
43.99	44.07	1600.0	0.0	519.9	1600.0
44.09	44.259	1600.0	0.0	494.0	1600.0
44.429	44.509	1600.0	501.0	0.0	1600.0
45.109	45.259	1600.0	594.5	0.0	1600.0
45.279	45.359	1600.0	624.0	0.0	1600.0
45.379	45.539	1600.0	658.5	0.0	1600.0
45.559	45.659	1600.0	658.2	0.0	1600.0
45.679	45.929	1600.0	644.1	0.0	1600.0
45.948	46.308	1600.0	612.2	0.0	1600.0
46.328	46.608	1600.0	597.6	0.0	1600.0
46.628	47.008	1600.0	580.8	0.0	1600.0
47.058	47.558	1600.0	599.6	0.0	1600.0
47.628	48.137	1600.0	623.3	0.0	1600.0
48.197	48.287	1600.0	583.8	0.0	1600.0
48.307	48.587	1600.0	554.1	0.0	1600.0
48.607	49.436	1600.0	539.5	0.0	1600.0
49.626	49.696	1600.0	23.9	400.9	1600.0
50.026	50.116	1600.0	0.0	638.5	1600.0
50.196	50.276	1600.0	0.0	679.2	1600.0
50.296	50.696	1600.0	0.0	645.1	1600.0
50.716	50.926	1600.0	0.0	625.9	1600.0
50.996	51.086	1600.0	0.0	811.6	1600.0
51.445	51.765	1600.0	0.0	792.3	1600.0
51.805	51.955	1600.0	1.0	745.3	1600.0
51.975	52.065	1600.0	0.0	845.9	1600.0
52.225	52.305	1600.0	0.0	795.9	1600.0
52.405	52.625	1600.0	478.2	0.0	1600.0
52.715	52.944	1600.0	444.4	0.0	1600.0
53.244	53.314	1600.0	58.2	1310.6	1600.0
53.344	53.544	1600.0	0.0	1014.3	1600.0
53.604	53.844	1600.0	0.0	1148.8	1600.0
53.944	54.014	1600.0	0.0	812.9	1600.0
54.074	54.174	1600.0	0.0	786.8	1600.0
54.364	54.484	1600.0	44.6	1207.7	1600.0
54.643	54.723	1600.0	0.0	1059.7	1600.0
54.983	55.133	1600.0	0.0	830.7	1600.0
55.143	55.343	1600.0	0.0	852.8	1600.0
55.363	55.433	1600.0	0.0	840.4	1600.0
55.463	55.673	1600.0	0.0	634.5	1600.0
55.693	56.103	1600.0	0.0	472.0	1600.0
56.183	56.512	1600.0	604.4	0.0	1600.0
56.532	56.612	1600.0	506.6	0.0	1600.0
56.632	56.852	1600.0	425.4	0.0	1600.0
56.892	57.122	1600.0	533.1	0.0	1600.0
57.362	57.822	1600.0	0.0	632.3	1600.0
57.912	58.082	1600.0	0.0	619.2	1600.0
58.141	58.461	1600.0	0.0	507.2	1600.0
58.631	58.841	1600.0	197.3	429.0	1600.0
58.881	59.101	1600.0	249.4	377.9	1600.0
59.191	59.411	1600.0	738.4	0.0	1600.0
59.431	59.8	1600.0	726.2	0.0	1600.0
59.84	59.94	1600.0	755.5	0.0	1600.0
60.13	60.22	1600.0	210.3	416.7	0.0
60.38	60.51	1600.0	63.0	522.5	1600.0
60.62	60.74	1600.0	284.0	86.4	1600.0
60.81	61.04	1600.0	0.0	570.8	1600.0
61.08	61.579	1600.0	0.0	545.8	1600.0
61.769	61.859	1600.0	456.0	0.0	1600.0
61.879	62.009	1600.0	403.8	0.0	1600.0
62.029	62.199	1600.0	412.3	0.0	1600.0
62.389	62.909	1600.0	0.0	761.7	1600.0
62.929	63.039	1600.0	22.4	726.6	1600.0
63.448	63.568	1600.0	113.2	250.3	1600.0
63.628	63.778	1600.0	123.0	245.1	1600.0
63.888	64.018	1600.0	578.2	0.0	1600.0
64.038	64.108	1600.0	618.6	0.0	796.5
64.128	64.238	1600.0	576.1	0.0	756.9
64.258	64.768	1600.0	560.8	0.0	1600.0
64.778	64.938	1600.0	490.8	0.0	1600.0
64.978	65.367	1600.0	403.4	0.0	1600.0
65.387	65.547	1600.0	296.7	57.0	1600.0
65.627	65.757	1600.0	0.0	681.7	263.6
65.777	66.107	1600.0	0.0	635.1	291.7
66.147	66.736	1600.0	171.8	278.0	36.8
66.776	67.026	1600.0	191.6	247.2	37.3
67.096	67.356	1600.0	397.6	0.0	228.3
67.376	67.476	1600.0	384.6	0.0	224.1
67.496	67.576	1600.0	376.4	0.0	217.2
67.776	67.896	1600.0	96.4	278.5	0.0
67.916	68.006	1600.0	114.7	251.0	0.0
68.066	68.585	1600.0	141.7	204.6	0.0
68.625	68.855	1600.0	101.4	239.2	0.0
68.915	69.135	1600.0	492.4	0.0	320.9
69.175	69.295	1600.0	517.3	0.0	344.4
69.465	69.625	1600.0	141.8	185.0	0.0
70.115	70.434	1600.0	504.5	0.0	313.0
70.494	70.574	1600.0	121.9	210.7	0.0
71.374	72.093	1600.0	115.9	161.3	0.0
72.113	72.183	1600.0	120.0	163.2	0.0
72.193	72.603	1600.0	72.9	228.4	0.0
72.643	72.723	1600.0	188.6	207.1	0.0
72.743	72.903	1600.0	261.8	273.3	7.0
72.923	73.143	1600.0	168.0	188.2	0.0
73.213	73.603	1600.0	405.3	30.0	1600.0
73.912	74.012	472.2	756.0	181.2	1600.0
74.032	74.142	535.5	691.4	122.9	221.0
74.162	74.252	623.0	594.8	34.5	208.8
74.262	74.412	693.1	535.9	15.5	226.7
74.432	74.542	747.6	476.5	0.0	274.6
74.552	74.692	773.4	437.8	0.0	341.5
74.802	74.992	783.0	437.0	0.0	346.6
75.032	75.122	830.9	437.7	0.0	286.0
75.182	75.411	824.3	439.6	0.0	288.4
75.431	75.571	795.2	459.6	0.0	274.6
75.591	75.791	781.5	467.4	0.0	252.5
75.831	75.901	841.9	422.6	0.0	184.5
76.031	76.391	754.3	621.2	181.0	78.2
76.481	76.611	714.0	593.5	56.7	9.1
76.731	76.911	718.5	560.0	0.0	45.7
77.13	77.39	1600.0	85.4	226.9	499.8
77.41	77.56	1600.0	35.5	297.1	464.9
77.83	77.91	1600.0	0.0	780.7	386.7
77.93	78.13	1600.0	0.0	723.6	1600.0
78.16	78.24	1600.0	0.0	858.2	1600.0
78.26	78.34	1600.0	0.0	846.0	1600.0
78.38	78.54	1600.0	0.0	899.9	1600.0
78.66	78.77	1600.0	0.0	1600.0	1600.0
78.849	78.929	1600.0	0.0	1600.0	1600.0
78.949	79.039	1600.0	0.0	1600.0	1600.0
79.089	79.189	1600.0	0.0	1600.0	1600.0
79.209	79.409	1600.0	0.0	1090.0	1600.0
79.429	79.579	1600.0	0.0	1042.4	1600.0
79.779	79.889	1600.0	0.0	758.7	1600.0
79.909	79.989	1600.0	0.0	734.6	1600.0
80.049	80.269	1600.0	66.1	773.0	1600.0
80.329	80.628	1600.0	125.3	728.9	126.5
80.648	80.738	1600.0	68.9	784.6	71.0
80.758	80.858	1600.0	40.5	774.4	45.0
80.908	81.158	1600.0	148.9	271.9	548.2
81.178	81.428	898.4	421.0	94.1	698.8
81.618	81.688	91.7	1600.0	534.1	1600.0
81.828	81.908	0.0	1600.0	703.7	1600.0
82.068	82.178	378.0	1600.0	1435.4	1140.0
82.417	82.557	76.2	1600.0	1029.5	648.6
82.677	82.787	8.0	1600.0	855.9	520.5
82.917	83.077	82.9	1600.0	681.3	155.4
83.097	83.377	53.5	1600.0	721.1	1600.0
83.427	83.637	57.2	1600.0	713.2	1600.0
83.677	83.957	494.2	875.5	280.0	1600.0
83.977	84.086	827.9	442.7	0.0	1600.0
84.126	84.306	826.8	456.4	0.0	1600.0
84.446	84.546	1338.3	0.0	316.9	1600.0
84.676	84.856	1600.0	381.6	0.0	1600.0
84.876	84.946	865.5	418.8	0.0	1600.0
84.966	85.146	1600.0	465.2	0.0	1600.0
85.226	85.336	1600.0	395.7	5.0	1600.0
85.666	85.875	1600.0	689.7	0.0	212.0
85.885	86.025	1600.0	728.8	0.0	1600.0
86.045	86.145	1600.0	651.5	0.0	1600.0
86.165	86.435	1600.0	688.4	0.0	1600.0
86.445	86.585	1600.0	683.4	0.0	1600.0
86.645	86.775	1600.0	519.1	0.0	1600.0
86.785	86.875	1600.0	426.9	0.0	1600.0
86.915	87.285	1600.0	366.8	0.0	1600.0
87.325	87.494	1600.0	235.4	80.2	1600.0
87.614	87.854	1600.0	21.9	327.4	1600.0
87.894	88.034	1600.0	27.0	349.5	1600.0
88.244	88.374	1600.0	0.0	966.0	1600.0
88.444	88.554	1600.0	0.0	559.5	1600.0
88.694	88.834	1600.0	0.0	353.5	1600.0
88.874	88.964	1600.0	0.0	528.1	1600.0
89.144	89.403	1600.0	93.0	238.7	1600.0
89.593	89.733	1600.0	4.2	1050.6	1600.0
89.743	89.823	1600.0	14.8	1065.9	1600.0
89.843	90.143	1600.0	0.0	980.5	1600.0
90.233	90.373	1600.0	0.0	826.5	1600.0
90.433	90.513	1600.0	0.0	685.4	1600.0
90.533	90.623	1600.0	0.0	642.2	1600.0
90.663	90.923	1600.0	0.0	505.2	1600.0
90.942	91.072	1600.0	0.0	362.8	1600.0
91.112	91.522	1600.0	116.2	207.5	1600.0
91.792	91.912	1600.0	611.2	0.0	1600.0
91.932	92.592	1600.0	54.1	285.4	1600.0
92.821	93.011	1600.0	28.0	954.7	1600.0
93.031	93.551	1600.0	43.7	270.6	1600.0
93.731	93.841	1600.0	506.0	0.0	1600.0
93.901	94.251	1600.0	161.9	182.7	1600.0
94.291	94.47	1600.0	137.6	225.0	1600.0
94.58	94.67	1600.0	0.0	940.7	1600.0
94.71	94.92	1600.0	57.0	879.3	1600.0
94.96	95.13	1600.0	0.0	565.0	1600.0
95.16	95.42	1600.0	0.0	452.4	1600.0
95.63	95.76	1600.0	336.4	12.0	1600.0
95.78	95.89	1600.0	336.9	6.0	1600.0
96.229	96.329	1600.0	18.0	1044.5	1600.0
96.349	96.829	1600.0	11.7	1092.9	1600.0
96.899	97.089	1600.0	33.6	1154.3	1600.0
97.119	97.379	1600.0	0.0	938.7	1600.0
97.399	97.539	1600.0	0.0	620.1	1600.0
97.709	97.948	859.4	1600.0	0.0	1600.0
98.398	98.538	171.0	1600.0	1326.3	1600.0
98.558	98.638	116.2	1600.0	1254.4	1600.0
98.798	99.178	0.0	1600.0	1053.0	1600.0
99.348	99.588	0.0	1600.0	845.5	900.1
99.607	99.727	0.0	1600.0	883.5	877.1
99.777	99.877	162.2	1600.0	876.8	841.8
99.897	100.007	74.0	1600.0	834.2	828.5
100.027	100.267	0.0	1600.0	935.3	991.4
100.307	100.557	26.0	1600.0	1600.0	1600.0
100.727	100.837	277.3	1600.0	1600.0	1600.0
100.857	101.087	20.1	1600.0	952.0	1600.0
101.157	101.506	0.0	1600.0	674.6	1600.0
101.566	101.806	0.0	1600.0	644.7	1600.0
101.826	102.006	0.0	1600.0	586.2	1600.0
102.026	102.096	115.7	1600.0	588.5	658.2
102.116	102.226	104.0	1600.0	587.0	573.6
102.246	102.376	171.8	1600.0	568.8	492.0
102.396	102.486	149.4	1600.0	670.4	496.8
102.526	102.616	101.5	1600.0	789.8	549.2
102.746	102.866	61.0	1600.0	897.8	570.5
102.946	103.485	0.0	1600.0	1600.0	833.6
103.565	103.645	21.4	1600.0	1600.0	1002.1
103.795	103.945	0.0	1600.0	1600.0	992.8
103.965	104.075	0.0	1600.0	1600.0	947.3
104.125	104.375	0.0	1600.0	1600.0	828.7
104.395	104.605	0.0	1600.0	1600.0	804.5
104.924	105.074	0.0	1600.0	1139.0	843.6
105.214	105.324	0.0	1600.0	1066.8	763.1
105.494	105.674	0.0	1600.0	1600.0	661.5
105.744	105.834	0.0	1600.0	1600.0	636.3
105.874	105.994	0.0	1600.0	1600.0	1600.0
106.014	106.184	0.0	1600.0	1600.0	428.8
106.214	106.384	0.0	1600.0	1600.0	1600.0
106.573	106.673	14.0	1600.0	1048.5	446.7
106.713	106.823	27.5	1600.0	952.9	1600.0
106.843	106.973	58.6	1600.0	968.0	1600.0
106.993	107.093	22.8	1600.0	926.4	1600.0
107.113	107.373	31.8	1600.0	861.1	1600.0
107.413	107.513	0.0	1600.0	756.0	1600.0
107.533	107.723	0.0	1600.0	627.5	1600.0
107.813	108.043	0.0	1600.0	562.8	1600.0
108.063	108.153	0.0	1600.0	573.0	1600.0
108.213	108.342	4.2	1600.0	504.0	1600.0
108.362	108.442	0.0	1600.0	517.0	1600.0
108.512	108.722	0.0	1600.0	591.2	1600.0
108.742	108.992	18.0	1600.0	630.7	1600.0
109.092	109.352	89.1	1600.0	625.7	1600.0
109.372	109.552	0.0	1600.0	813.0	108.9
109.762	109.872	0.0	1600.0	748.0	106.8
109.912	110.111	8.0	1600.0	847.4	1600.0
110.131	110.261	298.3	986.7	392.1	1600.0
110.281	110.421	716.3	526.4	27.3	1600.0
110.441	110.521	742.1	483.2	0.0	1600.0
110.581	110.671	483.0	716.1	188.0	1600.0
111.281	111.411	1600.0	549.9	0.0	1600.0
111.491	111.651	1600.0	369.9	0.0	1600.0
111.91	112.01	1600.0	67.6	251.3	1600.0
112.19	112.42	1600.0	677.1	31.0	1600.0
112.44	112.58	1600.0	638.9	0.0	1600.0
112.71	112.8	1600.0	521.7	0.0	1600.0
112.96	113.24	1600.0	510.6	0.0	1600.0
113.26	113.41	1600.0	383.2	0.0	1600.0
113.429	113.519	1600.0	175.2	182.2	1600.0
113.599	113.809	1600.0	90.6	264.5	1600.0
114.249	114.379	1600.0	0.0	642.8	1600.0
114.399	114.619	1600.0	0.0	674.4	1600.0
114.639	114.759	1600.0	0.0	764.9	1600.0
114.779	115.158	1600.0	0.0	716.9	1600.0
115.178	115.528	1600.0	0.0	643.7	1600.0
115.578	115.648	1600.0	22.5	827.6	1600.0
115.758	115.908	1600.0	0.0	712.0	1600.0
115.928	116.128	1600.0	0.0	727.0	1600.0
116.208	116.438	1600.0	73.0	467.4	53.2
116.458	116.578	1600.0	83.7	529.5	66.8
116.598	116.708	1600.0	53.0	562.2	32.3
116.748	117.167	1600.0	45.5	601.4	1.0
117.207	117.727	1600.0	132.0	629.2	1600.0
117.797	118.157	1600.0	0.0	558.1	1600.0
118.177	118.547	1600.0	0.0	598.7	1600.0
118.626	118.806	1600.0	28.4	667.4	27.2
118.926	119.276	1600.0	71.8	733.3	0.0
119.316	119.576	1600.0	130.6	390.6	1600.0
119.596	119.656	1600.0	150.3	294.1	1600.0
119.676	119.896	1600.0	152.1	267.9	1600.0
120.006	120.156	1600.0	637.7	0.0	1600.0
120.166	120.296	1600.0	631.3	0.0	557.1
120.415	120.545	555.4	767.8	129.3	531.9
120.595	120.925	136.2	1600.0	549.5	735.9
120.945	121.065	0.0	1600.0	801.2	828.5
121.305	121.465	0.0	1600.0	886.9	574.1
121.485	121.595	0.0	1600.0	763.6	1600.0
121.665	121.795	103.0	1600.0	591.1	64.8
121.815	121.905	103.1	1600.0	615.0	99.8
121.965	122.194	324.8	1600.0	449.0	296.1
122.254	122.974	11.4	1600.0	779.5	1600.0
123.124	123.474	23.0	1600.0	776.5	1600.0
123.494	123.674	39.0	1600.0	745.6	1600.0
123.774	123.963	46.3	1600.0	754.8	1600.0
123.973	124.283	0.0	1600.0	809.6	1600.0
124.343	124.593	0.0	1600.0	808.9	1600.0
124.663	124.863	1.0	1600.0	781.1	1600.0
124.933	125.003	0.0	1600.0	786.6	1600.0
125.043	125.423	0.0	1600.0	803.4	1600.0
125.463	125.672	0.0	1600.0	853.0	1600.0
125.692	126.162	0.0	1600.0	803.5	1600.0
126.282	126.792	0.0	1600.0	806.9	1600.0
126.862	127.212	0.0	1600.0	745.9	1600.0
127.232	127.491	589.1	591.8	136.5	1600.0
127.511	127.631	739.1	524.8	60.9	1600.0
128.081	128.191	1600.0	347.5	0.0	1600.0
128.211	128.301	943.4	421.7	0.0	1600.0
128.341	128.431	878.4	474.1	0.0	1600.0
128.451	128.571	1600.0	536.0	0.0	1600.0
128.631	128.811	840.5	544.1	0.0	1600.0
128.921	129.15	1600.0	455.5	0.0	1600.0
129.19	129.44	1600.0	523.3	0.0	1600.0
129.46	129.71	1600.0	435.0	0.0	1600.0
129.72	130.03	1600.0	483.6	0.0	1600.0
130.15	130.49	1600.0	461.5	0.0	1600.0
130.5	131.239	1600.0	722.1	0.0	1600.0
131.299	131.409	1600.0	1600.0	0.0	1600.0
131.429	131.589	1600.0	754.3	0.0	1600.0
131.599	131.969	1600.0	464.5	0.0	1600.0
131.989	132.139	1600.0	173.4	155.0	1600.0
132.359	132.478	1600.0	88.6	242.7	1600.0
132.758	132.878	1600.0	0.0	688.8	1600.0
132.898	133.038	1600.0	0.0	612.0	1600.0
133.058	133.138	1600.0	0.0	595.2	1600.0
133.158	133.278	1600.0	0.0	452.9	1600.0
133.298	133.438	1600.0	69.2	201.9	1600.0
133.458	133.688	1600.0	185.1	86.3	1600.0
133.868	133.958	1600.0	718.9	127.3	1600.0
133.978	134.088	1600.0	601.4	16.0	1600.0
134.148	134.237	1600.0	489.0	0.0	1600.0
134.287	134.557	1600.0	380.0	0.0	1600.0
134.577	134.787	1600.0	338.6	0.0	1600.0
134.807	135.207	1600.0	270.5	44.0	1600.0
135.277	135.347	1600.0	202.5	119.1	1600.0
135.417	135.497	1600.0	0.0	636.2	1600.0
135.517	135.657	1600.0	0.0	563.7	1600.0
135.677	135.747	1600.0	0.0	473.1	1600.0
135.817	135.886	1600.0	0.0	634.0	1600.0
135.926	136.196	1600.0	0.0	517.2	1600.0
136.326	136.556	1600.0	221.0	138.9	1600.0
136.596	136.706	1600.0	151.4	234.8	1600.0
136.726	136.856	1600.0	94.0	314.1	1600.0
136.996	137.086	1600.0	0.0	963.9	1600.0
137.146	137.226	1600.0	85.4	817.2	1600.0
137.276	138.205	1600.0	22.8	715.0	1600.0
138.225	138.895	1600.0	1.0	742.3	6.7
138.915	139.035	1600.0	19.0	752.3	0.0
139.075	139.225	1600.0	0.0	706.3	48.2
139.364	139.624	734.6	555.4	5.0	647.9
139.694	139.774	317.9	1600.0	266.9	1600.0
140.214	140.284	118.1	1600.0	1211.2	1600.0
140.614	140.794	7.2	1600.0	1025.6	722.7
140.894	141.014	0.0	1600.0	946.1	598.2
141.033	141.133	0.0	1600.0	1005.9	1600.0
141.293	141.443	204.4	1600.0	1600.0	1600.0
141.463	141.563	174.3	1600.0	1600.0	1600.0
141.613	141.693	120.5	1600.0	994.1	1600.0
141.733	141.843	62.0	1600.0	898.7	1600.0
141.863	141.993	0.0	1600.0	785.4	1600.0
142.013	142.173	0.0	1600.0	709.3	1600.0
142.193	142.273	0.0	1600.0	657.3	1600.0
142.333	142.593	0.0	1600.0	563.1	645.0
142.613	142.693	25.0	1600.0	580.5	677.0
142.713	142.822	23.0	1600.0	709.2	1600.0
142.992	143.192	0.0	1600.0	1600.0	456.3
143.242	143.322	0.0	1600.0	1600.0	221.4
143.332	143.452	0.0	1600.0	1600.0	270.7
143.472	143.582	0.0	1600.0	1600.0	1600.0
143.662	143.742	0.0	1600.0	1600.0	1600.0
143.812	144.152	0.0	1600.0	863.5	1600.0
144.242	144.462	0.0	1600.0	791.1	1600.0
144.482	144.861	32.2	1600.0	767.8	1600.0
144.911	145.261	771.6	485.4	0.0	1600.0
145.731	145.971	1600.0	207.4	85.1	1600.0
146.031	146.26	767.5	590.0	0.0	1600.0
146.28	146.36	740.9	611.3	0.0	1600.0
146.37	146.5	845.0	538.7	0.0	1600.0
146.56	146.68	1600.0	538.3	0.0	1600.0
146.83	146.96	1600.0	540.1	0.0	1600.0
146.98	147.09	1600.0	454.7	0.0	1600.0
147.58	147.68	1600.0	242.6	89.0	1600.0
147.7	147.959	1600.0	96.9	240.3	1600.0
147.999	148.079	1600.0	186.3	144.2	1600.0
148.259	148.509	1600.0	0.0	465.5	1600.0
148.579	148.649	1600.0	434.5	0.0	1600.0
148.709	148.939	1600.0	298.2	71.4	1600.0
149.149	149.229	1600.0	0.0	763.9	1600.0
149.249	149.339	1600.0	0.0	764.0	1600.0
149.399	149.479	1600.0	0.0	873.7	1600.0
149.579	149.788	1600.0	0.0	990.0	1600.0
149.808	149.938	1600.0	0.0	973.4	1600.0
149.958	150.058	1600.0	0.0	963.4	1600.0
150.308	150.458	1600.0	0.0	971.3	1600.0
150.498	150.648	1600.0	0.0	981.7	1600.0
150.668	151.158	1600.0	0.0	1091.1	1600.0
151.178	151.797	740.6	491.4	0.0	1600.0
152.227	152.367	78.5	1600.0	840.8	1600.0
152.417	152.537	0.0	1600.0	833.1	1600.0
152.567	152.817	62.0	1600.0	1009.4	1600.0
152.827	153.097	1.4	1600.0	1024.3	1600.0
153.117	153.216	0.0	1600.0	906.0	508.6
153.236	153.546	1.0	1600.0	1053.2	275.0
153.666	153.796	21.9	1600.0	731.5	1600.0
154.146	154.226	0.0	1600.0	701.6	1600.0
154.246	154.346	130.0	1600.0	483.7	1600.0
154.396	154.496	237.1	868.6	381.6	1600.0
154.516	154.626	290.4	813.1	332.4	1600.0
154.646	154.756	301.5	804.8	330.0	1600.0
154.776	154.856	287.0	830.7	362.2	1600.0
155.185	155.325	1149.3	151.0	99.7	1600.0
155.385	155.705	1600.0	108.0	167.8	1600.0
155.745	156.045	1600.0	253.9	70.0	1600.0
156.065	156.155	994.4	332.3	83.7	1600.0
156.175	156.255	909.2	394.1	61.8	1600.0
156.425	156.555	798.3	526.4	0.0	1600.0
156.574	156.694	823.0	514.6	0.0	1600.0
156.714	156.954	1600.0	508.1	0.0	1600.0
156.974	157.094	1600.0	616.1	0.0	1600.0
157.114	157.204	1600.0	577.4	0.0	1600.0
157.224	157.534	1600.0	1600.0	0.0	1600.0
157.554	157.624	1600.0	735.4	0.0	1600.0
157.664	157.944	1600.0	584.5	0.0	1600.0
157.964	158.044	1600.0	390.5	16.5	1600.0
158.064	158.343	1600.0	360.7	0.0	1600.0
158.363	158.593	1600.0	146.3	178.8	1600.0
158.633	158.743	1600.0	0.0	349.5	1600.0
158.893	159.013	1600.0	109.0	226.6	1600.0
159.193	159.293	1600.0	0.0	685.1	1600.0
159.373	159.443	1600.0	0.0	742.8	1600.0
159.463	159.573	1600.0	0.0	728.6	1600.0
159.913	160.132	1600.0	68.7	260.6	1600.0
160.192	160.342	1600.0	22.8	306.3	1600.0
160.442	160.672	1600.0	291.3	42.4	1600.0
160.742	160.952	1600.0	147.1	191.0	1600.0
161.042	161.772	1600.0	0.0	601.5	1600.0
161.861	162.161	1600.0	420.1	0.0	1600.0
162.231	162.521	1600.0	45.2	716.1	1600.0
162.541	163.271	1600.0	52.9	736.1	0.0
163.291	163.79	1600.0	1.4	651.7	12.6
163.81	163.98	1600.0	0.0	619.5	35.4
164.21	164.48	1600.0	363.6	0.0	1600.0
164.59	164.74	1600.0	0.0	845.0	1600.0
164.8	165.02	1600.0	10.4	803.5	1600.0
165.1	165.18	1600.0	33.2	756.3	1600.0
165.2	165.289	1600.0	36.7	736.8	1600.0
165.329	165.959	1600.0	0.0	757.6	1600.0
165.999	166.559	1600.0	32.4	489.3	261.9
166.579	166.709	417.1	1600.0	190.1	1600.0
167.298	167.558	24.0	1600.0	1020.9	1600.0
167.578	167.958	0.0	1600.0	957.3	1600.0
167.978	168.078	0.0	1600.0	893.4	1600.0
168.228	168.358	0.0	1600.0	761.6	1600.0
168.378	168.538	0.0	1600.0	674.3	694.7
168.558	168.628	79.0	1600.0	566.0	403.7
168.647	168.847	68.2	1600.0	609.4	126.3
168.957	169.097	60.2	1600.0	670.9	99.7
169.197	169.347	10.6	1600.0	762.4	45.7
169.367	169.477	9.0	1600.0	835.0	26.2
169.547	169.627	1.0	1600.0	854.6	161.8
169.647	169.877	0.0	1600.0	858.1	220.7
169.897	170.007	17.0	1600.0	846.1	257.4
170.047	170.287	0.0	1600.0	922.2	230.9
170.406	170.576	13.9	1600.0	942.1	233.6
170.686	170.966	0.0	1600.0	915.7	164.2
171.096	171.186	0.0	1600.0	888.2	189.6
171.246	171.426	0.0	1600.0	918.3	135.4
171.516	171.736	0.0	1600.0	914.0	107.5
171.906	172.275	89.1	1600.0	758.0	1.0
172.315	172.685	48.7	1600.0	817.3	21.0
172.725	172.895	42.2	1600.0	770.7	0.0
172.995	173.315	141.0	1600.0	660.3	1600.0
173.345	173.595	28.6	1600.0	756.5	1600.0
173.665	173.924	167.4	1600.0	548.7	1600.0
173.944	174.194	413.1	832.8	295.1	1600.0
174.544	174.644	1600.0	0.0	335.9	1600.0
174.684	174.774	1600.0	0.0	274.4	1600.0
174.964	175.094	1600.0	202.0	89.8	1600.0
175.114	175.184	1600.0	274.6	31.8	1600.0
175.244	175.414	1600.0	334.1	8.0	1600.0
175.583	175.713	1600.0	354.2	21.0	1600.0
175.813	175.963	1600.0	159.8	208.3	1600.0
175.983	176.063	1600.0	110.6	251.5	1600.0
176.083	176.193	1600.0	158.9	199.9	1600.0
176.303	176.513	1600.0	0.0	439.7	1600.0
176.533	176.613	1600.0	131.0	239.0	1600.0
176.793	177.043	1600.0	592.2	0.0	1600.0
177.093	177.712	1600.0	449.2	0.0	1600.0
177.732	178.022	1600.0	200.5	172.1	1600.0
178.312	178.442	1600.0	0.0	499.4	1600.0
178.482	178.592	1600.0	0.0	701.9	1600.0
178.842	178.942	1600.0	573.0	0.0	1600.0
178.992	179.191	1600.0	357.0	0.0	1600.0
179.211	179.521	1600.0	232.0	117.8	1600.0
179.671	179.891	1600.0	94.1	985.9	1600.0
180.051	180.171	1600.0	220.2	1202.2	1600.0
180.191	180.361	1600.0	267.0	1275.2	1600.0
180.461	180.581	1600.0	304.3	1370.1	1600.0
180.601	180.711	1600.0	249.5	1328.2	1600.0
180.73	180.98	1600.0	154.7	1600.0	1600.0
181.03	181.26	1600.0	65.0	1600.0	1600.0
181.28	181.67	1600.0	35.3	1600.0	15.8
181.73	181.9	1600.0	18.4	1093.2	1600.0
181.98	182.42	1600.0	0.0	1028.2	1600.0
182.45	182.529	1600.0	0.0	927.8	1600.0
182.549	182.939	1600.0	0.0	933.1	1600.0
182.959	183.169	1600.0	0.0	908.5	1600.0
183.229	183.309	1600.0	0.0	933.0	59.9
183.329	183.459	1600.0	0.0	925.0	138.8
183.629	183.739	1600.0	0.0	750.3	211.5
183.779	183.869	1600.0	0.0	434.6	1600.0
183.949	184.139	1600.0	66.7	291.7	1600.0
184.178	184.278	1600.0	50.2	320.4	1600.0
184.468	184.558	1600.0	565.3	0.0	1600.0
184.578	184.688	1600.0	491.1	0.0	1600.0
184.728	184.898	1600.0	454.6	0.0	1600.0
184.918	184.988	1600.0	168.3	224.0	1600.0
185.028	185.158	1600.0	68.2	348.9	1600.0
185.178	185.468	1600.0	0.0	481.0	1600.0
185.598	185.808	1600.0	0.0	953.5	1600.0
185.927	186.017	1600.0	0.0	918.2	1600.0
186.127	186.227	1600.0	0.0	946.4	1600.0
186.267	186.437	1600.0	0.0	971.1	1600.0
186.547	186.827	1600.0	0.0	929.2	1600.0
186.867	187.047	1600.0	0.0	697.1	1600.0
187.117	187.377	1600.0	0.0	632.8	1600.0
187.397	187.497	1600.0	0.0	639.6	1600.0
187.537	187.627	1600.0	0.0	836.4	1600.0
187.756	187.876	1600.0	0.0	1120.3	1600.0
188.366	188.496	1600.0	0.0	435.5	1600.0
188.656	188.856	1600.0	26.1	400.2	1600.0
188.896	189.006	1600.0	0.0	429.2	1600.0
189.316	189.425	1600.0	13.0	1088.7	1600.0
189.575	189.695	1600.0	0.0	833.4	251.4
189.715	189.915	1600.0	0.0	921.5	215.7
189.955	190.195	1600.0	190.2	1313.9	57.9
190.325	190.555	1600.0	95.4	1161.8	1600.0
190.575	190.675	1600.0	95.8	1177.3	1600.0
190.695	190.825	1600.0	105.4	1179.3	1600.0
190.965	191.144	1600.0	0.0	893.0	1600.0
191.174	191.384	1600.0	52.9	1022.4	1600.0
191.514	192.174	1600.0	0.0	809.6	1600.0
192.234	192.664	1600.0	0.0	737.8	112.0
192.684	192.764	1600.0	53.7	288.9	643.6
192.784	192.893	1600.0	63.4	289.6	662.2
192.913	193.023	1600.0	25.0	381.1	542.9
193.143	193.313	1600.0	530.4	0.0	1600.0
193.333	193.443	1600.0	521.6	0.0	1600.0
193.883	194.063	1600.0	557.4	0.0	1600.0
194.163	194.273	1600.0	319.1	55.7	1600.0
194.293	194.423	1600.0	142.7	265.3	1600.0
194.582	194.672	1600.0	13.0	404.7	1600.0
194.842	194.962	1600.0	0.0	778.4	1600.0
195.012	195.172	1600.0	0.0	383.6	1600.0
195.242	195.542	1600.0	425.8	0.0	1600.0
195.672	195.772	1600.0	729.2	0.0	1600.0
195.812	195.912	1600.0	644.7	0.0	1600.0
195.932	196.042	1600.0	654.4	0.0	1600.0
196.082	196.591	1600.0	628.0	0.0	1600.0
196.611	197.781	1600.0	592.6	4.5	1600.0
197.801	198.73	1600.0	541.7	0.0	1600.0
198.8	199.13	1600.0	488.5	0.0	1600.0
199.2	199.59	1600.0	469.9	0.0	1600.0
199.61	199.829	1600.0	493.3	0.0	1600.0
199.879	199.989	1600.0	505.8	0.0	1600.0
200.009	200.409	1600.0	515.7	0.0	1600.0
200.459	200.809	1600.0	486.3	0.0	1600.0
200.829	201.329	1600.0	118.3	308.7	1600.0
201.428	201.628	1600.0	0.0	811.7	1600.0
201.798	201.978	1600.0	0.0	761.0	1600.0
201.998	202.138	1600.0	0.0	761.4	1600.0
202.178	202.358	1600.0	0.0	952.2	1600.0
202.378	202.528	1600.0	0.0	880.0	1600.0
202.598	202.868	1600.0	0.0	954.5	1600.0
202.958	203.028	1600.0	0.0	882.1	1600.0
203.068	203.167	1600.0	0.0	923.4	1600.0
203.277	203.437	1600.0	477.5	0.0	1600.0
203.477	203.577	1600.0	455.0	0.0	1600.0
203.597	203.857	1600.0	447.2	0.0	1600.0
203.877	203.997	1600.0	416.8	0.0	1600.0
204.017	204.157	1600.0	401.0	0.0	1600.0
204.327	204.547	1600.0	0.0	462.8	1600.0
204.567	204.677	1600.0	0.0	483.4	1600.0
204.777	204.877	1600.0	12.7	679.0	1600.0
205.146	205.306	1600.0	0.0	523.7	1600.0
205.396	205.556	1600.0	0.0	535.3	1600.0
205.686	205.776	1600.0	438.5	0.0	1600.0
205.816	205.966	1600.0	461.6	0.0	1600.0
205.986	206.366	1600.0	308.0	36.1	1600.0
206.396	206.645	1600.0	401.3	0.0	1600.0
206.665	206.865	1600.0	486.3	0.0	687.3
206.965	207.205	1600.0	60.7	607.2	1.0
207.225	207.475	1600.0	15.0	678.3	1600.0
207.575	207.735	1600.0	0.0	734.8	1600.0
207.825	208.045	1600.0	16.3	929.8	1600.0
208.065	208.135	1600.0	47.5	944.2	1600.0
208.175	208.504	1600.0	15.6	893.3	1600.0
208.524	208.594	1600.0	44.3	943.2	1600.0
208.764	208.844	1600.0	14.2	906.7	1600.0
208.934	209.164	1600.0	32.5	1029.8	1600.0
209.184	209.274	1600.0	22.0	1026.0	1600.0
209.324	209.524	1600.0	0.0	859.8	1600.0
209.614	209.884	1600.0	0.0	772.7	1600.0
209.894	210.143	1600.0	0.0	794.3	1600.0
210.243	210.433	1600.0	33.3	1041.3	1600.0
210.563	210.693	1600.0	0.0	806.3	1600.0
210.853	211.063	1600.0	0.0	709.0	1600.0
211.083	211.183	1600.0	0.0	708.2	1600.0
211.243	211.473	1600.0	0.0	651.4	1600.0
211.593	211.762	1600.0	0.0	506.3	1600.0
211.832	211.982	1600.0	0.0	560.6	1600.0
212.162	212.262	1600.0	0.0	776.8	1600.0
212.282	212.452	1600.0	0.0	829.0	1600.0
212.742	212.862	1600.0	0.0	858.9	1600.0
212.872	213.162	1600.0	0.0	770.4	1600.0
213.292	213.531	1600.0	0.0	656.8	1600.0
213.751	213.851	1600.0	555.3	0.0	1600.0
213.991	214.241	1600.0	549.2	0.0	1600.0
214.281	214.371	1600.0	433.2	0.0	1600.0
214.381	214.511	1600.0	477.2	0.0	1600.0
214.531	214.701	1600.0	423.5	0.0	1600.0
214.781	214.931	1600.0	17.8	785.7	1600.0
215.21	215.53	1600.0	278.9	1218.1	1600.0
215.65	215.84	1600.0	121.6	1067.3	1600.0
215.93	216.29	1600.0	32.4	431.2	1600.0
216.31	216.42	1600.0	130.7	272.6	1600.0
216.46	216.54	1600.0	84.1	322.0	1600.0
216.9	217.109	1600.0	165.1	219.8	1600.0
217.149	217.309	1600.0	78.2	315.0	1600.0
217.329	217.489	1600.0	25.5	397.0	1600.0
217.779	217.879	1600.0	194.6	1160.6	1600.0
217.899	218.339	1600.0	104.1	1067.3	10.0
218.359	218.778	1600.0	76.0	394.5	1600.0
219.128	219.218	1600.0	197.9	196.8	1600.0
219.298	219.378	1600.0	148.6	263.1	1600.0
219.698	219.808	1600.0	76.4	1047.7	1600.0
219.828	220.168	1600.0	24.0	982.2	1600.0
220.188	220.387	1600.0	51.6	991.7	42.5
220.407	220.557	1600.0	29.8	982.9	0.0
220.577	220.677	1600.0	0.0	906.6	11.4
220.697	220.787	1600.0	32.5	551.4	375.2
220.827	220.947	1600.0	86.0	298.8	1600.0
220.967	221.287	1600.0	70.8	313.2	1600.0
221.457	221.527	1600.0	522.8	0.0	1600.0
221.577	221.647	1600.0	456.8	0.0	1600.0
221.667	221.907	1600.0	449.2	0.0	1600.0
221.927	222.186	1600.0	498.6	0.0	1600.0
222.266	222.446	1600.0	178.4	186.1	1600.0
222.466	222.746	1600.0	131.5	242.0	1600.0
222.996	223.076	1600.0	184.6	1100.0	1600.0
223.116	223.386	1600.0	141.7	1125.8	1600.0
223.516	223.606	1600.0	0.0	1120.1	1600.0
223.696	223.776	1600.0	0.0	1083.8	1600.0
223.795	223.865	1600.0	0.0	1061.2	1600.0
223.925	224.055	1600.0	7.0	1183.7	1600.0
224.075	224.165	1600.0	0.0	1129.3	1600.0
224.255	224.375	1600.0	0.0	1059.3	1600.0
224.415	224.605	1600.0	0.0	759.5	1600.0
224.815	224.955	1600.0	0.0	631.7	1600.0
225.045	225.225	1600.0	0.0	573.1	1600.0
225.305	225.425	1600.0	12.5	657.9	1600.0
225.495	225.674	1600.0	0.0	880.6	44.4
225.744	226.334	1600.0	42.5	545.0	1600.0
226.374	226.544	1600.0	72.2	387.7	1600.0
226.734	226.824	1600.0	605.9	0.0	1600.0
226.864	226.974	1600.0	627.5	0.0	1600.0
226.994	227.563	1600.0	575.6	0.0	1600.0
227.583	227.723	1600.0	145.3	277.7	1600.0
227.743	227.923	1600.0	35.5	397.2	1600.0
228.163	228.243	1600.0	122.0	1127.6	1600.0
228.283	228.393	1600.0	115.5	1099.0	1600.0
228.413	228.523	1600.0	97.0	1070.1	1600.0
228.962	229.242	1600.0	65.1	1053.8	1600.0
229.262	230.052	1600.0	38.0	1023.7	1600.0
230.062	230.412	1600.0	0.0	957.5	44.4
230.492	231.121	1600.0	9.0	663.3	1600.0
231.181	231.411	1600.0	37.1	325.2	450.8
231.581	231.831	757.8	529.6	0.0	386.4
231.851	232.261	262.7	1048.1	365.5	727.0
232.291	232.46	24.6	1600.0	711.7	1600.0
232.73	232.89	130.9	1600.0	1178.9	962.0
232.96	233.05	95.7	1600.0	1072.5	1600.0
233.11	233.51	0.0	1600.0	785.1	1600.0
233.55	233.66	262.5	842.3	352.6	1600.0
233.81	234.199	689.9	465.0	39.0	1600.0
234.559	234.709	945.9	326.4	0.0	1600.0
234.729	234.839	945.2	363.4	13.3	1600.0
234.859	235.429	1600.0	354.6	1.0	1600.0
235.449	235.609	1001.1	413.8	15.0	1600.0
235.829	235.978	1600.0	490.7	0.0	1600.0
235.998	236.438	1600.0	497.8	0.0	1600.0
236.458	236.678	1600.0	558.8	0.0	1600.0
236.698	236.778	1600.0	907.2	0.0	1600.0
236.818	236.908	1600.0	1600.0	0.0	1600.0
236.968	237.068	1600.0	794.2	0.0	1600.0
237.078	237.228	1600.0	710.7	0.0	1600.0
237.248	237.358	1600.0	355.4	0.0	1600.0
237.418	237.508	1600.0	125.6	204.5	1600.0
237.568	237.647	1600.0	72.7	261.4	1600.0
237.667	237.927	1600.0	33.9	307.7	1600.0
237.987	238.097	1600.0	0.0	479.8	1600.0
238.227	238.367	1600.0	0.0	537.0	1600.0
238.377	238.457	1600.0	0.0	542.1	1600.0
238.747	238.827	1600.0	0.0	349.0	1600.0
238.957	239.067	1600.0	0.0	434.2	1600.0
239.316	239.406	1600.0	210.4	140.2	1600.0
239.446	239.536	1600.0	46.5	326.4	1600.0
239.716	239.896	1600.0	103.1	263.5	1600.0
239.986	240.096	1600.0	0.0	728.2	1600.0
240.266	240.376	1600.0	0.0	500.2	1600.0
240.396	240.526	1600.0	0.0	513.1	1600.0
240.686	240.766	1600.0	387.1	0.0	1600.0
240.826	241.215	1600.0	119.4	246.8	1600.0
241.435	241.555	1600.0	32.0	951.0	0.0
241.575	241.695	1600.0	11.2	913.0	0.0
241.715	241.925	1600.0	0.0	822.0	91.2
241.965	242.075	1600.0	0.0	547.1	1600.0
242.115	242.365	717.8	1600.0	0.0	1600.0
242.385	242.535	619.5	1600.0	9.8	1600.0
242.904	243.134	75.0	1600.0	1173.7	1600.0
243.214	243.424	0.0	1600.0	933.1	335.8
243.464	243.554	0.0	1600.0	820.7	1600.0
243.594	243.794	0.0	1600.0	729.4	1600.0
243.864	243.944	0.0	1600.0	709.1	1600.0
243.994	244.124	83.2	1600.0	645.7	1600.0
244.144	244.334	66.0	1600.0	592.0	1600.0
244.414	244.573	424.3	590.2	207.3	1600.0
244.713	244.843	604.5	439.1	72.1	616.7
245.163	245.253	1076.0	118.8	59.9	1600.0
245.313	245.393	1600.0	134.4	47.4	1600.0
245.593	245.763	917.0	382.3	0.0	1600.0
245.883	245.993	1600.0	352.9	0.0	1600.0
246.013	246.193	1600.0	236.0	80.0	1600.0
246.212	246.372	1600.0	148.3	183.3	1600.0
246.392	246.502	1600.0	200.7	123.0	1600.0
246.562	246.672	1600.0	380.0	0.0	1600.0
246.692	246.792	1600.0	422.3	0.0	1600.0
246.832	247.122	1600.0	515.1	0.0	1600.0
247.142	247.642	1600.0	420.3	0.0	1600.0
247.662	247.772	1600.0	386.3	0.0	1600.0
247.812	247.941	1600.0	350.5	0.0	1600.0
247.961	248.081	1600.0	281.6	62.8	1600.0
248.121	248.341	1600.0	295.6	44.9	1600.0
248.511	248.621	1600.0	331.4	9.8	1600.0
248.721	248.891	1600.0	0.0	744.9	1600.0
248.931	249.001	1600.0	25.5	954.1	1600.0
249.011	249.171	1600.0	0.0	855.1	1600.0
249.361	249.441	1600.0	84.2	1029.4	1600.0
249.501	249.591	1600.0	36.1	981.4	1600.0
249.77	249.88	1600.0	0.0	648.9	1600.0
249.9	250.03	1600.0	0.0	649.2	1600.0
250.11	250.29	1600.0	0.0	967.8	1600.0
250.47	250.61	1600.0	456.1	0.0	1600.0
250.73	250.84	1600.0	226.6	118.3	1600.0
250.89	251.11	1600.0	233.4	120.4	1600.0
251.409	251.529	1600.0	78.9	1054.3	1600.0
251.549	251.659	1600.0	56.6	1021.7	1600.0
251.699	252.259	1600.0	70.7	1040.5	1600.0
252.399	252.559	1600.0	52.8	1012.9	1600.0
252.659	252.789	1600.0	57.6	1002.7	1600.0
252.809	253.088	1600.0	53.3	1024.1	1600.0
253.118	253.338	1600.0	58.2	945.4	1600.0
253.358	253.508	1600.0	4.2	992.4	1600.0
253.778	254.048	1600.0	92.2	1230.7	1600.0
254.068	254.188	1600.0	24.0	1240.1	92.6
254.248	254.338	1600.0	44.1	1234.5	54.0
254.378	254.648	1600.0	70.8	1212.9	4.1
254.668	254.877	1600.0	0.0	927.2	143.0
254.917	255.307	545.8	1600.0	181.8	1600.0
255.897	256.367	34.8	1600.0	1065.4	1600.0
256.397	256.706	40.3	1600.0	903.3	1600.0
256.746	256.856	0.0	1600.0	825.6	270.0
256.936	257.256	0.0	1600.0	820.7	186.5
257.276	257.486	0.0	1600.0	860.1	258.6
257.526	257.706	47.4	1600.0	917.5	177.0
257.726	257.976	64.0	1600.0	974.2	179.2
258.026	258.196	0.0	1600.0	813.5	403.6
258.275	258.525	0.0	1600.0	663.6	512.5
258.575	258.705	0.0	1600.0	626.1	545.6
258.725	258.805	0.0	1600.0	772.5	569.7
258.945	259.105	22.8	1600.0	812.7	440.0
259.125	259.275	49.3	1600.0	882.9	301.3
259.365	259.545	0.0	1600.0	768.9	223.1
259.565	259.675	0.0	1600.0	1600.0	185.3
259.695	259.795	0.0	1600.0	737.0	139.5
259.845	259.915	0.0	1600.0	535.0	226.4
259.924	260.054	35.6	1600.0	441.0	267.0
260.094	260.244	0.0	1600.0	487.5	233.4
260.404	260.594	0.0	1600.0	632.8	1600.0
260.664	261.024	7.2	1600.0	550.7	1600.0
261.054	261.184	75.7	880.9	408.4	1600.0
261.244	261.414	220.0	775.6	305.5	1600.0
261.664	261.873	719.1	472.0	7.1	1600.0
261.993	262.163	1600.0	61.1	214.2	1600.0
262.263	262.443	943.5	354.0	0.0	1600.0
262.483	262.593	769.4	482.3	0.0	1600.0
262.613	262.723	717.8	521.4	0.0	1600.0
262.763	262.873	649.8	588.2	0.0	1600.0
262.893	262.973	630.7	596.0	0.0	1600.0
263.043	263.143	589.9	639.3	1600.0	239.3
263.183	263.253	615.5	732.5	16.8	1600.0
263.333	263.442	674.6	820.8	0.0	1600.0
263.482	263.592	709.0	741.7	4.0	1600.0
263.612	263.742	800.9	651.4	87.0	1600.0
263.762	263.912	863.6	718.6	304.0	1600.0
263.932	264.132	972.4	1600.0	1600.0	1600.0
264.242	264.332	1023.6	1600.0	1600.0	1600.0
264.602	264.702	864.9	1600.0	844.0	1600.0
265.032	265.171	696.8	1600.0	664.7	1600.0
265.371	265.511	715.1	912.5	624.3	1600.0
265.731	265.861	824.5	797.8	624.3	1600.0
265.911	266.141	828.0	772.8	589.9	1600.0
267.08	267.16	691.4	916.0	625.3	1600.0
267.35	267.44	711.1	903.5	629.8	1600.0
267.48	267.59	695.9	905.4	626.2	1600.0
267.78	267.85	733.0	898.0	653.6	1600.0
267.87	267.98	689.0	893.4	629.7	1600.0
268.0	268.13	660.4	902.6	620.2	1600.0
268.43	268.579	662.2	888.0	611.4	1600.0
268.599	268.829	681.8	882.9	615.8	1600.0
268.849	269.089	701.9	876.0	619.5	1600.0
269.129	269.369	693.1	879.6	619.7	1600.0
