start_time	end_time	Block	Grid	IFU	Single Shape
0.265	0.645	1600.0	1600.0	1600.0	1600.0
2.434	2.504	193.2	897.0	449.0	1600.0
2.613	2.693	945.6	183.0	48.8	1600.0
2.713	2.783	929.2	237.6	20.9	1600.0
2.863	3.013	875.3	332.4	1.0	1600.0
3.033	3.133	821.5	479.9	0.0	1600.0
3.183	3.293	743.9	564.1	0.0	1600.0
3.413	3.543	649.5	590.3	21.0	1600.0
3.613	3.683	706.1	557.5	0.0	1600.0
3.703	3.783	747.1	539.8	0.0	1600.0
3.853	3.963	777.4	650.8	0.0	1600.0
4.003	4.113	834.1	510.9	0.0	1600.0
4.153	4.382	870.4	535.5	0.0	1600.0
4.402	4.642	941.4	1600.0	0.0	1600.0
4.662	4.932	1017.9	698.1	0.0	1600.0
4.952	5.072	1600.0	597.9	0.0	1600.0
5.132	5.242	1600.0	449.2	4.2	1600.0
5.262	5.382	1600.0	431.1	14.9	1600.0
5.402	5.502	1600.0	430.4	14.1	1600.0
5.532	5.902	1600.0	393.4	0.0	1600.0
5.962	6.311	1600.0	17.0	300.6	1600.0
6.401	6.471	1600.0	28.4	957.0	1600.0
6.701	6.781	1600.0	80.3	1030.0	1600.0
6.851	7.061	1600.0	120.2	1600.0	1600.0
7.161	7.331	1600.0	135.6	1600.0	1600.0
7.351	7.75	1600.0	10.3	1600.0	1600.0
7.77	7.9	1600.0	31.8	1600.0	0.0
8.18	8.31	1600.0	0.0	1600.0	1600.0
8.37	8.47	1600.0	0.0	1600.0	103.2
8.54	8.61	1600.0	106.5	1600.0	8.1
8.63	9.03	1600.0	98.3	1600.0	0.0
9.07	9.459	1600.0	123.4	1600.0	0.0
10.069	10.949	1600.0	95.8	1600.0	0.0
11.079	11.278	1600.0	66.6	1600.0	35.0
11.318	11.578	1600.0	65.2	1600.0	1600.0
11.618	11.908	1600.0	90.9	1600.0	1600.0
11.928	12.158	1600.0	90.5	1600.0	0.0
12.178	12.258	1600.0	34.0	1600.0	1600.0
12.298	12.518	1600.0	60.6	1600.0	1600.0
12.608	12.748	1600.0	0.0	1600.0	1600.0
12.768	12.858	1600.0	0.0	1600.0	1600.0
13.087	13.297	1600.0	0.0	1600.0	1600.0
13.397	13.617	1600.0	0.0	1600.0	1600.0
13.697	13.877	1600.0	0.0	1600.0	1600.0
13.897	14.037	1600.0	0.0	1600.0	1600.0
14.097	14.217	1600.0	0.0	1600.0	1600.0
14.267	14.367	1600.0	0.0	1600.0	50.6
14.387	14.646	1600.0	17.8	1600.0	43.1
14.666	14.906	1600.0	73.8	1600.0	20.0
14.946	15.296	1600.0	126.1	277.5	1600.0
15.686	15.796	60.4	1600.0	510.4	1600.0
16.106	16.585	52.8	1600.0	989.7	1600.0
16.615	16.725	0.0	1600.0	848.6	1600.0
16.765	16.875	0.0	1600.0	799.6	1600.0
17.065	17.145	0.0	1600.0	812.8	1600.0
17.185	17.315	0.0	1600.0	805.0	1600.0
17.335	17.405	0.0	1600.0	834.5	1600.0
17.465	17.535	22.0	1600.0	879.1	1600.0
17.555	17.725	103.4	1600.0	869.9	1600.0
17.745	17.855	0.0	1600.0	859.1	1600.0
17.895	18.015	0.0	947.2	744.2	1600.0
18.034	18.144	0.0	1600.0	773.9	839.4
18.164	18.324	0.0	1600.0	592.1	381.1
18.344	18.424	17.0	1600.0	538.2	224.9
18.444	18.544	6.0	1600.0	564.2	131.0
18.754	18.834	224.4	1600.0	421.8	1600.0
18.914	18.984	122.5	1600.0	504.9	1600.0
19.034	19.114	0.0	1600.0	746.2	1600.0
19.204	19.274	0.0	1600.0	717.8	1600.0
19.334	19.594	0.0	1600.0	633.7	1600.0
19.614	19.863	0.0	1600.0	616.6	1600.0
19.883	19.973	0.0	1600.0	644.9	1600.0
20.033	20.243	0.0	1600.0	599.0	1600.0
20.303	20.443	322.2	729.2	254.5	1600.0
20.463	20.563	532.3	587.1	101.6	1600.0
20.863	21.113	1600.0	132.1	106.4	1600.0
21.133	21.243	1600.0	188.4	83.7	1600.0
21.263	21.542	1600.0	297.5	0.0	1600.0
21.582	21.782	1600.0	371.0	0.0	1600.0
21.882	22.062	1600.0	272.0	33.0	1600.0
22.102	22.322	1600.0	216.6	88.5	1600.0
22.422	22.612	1600.0	0.0	611.1	1600.0
22.762	23.032	1600.0	0.0	531.3	1600.0
23.052	23.142	1600.0	7.0	502.8	1600.0
23.182	23.331	1600.0	0.0	474.9	1600.0
23.381	23.591	1600.0	0.0	400.7	1600.0
23.761	24.031	1600.0	305.9	0.0	1600.0
24.051	24.161	1600.0	261.7	17.9	492.6
24.231	24.411	1600.0	8.0	631.3	1600.0
24.451	24.581	1600.0	0.0	671.7	63.6
24.601	24.681	1600.0	0.0	734.4	1600.0
24.751	24.97	1600.0	0.0	699.9	1600.0
25.05	25.14	1600.0	3.6	1069.0	1600.0
25.18	25.26	1600.0	0.0	1010.5	1600.0
25.33	25.41	1600.0	0.0	777.1	1600.0
25.45	25.58	1600.0	0.0	516.9	1600.0
25.73	25.85	1600.0	0.0	542.0	1600.0
25.89	26.06	1600.0	13.0	712.6	1600.0
26.08	26.36	1600.0	85.4	729.8	1600.0
26.43	26.61	1600.0	64.5	770.4	57.1
26.629	26.959	1600.0	64.8	755.2	1.4
27.029	27.599	1600.0	67.9	817.0	0.0
27.699	27.929	1600.0	195.7	344.7	436.8
27.969	28.119	493.1	1600.0	258.4	1600.0
28.678	28.778	36.9	1600.0	1600.0	1600.0
28.798	28.908	70.0	1600.0	1600.0	1600.0
28.948	29.128	0.0	1600.0	888.0	561.7
29.148	29.228	0.0	1600.0	772.0	276.6
29.248	29.438	0.0	1600.0	617.6	1600.0
29.498	29.568	0.0	1600.0	589.0	1600.0
29.628	29.798	57.0	1600.0	624.3	1600.0
29.898	30.067	114.0	1600.0	586.5	1600.0
30.287	30.367	275.0	720.9	292.9	1600.0
30.487	30.567	281.0	713.8	303.2	1600.0
30.767	30.867	855.3	168.2	73.6	1600.0
31.037	31.207	871.1	169.8	70.4	1600.0
31.217	31.297	899.2	141.2	30.5	1600.0
31.337	31.577	1005.1	137.5	42.2	1600.0
31.597	31.936	1183.7	167.9	106.7	1600.0
31.956	32.066	1600.0	327.0	0.0	1600.0
32.146	32.296	941.6	418.4	0.0	1600.0
32.316	32.446	885.1	498.8	0.0	1600.0
32.466	32.546	879.8	582.9	0.0	1600.0
32.586	32.766	905.2	518.6	0.0	1600.0
32.846	33.026	1600.0	1600.0	0.0	1600.0
33.046	33.276	1600.0	739.4	0.0	1600.0
33.466	33.545	1600.0	576.6	0.0	1600.0
33.565	33.695	1600.0	521.5	0.0	1600.0
33.715	33.825	1600.0	494.7	0.0	1600.0
33.885	34.095	1600.0	473.4	0.0	1600.0
34.165	34.275	1600.0	460.8	0.0	1600.0
34.325	34.525	1600.0	485.7	0.0	1600.0
34.755	35.055	1600.0	378.5	0.0	1600.0
35.135	35.874	1600.0	413.0	0.0	1600.0
35.894	36.434	1600.0	379.0	0.0	1600.0
36.454	36.564	1600.0	77.9	186.9	1600.0
36.604	36.694	1600.0	41.2	224.6	1600.0
36.714	36.804	1600.0	78.5	193.5	1600.0
36.904	37.113	1600.0	0.0	674.1	1600.0
37.133	37.313	1600.0	0.0	641.0	1600.0
37.333	37.453	1600.0	0.0	669.7	1600.0
37.493	37.703	1600.0	0.0	557.9	1600.0
37.733	38.033	1600.0	0.0	701.3	1600.0
38.133	38.243	1600.0	0.0	714.1	1600.0
38.263	38.463	1600.0	0.0	801.1	1600.0
38.513	38.852	1600.0	0.0	887.4	1600.0
38.932	39.032	1600.0	6.3	904.5	1600.0
39.052	39.562	1600.0	0.0	709.4	1600.0
39.632	39.812	1600.0	16.1	737.7	1600.0
40.282	40.411	1600.0	62.6	229.0	1600.0
40.451	40.551	1600.0	80.5	220.5	1600.0
40.731	40.841	1600.0	408.0	0.0	1600.0
40.861	41.111	1600.0	176.5	137.1	1600.0
41.131	41.331	1600.0	72.1	289.7	1600.0
41.481	41.681	1600.0	0.0	892.7	1600.0
41.771	41.961	1600.0	0.0	844.8	1600.0
41.981	42.23	1600.0	0.0	859.6	1600.0
42.38	42.54	1600.0	0.0	750.5	1600.0
42.58	42.65	1600.0	0.0	713.2	1600.0
42.67	42.78	1600.0	0.0	703.1	1600.0
42.8	42.91	1600.0	0.0	688.1	1600.0
43.01	43.18	1600.0	0.0	658.3	1600.0
43.23	43.52	1600.0	0.0	725.0	1600.0
43.54	43.74	1600.0	0.0	770.5	1600.0
43.77	43.949	1600.0	0.0	884.4	1600.0
43.999	44.159	1600.0	0.0	1019.2	1600.0
44.199	44.289	1600.0	21.4	1097.6	1600.0
44.329	44.879	1600.0	26.1	1045.1	1600.0
44.919	45.578	1600.0	0.0	1041.1	1600.0
45.618	45.718	1600.0	0.0	335.3	1600.0
45.968	46.108	456.6	816.3	245.4	1600.0
46.288	46.448	17.0	1600.0	691.7	1600.0
46.828	46.908	63.8	1600.0	1600.0	1600.0
46.928	47.058	67.7	1600.0	1600.0	1600.0
47.118	47.247	0.0	1600.0	1600.0	1600.0
47.267	47.477	0.0	1600.0	983.2	1600.0
47.497	47.737	0.0	1600.0	970.7	1600.0
47.747	48.047	0.0	1600.0	903.9	1600.0
48.117	48.297	0.0	1600.0	888.3	522.8
48.387	48.567	0.0	1600.0	824.2	348.9
48.587	48.777	0.0	1600.0	786.6	383.7
48.797	48.877	0.0	1600.0	782.3	365.4
48.986	49.306	0.0	1600.0	687.3	355.6
49.386	49.496	0.0	1600.0	815.7	402.8
49.516	49.616	0.0	1600.0	801.7	372.0
49.636	49.966	0.0	1600.0	819.1	396.4
50.166	50.346	0.0	1600.0	801.7	378.3
50.456	50.626	0.0	1600.0	848.5	428.4
50.646	50.975	0.0	1600.0	795.7	342.7
51.065	51.305	0.0	1600.0	701.9	409.1
51.455	51.575	0.0	1600.0	635.8	455.8
51.635	51.705	0.0	1600.0	627.4	365.3
51.725	51.895	0.0	1600.0	636.0	373.6
51.955	52.045	5.0	1600.0	594.4	227.7
52.195	52.464	0.0	1600.0	720.5	34.2
52.614	52.964	6.0	1600.0	800.1	1600.0
52.984	53.144	51.0	1600.0	768.8	1600.0
53.204	53.384	43.4	1600.0	731.2	1600.0
53.434	53.694	9.8	1600.0	730.2	1600.0
54.253	54.363	541.7	518.6	105.2	1600.0
54.663	54.733	1037.0	121.8	102.9	1600.0
54.753	54.933	998.2	201.7	27.5	1600.0
54.953	55.093	986.6	287.7	0.0	1600.0
55.113	55.513	1600.0	326.6	0.0	1600.0
55.533	55.643	1600.0	337.8	0.0	1600.0
55.663	55.763	1600.0	265.1	36.0	1600.0
55.802	55.922	1600.0	175.2	122.0	1600.0
55.942	56.062	1600.0	138.7	168.0	1600.0
56.102	56.242	1600.0	91.4	208.0	1600.0
56.362	56.482	1600.0	0.0	773.6	1600.0
56.502	56.892	1600.0	14.8	738.6	77.4
56.912	57.032	1600.0	47.4	644.8	1600.0
57.052	57.162	1600.0	85.0	584.4	1600.0
57.202	57.312	1600.0	68.1	490.5	1600.0
57.332	57.482	1600.0	50.4	463.6	1600.0
57.502	57.591	1600.0	66.8	516.4	12.2
57.631	57.721	1600.0	48.0	504.3	45.5
57.761	57.861	1600.0	113.5	545.7	32.3
57.901	58.141	1600.0	42.2	541.8	9.9
58.161	58.311	1600.0	124.0	567.8	1600.0
58.381	58.691	1600.0	59.5	582.9	68.8
58.731	58.851	1600.0	63.8	489.2	1600.0
58.871	59.111	1600.0	14.4	504.3	1600.0
59.151	59.26	1600.0	0.0	546.0	1600.0
59.28	59.45	1600.0	0.0	581.0	1600.0
59.46	59.68	1600.0	41.4	657.2	1600.0
59.7	60.23	1600.0	20.1	631.7	26.1
60.27	60.48	1600.0	51.0	670.1	9.8
60.55	60.66	1600.0	96.1	666.0	3.0
60.68	60.79	1600.0	124.9	689.4	0.0
60.83	60.94	1600.0	123.9	676.8	0.0
60.999	61.249	1600.0	156.7	510.0	1600.0
61.269	61.429	1600.0	278.0	263.4	1600.0
61.579	61.759	18.1	1600.0	626.3	1600.0
61.799	62.009	0.0	1600.0	748.6	1600.0
62.199	62.329	0.0	1600.0	1013.4	745.2
62.349	62.519	0.0	1600.0	816.6	292.1
62.539	62.728	6.0	1600.0	672.7	1600.0
62.748	62.858	23.0	1600.0	682.5	1600.0
62.878	63.048	30.4	1600.0	692.2	1600.0
63.068	63.238	18.0	1600.0	710.7	1600.0
63.318	63.498	10.4	1600.0	720.7	1600.0
63.598	63.758	74.0	1600.0	625.7	1600.0
63.868	64.088	368.0	788.0	312.6	1600.0
64.258	64.328	1037.5	95.0	113.3	1600.0
64.427	64.577	1020.1	126.9	71.2	1600.0
64.597	64.697	1137.9	82.0	125.7	1600.0
64.737	64.827	1212.3	88.1	139.3	1600.0
64.867	64.977	1600.0	181.8	119.8	1600.0
64.997	65.097	1600.0	213.6	120.0	1600.0
65.137	65.247	1600.0	292.7	48.0	1600.0
65.267	65.377	1600.0	345.1	0.0	1600.0
65.417	65.527	878.9	487.3	0.0	1600.0
65.547	65.667	874.7	499.7	0.0	1600.0
65.687	65.947	1600.0	569.7	0.0	1600.0
65.967	66.256	1600.0	749.4	0.0	1600.0
66.266	66.346	1600.0	685.9	0.0	1600.0
66.386	66.626	1600.0	609.6	0.0	1600.0
66.786	67.226	1600.0	475.7	0.0	1600.0
67.336	67.566	1600.0	557.5	0.0	1600.0
67.576	67.875	1600.0	396.7	0.0	1600.0
67.915	68.255	1600.0	402.9	0.0	1600.0
68.275	68.405	1600.0	338.1	0.0	1600.0
68.445	68.575	1600.0	140.2	142.7	1600.0
68.785	68.865	1600.0	0.0	754.4	1600.0
68.905	68.995	1600.0	0.0	734.4	1600.0
69.015	69.225	1600.0	0.0	765.1	1600.0
69.265	69.475	1600.0	0.0	717.4	1600.0
69.704	70.024	1600.0	0.0	1001.0	1600.0
70.074	70.194	1600.0	0.0	657.6	1600.0
70.214	70.344	1600.0	0.0	723.0	1600.0
70.404	70.494	1600.0	0.0	684.1	1600.0
70.554	70.634	1600.0	0.0	622.1	1600.0
70.654	70.964	1600.0	0.0	582.0	1600.0
70.984	71.144	1600.0	8.5	593.0	1600.0
71.204	71.863	1600.0	43.1	621.3	1600.0
71.903	72.283	1600.0	0.0	626.5	5.0
72.303	72.543	1600.0	165.7	166.2	481.4
72.583	72.683	744.1	494.2	0.0	1600.0
73.132	73.212	172.3	1600.0	523.7	1600.0
73.252	73.322	269.4	1600.0	476.6	1600.0
73.432	73.642	27.9	1600.0	1191.6	1600.0
73.702	73.812	0.0	1600.0	916.3	1600.0
73.842	74.072	0.0	1600.0	936.5	611.0
74.132	74.242	0.0	1600.0	795.0	502.6
74.262	74.332	0.0	1600.0	763.9	491.0
74.562	74.642	24.8	1600.0	671.2	663.6
74.662	74.791	30.6	1600.0	678.3	659.0
74.831	74.941	0.0	1600.0	782.2	701.2
75.041	75.401	0.0	1600.0	863.7	616.8
75.421	75.561	0.0	1600.0	1600.0	591.7
75.651	75.781	0.0	1600.0	1600.0	524.1
75.831	75.931	0.0	1600.0	1600.0	340.8
76.081	76.231	1.0	1600.0	832.8	1600.0
76.251	76.331	0.0	1600.0	855.0	1600.0
76.62	76.76	10.3	1600.0	862.0	1600.0
76.78	76.88	75.0	1600.0	802.4	1600.0
76.9	77.06	60.1	1600.0	800.1	1600.0
77.12	77.54	64.0	1600.0	824.3	1600.0
77.58	77.7	49.6	1600.0	609.9	1600.0
77.72	77.98	456.2	674.2	170.8	1600.0
78.0	78.08	586.3	536.0	63.3	1600.0
78.429	78.559	939.0	253.0	0.0	1600.0
78.699	78.829	955.7	307.0	0.0	1600.0
78.849	78.959	1016.2	311.2	0.0	1600.0
78.979	79.339	1600.0	368.2	0.0	1600.0
79.379	79.489	860.8	494.6	0.0	1600.0
79.529	79.799	787.7	567.7	0.0	1600.0
79.868	80.058	1600.0	347.9	0.0	1600.0
80.118	80.328	1600.0	0.0	334.0	1600.0
80.368	80.508	1600.0	0.0	385.6	1600.0
80.908	81.028	1600.0	0.0	541.0	1600.0
81.068	81.148	1600.0	0.0	683.0	1600.0
81.188	81.308	1600.0	0.0	904.8	1600.0
81.398	81.587	1600.0	0.0	904.2	1600.0
81.647	81.757	1600.0	0.0	902.4	1600.0
81.847	82.027	1600.0	0.0	932.6	1600.0
82.087	82.247	1600.0	0.0	909.4	1600.0
82.287	82.467	1600.0	0.0	959.5	1600.0
82.517	82.997	1600.0	92.0	209.6	1600.0
83.366	83.476	243.8	1600.0	346.3	1600.0
83.896	84.196	127.6	1600.0	1221.7	1600.0
84.296	84.386	72.1	1600.0	1600.0	1600.0
84.406	84.526	66.0	1600.0	1045.7	1600.0
84.566	84.676	0.0	1600.0	842.8	1600.0
84.696	84.945	0.0	1600.0	665.9	659.6
84.995	85.115	53.8	1600.0	544.3	624.0
85.265	85.495	50.4	1600.0	658.1	322.1
85.535	85.665	60.2	1600.0	727.7	200.9
85.685	85.795	0.0	1600.0	863.0	263.5
85.815	85.885	0.0	1600.0	965.9	280.6
86.215	86.325	0.0	1600.0	885.2	146.2
86.515	86.635	109.6	1600.0	714.6	213.5
86.694	87.064	112.9	1600.0	842.4	184.4
87.084	87.164	0.0	1600.0	1115.1	89.0
87.204	87.314	0.0	1600.0	1600.0	53.9
87.354	87.554	0.0	1600.0	1600.0	81.7
87.614	87.704	27.5	1600.0	1600.0	110.0
87.714	87.854	0.0	1600.0	1600.0	78.1
87.914	88.144	18.9	1600.0	1600.0	0.0
88.184	88.294	0.0	1600.0	1600.0	1600.0
88.354	88.433	0.0	1600.0	1030.6	1600.0
88.453	88.563	21.5	1600.0	974.0	1600.0
88.603	88.863	65.8	1600.0	937.6	1600.0
88.883	89.043	12.0	1600.0	944.7	1600.0
89.133	89.383	0.0	1600.0	868.1	1600.0
89.433	89.513	154.0	1600.0	558.0	1600.0
89.533	89.613	359.6	889.8	313.5	1600.0
89.663	89.863	460.1	679.8	208.9	1600.0
90.073	90.342	1100.6	68.8	166.0	1600.0
90.362	90.462	1070.2	108.4	83.2	1600.0
90.482	90.612	1137.7	80.1	129.2	1600.0
90.632	90.892	1076.1	242.0	29.1	1600.0
90.962	91.082	1600.0	370.0	0.0	1600.0
91.102	91.332	929.1	481.2	0.0	1600.0
91.352	91.562	797.2	576.7	0.0	1600.0
91.602	91.921	802.7	567.8	0.0	1600.0
91.941	92.131	897.4	509.7	0.0	1600.0
92.181	92.361	933.3	681.8	0.0	1600.0
92.371	92.511	993.5	514.3	0.0	1600.0
92.551	92.801	1600.0	1600.0	0.0	1600.0
92.951	93.131	1600.0	656.5	0.0	1600.0
93.141	93.211	1600.0	605.5	0.0	1600.0
93.231	93.331	1600.0	579.4	0.0	1600.0
93.371	93.55	1600.0	526.3	0.0	1600.0
93.68	94.11	1600.0	424.6	0.0	1600.0
94.12	94.19	1600.0	299.0	11.0	1600.0
94.27	94.48	1600.0	27.7	255.3	1600.0
94.5	94.72	1600.0	0.0	430.7	1600.0
94.85	95.03	1600.0	0.0	829.6	1600.0
95.1	95.329	1600.0	0.0	873.1	1600.0
95.349	95.449	1600.0	0.0	789.4	1600.0
95.599	95.769	1600.0	0.0	632.2	1600.0
95.789	95.879	1600.0	0.0	583.0	1600.0
95.899	95.979	1600.0	0.0	573.4	1600.0
96.019	96.129	1600.0	0.0	566.4	1600.0
96.169	96.409	1600.0	0.0	658.3	1600.0
96.429	96.579	1600.0	0.0	747.9	1600.0
96.619	96.699	1600.0	2.2	767.5	45.0
96.719	97.108	1600.0	11.3	731.4	40.8
97.128	97.328	1600.0	0.0	750.0	9.1
97.398	97.908	1600.0	0.0	744.6	1600.0
97.988	98.158	1600.0	0.0	665.6	1600.0
98.198	99.077	1600.0	18.0	678.0	0.0
99.097	99.197	1600.0	0.0	728.8	29.7
99.347	99.567	1600.0	63.6	485.5	219.4
99.637	99.747	710.6	483.1	0.0	1600.0
100.337	100.406	45.9	1600.0	1056.2	1600.0
100.466	100.556	0.0	1600.0	832.5	1600.0
100.616	100.766	0.0	1600.0	698.0	1600.0
100.916	101.076	154.3	1600.0	465.0	179.0
101.186	101.316	0.0	1600.0	709.2	51.3
101.336	101.576	0.0	1600.0	831.2	1600.0
101.596	101.726	0.0	1600.0	833.9	1600.0
101.766	101.856	0.0	1600.0	776.5	1600.0
101.896	102.165	77.4	1600.0	637.4	1600.0
102.185	102.425	34.7	1600.0	664.2	1600.0
102.445	102.595	101.0	1600.0	573.2	1600.0
102.615	102.825	375.3	879.4	278.0	1600.0
102.865	103.075	481.3	715.2	175.8	1600.0
103.195	103.265	997.5	131.9	98.0	1600.0
103.315	103.395	929.8	177.3	43.0	1600.0
103.415	103.545	940.3	168.1	52.8	1600.0
103.565	103.735	964.5	189.2	71.6	1600.0
103.814	104.094	993.9	209.7	28.0	1600.0
104.134	104.224	871.8	376.0	0.0	1600.0
104.264	104.544	708.7	546.7	0.0	1600.0
104.564	104.714	800.8	431.4	0.0	1600.0
104.804	104.934	889.8	345.2	0.0	1600.0
104.954	105.044	897.9	344.2	0.0	1600.0
105.084	105.563	885.0	368.5	0.0	1600.0
105.783	106.013	1600.0	297.4	9.0	1600.0
106.053	106.293	1600.0	416.9	0.0	1600.0
106.353	106.483	1600.0	482.6	0.0	1600.0
106.493	106.733	1600.0	417.2	0.0	1600.0
106.753	107.772	1600.0	414.2	0.0	1600.0
108.022	108.212	1600.0	2.0	717.8	1600.0
108.252	108.512	1600.0	67.7	385.5	1600.0
108.692	108.782	1600.0	588.7	0.0	1600.0
108.961	109.151	1600.0	168.0	161.0	1600.0
109.171	109.261	1600.0	0.0	495.9	1600.0
109.281	109.401	1600.0	0.0	480.1	1600.0
109.671	109.831	1600.0	186.8	1208.4	1600.0
109.851	110.081	1600.0	124.3	1142.0	1600.0
110.151	110.331	1600.0	18.8	1035.5	1600.0
110.371	110.491	1600.0	55.9	1061.9	27.8
110.511	110.611	1600.0	62.0	1087.9	0.0
110.65	110.78	1600.0	82.6	1083.0	0.0
110.82	111.33	843.9	435.4	0.0	1600.0
111.74	111.81	189.1	1600.0	1040.5	1600.0
111.83	111.91	48.0	1600.0	954.6	1600.0
111.93	112.05	19.0	1600.0	965.0	1600.0
112.07	112.35	5.8	1600.0	865.2	1600.0
112.369	112.509	62.4	1600.0	747.3	1600.0
112.629	112.709	0.0	1600.0	635.8	1600.0
112.769	113.099	6.1	1600.0	623.1	1600.0
113.169	113.309	71.4	1600.0	469.0	1600.0
113.429	113.539	410.0	622.4	134.9	1600.0
113.579	113.699	499.2	524.1	76.4	1600.0
114.019	114.128	964.2	124.7	115.5	1600.0
114.168	114.308	926.1	143.1	66.8	1600.0
114.328	114.538	925.8	177.2	36.9	1600.0
114.578	114.658	875.1	321.1	0.0	1600.0
114.698	114.948	822.9	500.5	0.0	1600.0
114.968	115.118	852.9	493.2	0.0	1600.0
115.128	115.228	810.3	546.7	0.0	1600.0
115.248	115.458	841.2	514.7	0.0	1600.0
115.518	115.628	862.7	624.0	0.0	1600.0
115.688	115.897	894.2	736.0	0.0	1600.0
115.917	116.047	944.0	656.9	0.0	1600.0
116.087	116.157	1600.0	579.3	0.0	1600.0
116.197	116.447	1600.0	502.3	0.0	1600.0
116.467	116.567	1600.0	417.6	0.0	1600.0
116.617	116.997	1600.0	396.6	4.1	1600.0
117.007	117.127	1600.0	412.9	0.0	1600.0
117.147	117.427	1600.0	390.6	0.0	1600.0
117.447	117.656	1600.0	345.1	0.0	1600.0
117.666	117.826	1600.0	41.6	207.0	1600.0
117.866	118.116	1600.0	0.0	458.3	1600.0
118.246	118.356	1600.0	0.0	855.2	1600.0
118.516	118.656	1600.0	0.0	634.6	1600.0
118.756	118.946	1600.0	0.0	837.0	1600.0
118.966	119.096	1600.0	0.0	824.3	1600.0
119.116	119.365	1600.0	0.0	833.5	1600.0
119.505	119.645	1600.0	0.0	618.9	317.5
119.665	119.745	1600.0	0.0	626.4	278.2
119.815	120.035	1600.0	31.0	920.0	0.0
120.215	120.335	1600.0	26.2	935.4	0.0
120.385	120.585	1600.0	0.0	868.5	29.5
120.665	120.914	1600.0	0.0	305.0	1600.0
121.214	121.284	184.2	977.9	382.3	1600.0
121.354	121.614	17.5	1600.0	549.8	1600.0
121.864	122.044	30.0	1600.0	952.3	1600.0
122.184	122.324	0.0	1600.0	772.2	1600.0
122.364	122.873	0.0	1600.0	687.7	149.3
122.933	123.213	75.4	1600.0	620.7	1600.0
123.353	123.543	0.0	1600.0	612.3	1600.0
123.663	123.793	0.0	1600.0	581.4	1600.0
123.953	124.133	0.0	1600.0	502.0	1600.0
124.153	124.243	10.6	876.5	427.7	1600.0
124.353	124.592	269.1	590.5	240.4	1600.0
124.632	124.742	366.8	527.6	193.8	1600.0
124.912	125.082	970.8	46.9	111.8	1600.0
125.182	125.292	985.5	250.1	20.6	1600.0
125.312	125.442	950.7	373.7	0.0	1600.0
125.482	126.012	1600.0	395.6	0.0	1600.0
126.121	126.241	843.6	483.0	0.0	1600.0
126.301	126.401	843.6	468.6	0.0	1600.0
126.421	126.931	761.6	507.4	0.0	1600.0
126.971	127.211	862.5	418.1	0.0	1600.0
127.281	127.451	898.4	371.1	0.0	1600.0
127.531	128.59	810.3	438.1	0.0	1600.0
128.63	128.73	777.8	434.3	0.0	1600.0
128.77	129.03	874.1	365.1	0.0	1600.0
129.18	129.45	1600.0	193.7	99.1	1600.0
129.47	129.599	1600.0	3.0	307.9	1600.0
129.619	129.869	1600.0	0.0	372.9	1600.0
130.219	130.429	1600.0	11.2	1029.8	1600.0
130.519	130.599	1600.0	102.0	1193.4	1600.0
130.619	130.979	1600.0	36.8	1120.5	1600.0
130.999	131.278	1600.0	66.8	1118.9	1600.0
131.338	131.578	1600.0	0.0	995.4	103.0
131.608	131.718	1600.0	116.0	1192.0	2.0
131.738	131.928	1600.0	1.0	987.4	36.4
131.968	132.238	1600.0	40.0	316.4	1600.0
132.648	132.748	0.0	1600.0	636.1	1600.0
132.788	132.878	33.8	1600.0	578.0	1600.0
133.067	133.197	76.7	1600.0	997.4	1600.0
133.217	133.327	108.3	1600.0	1021.9	1600.0
133.367	133.477	24.0	1600.0	904.0	1600.0
133.637	133.767	0.0	1600.0	768.4	1600.0
133.817	134.007	175.4	840.9	361.3	450.2
134.137	134.217	96.6	1600.0	432.5	286.2
134.497	134.567	0.0	1600.0	597.1	213.9
134.786	134.896	168.3	1600.0	895.3	566.3
134.916	135.026	65.6	1600.0	795.2	393.9
135.146	135.526	0.0	1600.0	739.0	1600.0
135.636	135.726	0.0	1600.0	703.9	313.7
135.766	135.936	0.0	1600.0	736.3	1600.0
136.036	136.276	0.0	1600.0	711.6	500.1
136.296	136.375	2.0	1600.0	617.4	430.5
136.435	136.835	0.0	1600.0	494.5	145.0
136.845	136.945	9.8	1600.0	439.9	1600.0
137.145	137.235	155.0	1600.0	363.9	1600.0
137.335	137.425	4.5	887.2	427.1	1600.0
137.465	137.695	189.2	663.6	264.6	1600.0
137.735	137.865	260.3	596.3	218.0	1600.0
138.134	138.264	821.4	94.4	62.2	1600.0
138.334	138.544	955.8	60.8	102.6	1600.0
138.614	138.694	1027.0	125.9	81.6	1600.0
138.714	138.814	1065.8	173.0	65.2	1600.0
138.854	138.944	1064.0	300.6	30.9	1600.0
139.004	139.074	1600.0	351.0	7.8	1600.0
139.154	139.284	1600.0	320.3	26.3	1600.0
139.304	139.414	1600.0	325.6	19.7	1600.0
139.464	139.744	911.2	428.2	0.0	1600.0
139.773	140.073	798.7	590.9	0.0	1600.0
140.263	140.383	646.1	1600.0	443.6	1600.0
140.423	140.513	1600.0	1600.0	1600.0	1600.0
140.533	140.623	1600.0	1600.0	1600.0	1600.0
141.103	141.233	1600.0	1600.0	530.1	1600.0
141.253	141.343	1600.0	1600.0	516.1	1600.0
141.363	141.612	1600.0	1600.0	493.9	1600.0
141.652	141.742	719.3	1600.0	486.2	1600.0
141.782	141.892	691.0	1600.0	491.4	1600.0
141.912	142.012	663.1	1600.0	497.8	1600.0
142.062	142.142	685.9	1600.0	525.7	1600.0
142.202	142.442	723.5	892.0	550.3	1600.0
142.482	142.642	750.0	885.2	559.1	1600.0
142.762	142.862	760.5	892.0	578.9	1600.0
142.902	143.581	767.7	1600.0	601.3	1600.0
