Event Start Trial Time [ms]	Event End Trial Time [ms]	Event Duration [ms]
485	515	30
575	605	30
725	745	20
795	815	20
1324	1364	40
1434	1474	40
1724	1754	30
1764	1804	40
1844	1864	20
2194	2204	10
3063	3093	30
4033	4053	20
4992	5002	10
6261	6311	50
6321	6341	20
6371	6411	40
6461	6491	30
6611	6641	30
6661	6681	20
6711	6751	40
6811	6831	20
6961	6991	30
7041	7061	20
7111	7131	20
7151	7161	10
7221	7231	10
7531	7611	80
7641	7661	20
7790	7810	20
7990	8020	30
8250	8260	10
8270	8290	20
8550	8570	20
8670	8700	30
8960	8990	30
10119	10149	30
10539	10589	50
11598	11628	30
11998	12018	20
12028	12058	30
12118	12158	40
12188	12198	10
12258	12288	30
12838	12868	30
13097	13127	30
13457	13477	20
13537	13587	50
13637	13647	10
13677	13697	20
13827	13847	20
13967	13997	30
14447	14477	30
15076	15116	40
15246	15276	30
15406	15456	50
15626	15666	40
16126	16156	30
16655	16685	30
17115	17155	40
17205	17225	20
17245	17255	10
17355	17375	20
17875	17925	50
18614	18624	10
18864	18934	70
19244	19274	30
19474	19484	10
21443	21503	60
21562	21582	20
21602	21622	20
21862	21902	40
22102	22112	10
22262	22332	70
22542	22612	70
22652	22662	10
22792	22812	20
23331	23361	30
23371	23411	40
23611	23661	50
23801	23821	20
23961	23991	30
24031	24051	20
24211	24241	30
24631	24671	40
24781	24811	30
24831	24851	20
25020	25120	100
25140	25150	10
25160	25210	50
25680	25710	30
25720	25750	30
25790	25810	20
25850	25870	20
25880	25890	10
26180	26210	30
26340	26440	100
26510	26530	20
27169	27209	40
27949	27969	20
28089	28099	10
28109	28139	30
28578	28608	30
29048	29148	100
29658	29688	30
30048	30078	30
31127	31157	30
31197	31237	40
31347	31387	40
31397	31417	20
31437	31457	20
31597	31647	50
32036	32076	40
32346	32396	50
32596	32626	30
32706	32736	30
32756	32786	30
32846	32866	20
33226	33256	30
33316	33346	30
33875	33925	50
34025	34075	50
34195	34215	20
34225	34255	30
34275	34305	30
34625	34665	40
35205	35235	30
35564	35584	20
35734	35754	20
36714	36754	40
37643	37673	30
37693	37763	70
37823	37843	20
37993	38033	40
38393	38413	20
38463	38493	30
38513	38603	90
39152	39222	70
39302	39332	30
39342	39372	30
39392	39412	20
39492	39512	20
39872	39922	50
39942	39972	30
40042	40062	20
40112	40132	20
40372	40392	20
40911	40941	30
40961	41011	50
41031	41061	30
41151	41161	10
41231	41251	20
41551	41561	10
41701	41801	100
42260	42320	60
42340	42360	20
42380	42400	20
42490	42530	40
42570	42600	30
42640	42660	20
42820	42850	30
42880	42950	70
43200	43220	20
43360	43390	30
43430	43450	20
43480	43490	10
43520	43540	20
43580	43600	20
44059	44099	40
44129	44179	50
44219	44249	30
44289	44319	30
44559	44589	30
44769	44789	20
44999	45019	20
45259	45349	90
45379	45399	20
45459	45489	30
45568	45588	20
45618	45638	20
45838	45908	70
45958	45988	30
46058	46108	50
46988	47008	20
47228	47258	30
47657	47677	20
47807	47877	70
48067	48077	10
48327	48367	40
48457	48487	30
48527	48547	20
48597	48607	10
48837	48877	40
49056	49086	30
49506	49526	20
49626	49646	20
50216	50256	40
50396	50526	130
51075	51115	40
51455	51465	10
52075	52105	30
52185	52215	30
52275	52305	30
52375	52395	20
52415	52435	20
52594	52654	60
53364	53444	80
53894	53904	10
54273	54323	50
54743	54773	30
54813	54833	20
54973	55013	40
55353	55383	30
55603	55673	70
56172	56252	80
57072	57102	30
57382	57422	40
57462	57482	20
57831	57881	50
57911	57931	20
58511	58531	20
58641	58661	20
58741	58821	80
59241	59271	30
59330	59350	20
60080	60100	20
60190	60230	40
60950	60990	40
61010	61069	60
61229	61259	30
61279	61329	50
61709	61799	90
62009	62039	30
62249	62269	20
62629	62669	40
63028	63118	90
63468	63488	20
63508	63538	30
65157	65187	30
65287	65337	50
65637	65677	40
65687	65707	20
65837	65857	20
65987	66007	20
66047	66077	30
66456	66486	30
66686	66706	20
67246	67276	30
67496	67516	20
68065	68085	20
68385	68405	20
68745	68785	40
69125	69145	20
69495	69535	40
69575	69595	20
69764	69844	80
69874	69914	40
69994	70024	30
70164	70184	20
70404	70444	40
70504	70544	40
71753	71803	50
72513	72543	30
72863	72893	30
72963	72983	20
74342	74362	20
74592	74622	30
74662	74692	30
74961	75021	60
75501	75571	70
75611	75631	20
75841	75881	40
76211	76281	70
76690	76740	50
76760	76830	70
76840	76860	20
77300	77380	80
77940	77970	30
79029	79089	60
79429	79489	60
79539	79559	20
80058	80088	30
80118	80148	30
80498	80548	50
81697	81717	20
82027	82047	20
82587	82617	30
83007	83037	30
83526	83546	20
83566	83586	20
83596	83616	20
83656	83686	30
83716	83746	30
83856	83876	20
83886	83906	20
84386	84426	40
85036	85055	20
85175	85195	20
85215	85245	30
85735	85755	20
86235	86265	30
86295	86335	40
86884	86914	30
87274	87304	30
87774	87804	30
89483	89533	50
89573	89633	60
89673	89693	20
89733	89763	30
89773	89793	20
89883	89923	40
90342	90362	20
91122	91142	20
91362	91462	100
91752	91772	20
91921	91951	30
92291	92321	30
92471	92491	20
92581	92611	30
92641	92691	50
92881	92971	90
93061	93081	20
93171	93191	20
93361	93391	30
93501	93521	20
93830	93860	30
93970	93990	20
94030	94060	30
94250	94270	20
94290	94360	70
94380	94400	20
94420	94430	10
95629	95649	20
96069	96099	30
96129	96179	50
96199	96219	20
96229	96269	40
96329	96349	20
96379	96399	20
96459	96479	20
96989	97008	20
97128	97188	60
97248	97268	20
97568	97588	20
97608	97628	20
97648	97688	40
97698	97718	20
97968	97988	20
98028	98048	20
98358	98408	50
98618	98638	20
98857	98887	30
99297	99327	30
99847	99877	30
100017	100057	40
100407	100457	50
100896	100946	50
102106	102156	50
102225	102265	40
102285	102305	20
102315	102355	40
102405	102435	30
102475	102495	20
102685	102705	20
102835	102855	20
103425	103455	30
103904	103924	20
104454	104494	40
104774	104824	50
105144	105174	30
105544	105574	30
105593	105613	20
105863	105893	30
106043	106073	30
107003	107053	50
107223	107253	30
107412	107442	30
107882	107922	40
107982	108002	20
108242	108272	30
108582	108642	60
108662	108702	40
108712	108732	20
109241	109321	80
109701	109711	10
110191	110201	10
110910	110950	40
111400	111420	20
111460	111490	30
111920	111970	50
112879	112959	80
113159	113189	30
113429	113449	20
113569	113639	70
113769	113789	20
113959	113979	20
114298	114318	20
114978	115058	80
115178	115188	10
115678	115728	50
115828	115857	30
116197	116247	50
116497	116527	30
116807	116837	30
117167	117217	50
117377	117407	30
117966	117986	20
118026	118056	30
118206	118226	20
118766	118796	30
118906	118916	10
119176	119186	10
119295	119325	30
119835	119865	30
119875	119885	10
120915	120945	30
120994	121024	30
121074	121084	10
121124	121154	30
121174	121204	30
121334	121354	20
121364	121384	20
121394	121434	40
121494	121514	20
121604	121614	10
121934	121974	40
122114	122144	30
122384	122404	20
123203	123223	20
123393	123443	50
123463	123483	20
123523	123543	20
123613	123643	30
124173	124203	30
124592	124622	30
125642	125672	30
125722	125742	20
126111	126131	20
126261	126301	40
126441	126491	50
127551	127591	40
127970	128000	30
128150	128170	20
128230	128270	40
128580	128630	50
128720	128740	20
128830	128860	30
128890	128900	10
128910	128940	30
129330	129410	80
129510	129539	30
129649	129669	20
129899	130019	120
130369	130439	70
130489	130519	30
130529	130549	20
130559	130579	20
130599	130629	30
130669	130689	20
130709	130729	20
130769	130799	30
131009	131089	80
131428	131518	90
131528	131558	30
131578	131598	20
131628	131658	30
131668	131718	50
132448	132458	10
132997	133077	80
134047	134077	30
134097	134137	40
134507	134567	60
134836	134886	50
135096	135146	50
135166	135176	10
135276	135306	30
135396	135416	20
135536	135566	30
135706	135726	20
135846	135876	30
136136	136166	30
136366	136386	20
136625	136655	30
136675	136735	60
136865	136895	30
136915	136965	50
137545	137575	30
137765	137825	60
138144	138174	30
138494	138584	90
138624	138644	20
138684	138704	20
138894	139024	130
139044	139074	30
139134	139154	20
140033	140063	30
140183	140193	10
140353	140413	60
140563	140583	20
140913	140943	30
140963	140993	30
141013	141033	20
141093	141113	20
141173	141203	30
141812	141842	30
142362	142442	80
142692	142712	20
142812	142842	30
143212	143232	20
143261	143271	10
143481	143571	90
143891	143911	20
144501	144521	20
144861	144891	30
144941	144960	20
145140	145180	40
145420	145460	40
145470	145490	20
145540	145610	70
145740	145770	30
145810	145830	20
146080	146120	40
146470	146500	30
147969	148009	40
148159	148179	20
148259	148279	20
148598	148608	10
148708	148728	20
148788	148818	30
148878	148898	20
149268	149318	50
149808	149828	20
149978	150018	40
150157	150167	10
150547	150587	40
150707	150727	20
151057	151167	110
151187	151207	20
151257	151277	20
151287	151307	20
151417	151447	30
151557	151587	30
151777	151816	40
151826	151856	30
151906	151936	30
151976	152006	30
152786	152816	30
152826	152846	20
152856	152876	20
153066	153086	20
153126	153146	20
153186	153206	20
153515	153535	20
154165	154195	30
154365	154385	20
154595	154645	50
154715	154735	20
154965	154985	20
156454	156484	30
156764	156794	30
157913	157953	40
158183	158203	20
158313	158383	70
158603	158623	20
159032	159072	40
159142	159162	20
159562	159642	80
160272	160341	70
160911	160941	30
160981	161021	40
161471	161501	30
161541	161561	20
161661	161681	20
161841	161941	100
162210	162290	80
162940	162970	30
163000	163020	20
163270	163280	10
163530	163590	60
163630	163650	20
163670	163680	10
163690	163710	20
164199	164229	30
164439	164549	110
164649	164679	30
164819	164839	20
164859	164949	90
165369	165389	20
165738	165758	20
166058	166088	30
166568	166618	50
166888	166908	20
167207	167257	50
167287	167307	20
167457	167507	50
167547	167587	40
167607	167617	10
167637	167657	20
167677	167687	10
167847	167867	20
168247	168287	40
169046	169066	20
169576	169606	30
170196	170236	40
170625	170665	40
170775	170805	30
171295	171325	30
171335	171365	30
171655	171675	20
172564	172604	40
172724	172754	30
172814	172844	30
174243	174273	30
174673	174723	50
174933	174953	20
175163	175183	20
175293	175313	20
175513	175543	30
175742	175762	20
176012	176042	30
176252	176312	60
176332	176372	40
176832	176862	30
176992	177022	30
177432	177541	110
178151	178171	20
178361	178401	40
178681	178721	40
179190	179210	20
179380	179410	30
179880	179910	30
180370	180400	30
180620	180650	30
180830	180869	40
180919	180949	30
180969	180979	10
181029	181039	10
181049	181079	30
181099	181119	20
181189	181199	10
181229	181249	20
183088	183128	40
183338	183358	20
184837	184857	20
185447	185477	30
185827	185897	70
186116	186156	40
186356	186366	10
186946	186976	30
187146	187166	20
187296	187336	40
187356	187376	20
187416	187466	50
187506	187526	20
187636	187656	20
188255	188295	40
188925	188945	20
189225	189245	20
189464	189484	20
189814	189844	30
190634	190674	40
190694	190724	30
190774	190804	30
190824	190844	20
190894	190944	50
190964	190984	20
191173	191193	20
191203	191223	20
191263	191283	20
191323	191363	40
191383	191403	20
191513	191573	60
191653	191673	20
192133	192153	20
192753	192792	40
193052	193072	20
193112	193142	30
193392	193412	20
193442	193452	10
193482	193502	20
193562	193582	20
193682	193702	20
193742	193752	10
194731	194751	20
194891	194901	10
194911	194941	30
195081	195101	20
195111	195121	10
196201	196220	20
196380	196400	20
196420	196430	10
196490	196550	60
196640	196700	60
196760	196790	30
196880	196900	20
196990	197010	20
197030	197050	20
197260	197280	20
197300	197320	20
197460	197480	20
197670	197690	20
197730	197790	60
197880	197929	50
198099	198119	20
198159	198179	20
198279	198299	20
198369	198389	20
198429	198469	40
198509	198539	30
198579	198629	50
198749	198789	40
199109	199149	40
199229	199249	20
