Event Start Trial Time [ms]	Event End Trial Time [ms]	Event Duration [ms]	Visual Intake Position X [px]	Visual Intake Position Y [px]
0	195	195	1323.0	453.0
315	645	330	1287.0	481.0
894	1254	360	868.0	368.0
1274	1454	180	793.0	442.0
1544	1854	310	733.0	502.0
1874	2064	190	752.0	487.0
2843	2953	110	370.0	828.0
2973	3083	110	577.0	800.0
3093	3203	110	718.0	798.0
3243	3493	250	744.0	771.0
3573	3873	300	726.0	766.0
3893	4053	160	762.0	735.0
4242	4492	250	795.0	610.0
4512	4892	380	812.0	669.0
4932	5082	150	738.0	684.0
5702	5902	200	1145.0	515.0
6111	6321	210	1087.0	535.0
6491	6611	120	1137.0	600.0
6761	7061	300	1169.0	562.0
7081	7161	80	1220.0	508.0
7181	7291	110	1236.0	509.0
7331	7740	410	1249.0	545.0
7760	7870	110	1223.0	505.0
7910	8040	130	1213.0	512.0
8060	8190	130	1164.0	549.0
8240	8320	80	1197.0	528.0
8340	8460	120	1218.0	541.0
8510	8720	210	1243.0	504.0
8740	8810	70	1230.0	505.0
9849	9969	120	1092.0	615.0
10259	10339	80	519.0	746.0
10429	10609	180	635.0	635.0
10799	10949	150	1406.0	619.0
10988	11058	70	1256.0	587.0
11098	11208	110	1225.0	583.0
11228	11388	160	1198.0	615.0
11438	11738	300	1200.0	429.0
11798	11908	110	1209.0	453.0
12468	12558	90	624.0	772.0
12578	12677	100	762.0	793.0
12747	12877	130	812.0	749.0
12897	12967	70	824.0	758.0
13007	13177	170	820.0	744.0
13197	13427	230	784.0	742.0
13727	13807	80	940.0	592.0
13857	13937	80	993.0	603.0
13957	14027	70	968.0	609.0
14097	14187	90	995.0	601.0
14376	14486	110	838.0	685.0
14506	14736	230	825.0	679.0
14776	14886	110	761.0	675.0
14986	15196	210	1228.0	582.0
15236	15386	150	1171.0	620.0
15636	15706	70	1125.0	570.0
15916	15986	70	1242.0	548.0
16025	16125	100	1238.0	559.0
16195	16275	80	1062.0	459.0
16345	16465	120	1231.0	502.0
16575	16675	100	1061.0	585.0
16845	16955	110	1046.0	428.0
17005	17105	100	977.0	736.0
17165	17255	90	990.0	711.0
17525	17645	120	1196.0	436.0
17894	18054	160	1097.0	557.0
18074	18144	70	1088.0	570.0
18174	18374	200	1020.0	775.0
18744	18834	90	1180.0	408.0
18874	18944	70	1144.0	435.0
19014	19144	130	1168.0	498.0
19164	19234	70	1209.0	485.0
19274	19383	110	1202.0	424.0
19423	19653	230	1179.0	428.0
19693	19823	130	1193.0	448.0
19993	20073	80	685.0	725.0
20113	20223	110	723.0	718.0
20823	20923	100	754.0	576.0
20943	21062	120	845.0	603.0
21082	21192	110	861.0	627.0
21212	21302	90	840.0	645.0
21342	21542	200	830.0	709.0
21762	21862	100	783.0	764.0
22182	22292	110	1092.0	649.0
22462	22572	110	952.0	650.0
22612	22752	140	955.0	706.0
22781	23091	310	899.0	605.0
23211	23401	190	1025.0	651.0
23441	23521	80	983.0	632.0
23611	23691	80	974.0	642.0
23861	23971	110	1068.0	560.0
24011	24171	160	1029.0	556.0
24201	24361	160	873.0	612.0
24560	24630	70	1257.0	552.0
24690	24810	120	1127.0	507.0
24830	24940	110	1031.0	519.0
25060	25390	330	1097.0	538.0
25440	25720	280	1152.0	584.0
25790	25940	150	1019.0	509.0
25960	26299	340	998.0	603.0
26549	26629	80	1283.0	607.0
26649	26739	90	1268.0	618.0
26759	26889	130	1244.0	631.0
26909	27009	100	1232.0	623.0
27029	27329	300	1219.0	575.0
27349	27429	80	1226.0	522.0
27469	27559	90	1229.0	513.0
27599	27679	80	1245.0	519.0
28178	28288	110	935.0	598.0
28328	28538	210	988.0	595.0
29028	29158	130	768.0	548.0
29308	29497	190	800.0	517.0
29577	29707	130	897.0	603.0
29757	29857	100	843.0	621.0
29877	29947	70	793.0	628.0
30027	30227	200	726.0	682.0
30377	30577	200	616.0	692.0
30747	30867	120	916.0	615.0
30907	31157	250	1024.0	636.0
31346	31406	60	963.0	625.0
31456	31586	130	888.0	488.0
31626	31846	220	864.0	462.0
31896	32136	240	899.0	606.0
32216	32386	170	832.0	641.0
32426	32576	150	861.0	673.0
32716	32806	90	864.0	435.0
32865	33025	160	901.0	432.0
33225	33385	160	915.0	632.0
33425	33575	150	871.0	599.0
33745	33845	100	975.0	596.0
34015	34085	70	991.0	432.0
34145	34345	200	988.0	441.0
34395	34525	130	915.0	431.0
34594	34734	140	833.0	520.0
34884	35134	250	1052.0	753.0
35264	35374	110	852.0	590.0
35544	35754	210	760.0	666.0
35814	35924	110	759.0	613.0
36154	36244	90	920.0	582.0
36423	36583	160	879.0	487.0
36673	36753	80	833.0	499.0
36773	36843	70	812.0	556.0
36963	37053	90	842.0	604.0
37223	37343	120	916.0	642.0
37363	37453	90	910.0	656.0
37473	37743	270	897.0	675.0
37763	37892	130	900.0	718.0
37913	38042	130	871.0	771.0
38062	38172	110	790.0	779.0
38192	38262	70	728.0	775.0
38662	38762	100	1006.0	627.0
38782	38872	90	980.0	649.0
38932	39052	120	966.0	580.0
39262	39432	170	797.0	676.0
39592	39671	80	1170.0	485.0
39691	39761	70	1130.0	453.0
39811	40021	210	1141.0	436.0
40061	40311	250	1152.0	485.0
40331	40421	90	1170.0	549.0
40461	40591	130	1174.0	452.0
40741	40991	250	1190.0	451.0
41011	41420	410	1207.0	467.0
42040	42120	80	607.0	701.0
42140	42240	100	672.0	694.0
42390	42770	380	731.0	565.0
42810	42890	80	686.0	584.0
42940	43059	120	797.0	589.0
43229	43439	210	966.0	626.0
43459	43609	150	1043.0	702.0
43659	43829	170	1029.0	683.0
43899	44039	140	1049.0	559.0
44059	44159	100	968.0	647.0
44349	44439	90	816.0	739.0
44459	44838	380	799.0	714.0
44878	44988	110	798.0	746.0
45028	45118	90	781.0	772.0
45348	45468	120	1372.0	803.0
45728	45818	90	1141.0	788.0
46008	46138	130	953.0	764.0
46188	46268	80	899.0	646.0
46308	46408	100	881.0	663.0
46427	46727	300	916.0	688.0
46747	46837	90	894.0	744.0
46877	47187	310	863.0	665.0
47207	47287	80	926.0	614.0
47307	47447	140	916.0	605.0
47557	47627	70	784.0	651.0
47857	48086	230	1126.0	530.0
48146	48316	170	1131.0	609.0
48706	48806	100	1169.0	533.0
48996	49116	120	1078.0	627.0
49156	49226	70	872.0	574.0
49246	49376	130	940.0	584.0
49446	49626	180	1257.0	707.0
49666	49745	80	1276.0	663.0
49925	50045	120	641.0	631.0
50095	50205	110	673.0	580.0
50245	50385	140	709.0	576.0
50395	50585	190	793.0	558.0
50625	50755	130	715.0	584.0
50895	51045	150	1297.0	538.0
51065	51325	260	1204.0	623.0
51365	51584	220	1116.0	691.0
51624	51734	110	1099.0	702.0
51774	52004	230	1098.0	715.0
52044	52184	140	1076.0	753.0
52264	52534	270	673.0	667.0
52614	52724	110	772.0	536.0
52744	52844	100	694.0	563.0
52994	53103	110	786.0	710.0
53123	53243	120	821.0	696.0
53293	53473	180	831.0	722.0
53673	53773	100	809.0	634.0
53833	53903	70	917.0	605.0
53963	54093	130	778.0	659.0
54113	54323	210	868.0	676.0
54333	54503	170	965.0	667.0
54523	54623	100	933.0	677.0
54742	54862	120	791.0	656.0
54932	55152	220	799.0	632.0
55192	55442	250	800.0	598.0
55462	55592	130	798.0	630.0
55612	55792	180	786.0	682.0
55882	56122	240	792.0	763.0
56142	56242	100	772.0	756.0
56581	56741	160	1161.0	592.0
56841	57021	180	1061.0	597.0
57131	57331	200	832.0	704.0
57541	57641	100	1307.0	428.0
57691	57771	80	1292.0	468.0
57811	57941	130	1280.0	504.0
57961	58200	240	1201.0	514.0
58240	58350	110	1195.0	537.0
58680	58820	140	642.0	685.0
58960	59060	100	774.0	681.0
59130	59210	80	897.0	616.0
59230	59320	90	912.0	610.0
59360	59610	250	938.0	619.0
59630	60259	630	1061.0	601.0
60529	60679	150	544.0	696.0
60899	60969	70	716.0	541.0
61099	61179	80	699.0	698.0
61199	61409	210	769.0	694.0
61489	61688	200	764.0	665.0
61748	61928	180	887.0	668.0
61978	62128	150	783.0	507.0
62278	62428	150	810.0	647.0
62448	62538	90	822.0	607.0
62598	62708	110	804.0	592.0
62988	63128	140	751.0	678.0
63148	63227	80	762.0	660.0
63247	63467	220	789.0	651.0
63557	63757	200	804.0	744.0
63827	63927	100	776.0	741.0
64297	64477	180	1150.0	613.0
64497	64627	130	1092.0	621.0
64647	64717	70	993.0	666.0
64797	64906	110	905.0	649.0
65006	65186	180	965.0	714.0
65246	65336	90	988.0	691.0
65356	65436	80	987.0	678.0
65526	65626	100	909.0	684.0
65646	65756	110	925.0	679.0
65776	65876	100	1001.0	720.0
65916	66026	110	935.0	665.0
66066	66326	260	1004.0	645.0
66406	66595	190	835.0	686.0
67075	67205	130	1148.0	516.0
67345	67475	130	1214.0	520.0
67505	67595	90	1286.0	539.0
67685	67845	160	1086.0	675.0
67895	67985	90	975.0	623.0
68025	68145	120	985.0	696.0
68294	68404	110	1042.0	673.0
68464	68564	100	968.0	474.0
68714	68834	120	1033.0	471.0
68994	69104	110	1126.0	493.0
69144	69234	90	1145.0	421.0
69294	69524	230	1144.0	379.0
69544	69654	110	1159.0	376.0
69694	69794	100	1205.0	375.0
70163	70243	80	621.0	714.0
70263	70503	240	664.0	666.0
70553	70643	90	691.0	538.0
70663	70843	180	705.0	564.0
70863	70973	110	727.0	581.0
70983	71093	110	707.0	658.0
71263	71772	510	812.0	683.0
71832	72042	210	834.0	709.0
72082	72272	190	802.0	741.0
72382	72472	90	1311.0	646.0
72492	72572	80	1201.0	605.0
72782	72872	90	1061.0	645.0
72892	72972	80	1005.0	649.0
73042	73162	120	854.0	746.0
73182	73281	100	794.0	786.0
73361	73541	180	1246.0	616.0
73611	73721	110	1174.0	377.0
73891	73961	70	1187.0	492.0
73991	74161	170	1110.0	420.0
74331	74401	70	1060.0	407.0
74441	74551	110	1068.0	421.0
74631	74741	110	1141.0	466.0
74761	74891	130	1147.0	492.0
75040	75210	170	1180.0	482.0
75230	75590	360	1184.0	446.0
76210	76300	90	549.0	690.0
76410	76649	240	688.0	599.0
76689	76919	230	747.0	696.0
76959	77199	240	692.0	759.0
77679	77809	130	1049.0	765.0
77829	77939	110	1041.0	739.0
77959	78089	130	1002.0	740.0
78109	78229	120	970.0	746.0
78328	78528	200	866.0	665.0
78748	78868	120	880.0	799.0
78908	79038	130	871.0	693.0
79058	79178	120	890.0	670.0
79198	79328	130	829.0	701.0
79348	79458	110	910.0	653.0
79808	79888	80	1252.0	609.0
79948	80107	160	961.0	612.0
80227	80387	160	1236.0	679.0
80747	80817	70	654.0	673.0
80877	80987	110	658.0	658.0
81007	81127	120	672.0	657.0
81557	81656	100	1277.0	548.0
81696	81786	90	1223.0	555.0
82146	82246	100	727.0	711.0
82546	82616	70	637.0	713.0
82696	82876	180	802.0	762.0
82896	83036	140	889.0	774.0
83066	83176	110	1027.0	864.0
83246	83325	80	717.0	659.0
83346	83465	120	758.0	639.0
83525	83625	100	834.0	605.0
83645	83905	260	880.0	585.0
84045	84345	300	799.0	698.0
84365	84445	80	733.0	678.0
84805	84945	140	1008.0	650.0
85124	85224	100	902.0	673.0
85294	85404	110	867.0	702.0
85444	85554	110	902.0	692.0
85594	85664	70	856.0	703.0
85754	85854	100	1358.0	611.0
85964	86114	150	1182.0	479.0
86164	86254	90	1178.0	412.0
86314	86404	90	1131.0	428.0
86494	86803	310	1321.0	471.0
86823	86953	130	1337.0	478.0
86973	87053	80	1354.0	489.0
87063	87183	120	1311.0	417.0
87223	87543	320	1306.0	407.0
87923	88023	100	763.0	691.0
88043	88283	240	805.0	682.0
88323	88472	150	875.0	673.0
88492	88562	70	889.0	683.0
88912	89022	110	667.0	659.0
89042	89112	70	812.0	716.0
89262	89432	170	780.0	584.0
89452	89612	160	922.0	579.0
89802	90022	220	892.0	691.0
90062	90171	110	811.0	673.0
90211	90321	110	843.0	675.0
90341	90471	130	858.0	695.0
90491	90711	220	829.0	704.0
90781	90961	180	850.0	724.0
91051	91161	110	953.0	757.0
91291	91421	130	918.0	750.0
91441	91551	110	894.0	735.0
91980	92090	110	1172.0	674.0
92130	92220	90	1093.0	664.0
92530	92660	130	1057.0	691.0
92680	92790	110	1017.0	717.0
92810	92920	110	985.0	755.0
92970	93060	90	868.0	581.0
93080	93280	200	865.0	598.0
93529	93679	150	842.0	577.0
93759	93999	240	927.0	854.0
94059	94229	170	986.0	872.0
94429	94519	90	693.0	169.0
94529	94889	360	722.0	314.0
94909	95168	260	774.0	391.0
95208	95568	360	836.0	413.0
95628	95858	230	824.0	402.0
95908	96158	250	790.0	397.0
96198	96718	520	806.0	382.0
96777	97027	250	841.0	351.0
97047	97287	240	826.0	344.0
97367	97857	490	819.0	347.0
97897	98017	120	843.0	358.0
98067	98157	90	840.0	390.0
98207	99016	810	844.0	380.0
