start_time	end_time	Block	Grid	IFU	Single Shape
0.275	0.495	1600.0	1600.0	481.9	1600.0
0.555	1.054	1600.0	1600.0	461.2	1600.0
2.803	3.383	797.9	436.4	0.0	1600.0
3.513	5.472	776.0	490.3	0.0	1600.0
5.502	5.822	780.2	629.6	0.0	1600.0
5.842	6.151	1600.0	370.4	6.3	1600.0
6.231	6.371	1600.0	0.0	854.8	1600.0
6.391	6.471	1600.0	0.0	754.1	1600.0
6.511	6.651	1600.0	0.0	786.0	1600.0
6.661	6.841	1600.0	0.0	790.9	1600.0
6.871	7.031	1600.0	0.0	876.6	1600.0
7.121	7.191	1600.0	0.0	1084.3	1600.0
7.281	7.461	1600.0	0.0	1166.8	1600.0
8.09	8.21	1600.0	0.0	1000.4	1600.0
8.29	8.45	1600.0	54.4	1060.3	1600.0
8.47	8.54	1600.0	0.0	946.3	1600.0
8.61	8.85	1600.0	0.0	667.8	1600.0
9.02	9.15	1600.0	25.5	1011.5	1600.0
9.19	9.469	1600.0	0.0	890.0	1600.0
9.759	10.239	1600.0	681.9	0.0	1600.0
10.439	10.819	976.1	531.0	52.4	0.0
10.829	11.298	1600.0	541.9	50.2	0.0
11.338	11.718	834.3	624.2	0.0	236.1
11.788	12.628	928.0	581.4	39.3	3.2
12.688	13.277	780.4	587.0	0.0	255.9
13.297	13.527	720.2	536.7	0.0	317.5
13.717	13.787	102.6	1600.0	944.6	1002.8
13.887	14.017	0.0	1600.0	877.4	913.3
14.167	14.237	57.7	1600.0	949.2	977.1
14.257	14.347	0.0	1600.0	881.9	889.0
14.397	14.546	0.0	1600.0	682.3	640.8
14.616	14.816	472.1	1600.0	165.7	60.7
14.916	15.136	0.0	1600.0	881.8	794.7
15.146	15.356	0.0	1600.0	783.7	691.3
15.406	15.556	23.6	1600.0	536.3	441.0
15.646	16.106	442.2	1600.0	111.6	39.1
16.156	16.965	0.0	1600.0	653.7	1600.0
17.285	17.425	976.5	312.0	54.9	1600.0
17.615	18.304	881.2	388.9	0.0	1600.0
18.374	18.504	1721.3	0.0	734.9	1600.0
18.524	18.614	1600.0	0.0	701.0	1600.0
18.664	18.764	1600.0	0.0	789.3	1600.0
18.784	18.934	1600.0	0.0	641.5	1600.0
18.954	19.054	1600.0	0.0	493.4	1600.0
19.154	19.264	666.5	644.3	0.0	1600.0
19.274	19.883	712.1	653.1	0.0	312.2
19.993	20.253	1600.0	0.0	540.7	1600.0
20.343	20.683	1600.0	534.5	0.0	1600.0
20.703	21.053	1600.0	593.0	0.0	1600.0
21.173	21.732	1600.0	0.0	521.5	33.3
21.912	22.122	1600.0	9.8	443.2	14.2
22.162	22.252	1600.0	0.0	425.8	68.2
22.292	22.572	1600.0	95.3	298.2	94.8
22.632	22.822	1600.0	610.6	0.0	260.8
22.842	23.121	753.4	628.4	0.0	263.9
23.141	23.231	1600.0	604.7	0.0	237.6
23.271	23.391	1600.0	447.3	101.8	0.0
23.441	24.141	1600.0	470.1	114.9	0.0
24.221	24.541	1600.0	470.4	77.7	10.2
24.621	24.711	1600.0	0.0	779.6	1600.0
24.771	24.84	1600.0	84.4	613.9	1600.0
24.91	25.02	1600.0	55.3	672.8	1600.0
25.23	25.3	1600.0	0.0	974.0	1600.0
25.38	25.54	1600.0	0.0	575.5	1600.0
25.56	25.68	1600.0	0.0	609.1	1600.0
25.83	25.95	1600.0	0.0	834.4	1600.0
26.0	26.07	1600.0	0.0	724.5	1600.0
26.14	26.27	1600.0	39.6	711.5	1600.0
26.619	26.729	1600.0	732.1	0.0	1127.6
26.809	26.899	1600.0	660.7	0.0	1060.8
26.919	27.149	1600.0	621.7	0.0	1600.0
27.889	27.999	878.0	530.4	0.0	172.4
28.059	28.208	825.0	586.6	0.0	179.6
28.738	28.908	932.0	501.8	65.0	1.0
28.928	29.048	871.6	518.5	37.7	11.0
29.088	29.158	820.7	473.3	0.0	231.2
29.178	29.248	755.2	521.0	0.0	229.1
29.708	29.818	0.0	1600.0	761.5	509.4
29.858	29.967	0.0	1600.0	700.7	450.9
29.987	30.077	0.0	1600.0	651.9	372.7
30.117	30.337	165.0	1600.0	360.6	0.0
30.427	30.537	0.0	1600.0	603.9	105.7
30.557	30.667	0.0	1600.0	612.1	1600.0
30.727	30.817	0.0	1600.0	612.0	1600.0
30.837	31.077	0.0	1600.0	604.7	1600.0
31.177	31.307	29.2	1600.0	544.7	1600.0
31.407	31.646	0.0	1279.3	576.7	21.0
31.686	32.286	104.8	1111.4	435.0	0.0
32.396	32.486	829.5	430.2	0.0	686.6
32.526	32.736	734.0	494.1	0.0	593.1
32.796	33.026	749.4	469.2	0.0	645.5
33.226	33.325	0.0	1600.0	758.5	117.1
33.345	33.585	0.0	1600.0	654.6	37.5
33.655	33.755	127.0	1095.5	458.0	1600.0
33.985	34.075	844.9	387.6	0.0	1600.0
34.305	34.425	969.7	289.5	55.0	1600.0
34.445	34.575	985.6	299.1	63.2	1600.0
34.595	34.705	882.9	395.8	0.0	1600.0
34.725	34.875	781.8	466.8	0.0	1600.0
35.005	35.234	750.8	480.5	0.0	1600.0
35.254	35.424	1600.0	505.3	0.0	1600.0
35.444	35.624	1600.0	539.0	0.0	1600.0
35.674	35.744	1600.0	549.6	0.0	1600.0
35.774	35.924	1600.0	467.3	0.0	1600.0
35.944	36.204	1600.0	501.2	0.0	1600.0
36.224	36.334	1600.0	531.7	0.0	1600.0
36.394	36.564	1600.0	561.9	0.0	1600.0
36.674	36.913	1600.0	497.0	0.0	1600.0
37.123	37.223	1600.0	0.0	849.6	1600.0
37.373	37.463	1600.0	0.0	832.3	1600.0
37.653	37.773	1600.0	0.0	926.4	1600.0
37.843	37.953	1600.0	7.8	994.0	1600.0
37.973	38.183	1600.0	0.0	1108.8	1600.0
38.203	38.303	1600.0	10.6	1142.2	1600.0
38.343	38.522	1600.0	0.0	1106.4	1600.0
38.642	38.742	1600.0	0.0	1035.9	1600.0
39.232	39.442	909.3	499.4	0.0	1600.0
39.462	39.592	952.6	437.0	0.0	1600.0
39.622	39.772	1600.0	520.3	0.0	1600.0
39.872	39.972	1600.0	219.7	143.9	1600.0
40.271	40.401	1600.0	60.9	1009.8	1600.0
40.841	41.121	1600.0	641.6	0.0	1600.0
41.261	41.481	1600.0	634.7	0.0	449.5
41.571	41.751	1600.0	412.9	62.0	0.0
41.791	41.93	1600.0	475.8	72.0	0.0
42.07	42.32	1600.0	560.8	0.0	300.7
42.39	42.71	1600.0	442.7	59.5	0.0
42.8	42.87	664.3	602.8	0.0	330.0
43.579	43.699	44.0	1600.0	966.4	864.5
43.719	43.819	29.8	1600.0	906.3	811.2
43.839	43.949	6.7	1600.0	923.7	804.8
44.029	44.229	2.0	1600.0	781.1	640.1
44.289	44.419	0.0	1600.0	735.3	576.1
44.539	44.619	0.0	1600.0	650.2	495.0
44.679	45.029	0.0	1600.0	640.3	467.7
45.129	45.308	534.0	804.0	6.3	77.7
45.508	45.748	860.0	385.9	0.0	448.2
45.868	46.088	651.2	595.2	0.0	315.8
46.188	46.318	507.1	1600.0	56.0	274.0
46.478	46.708	0.0	1600.0	685.3	1600.0
46.728	47.157	7.8	1600.0	632.0	1600.0
47.177	47.307	32.2	1600.0	603.4	1600.0
47.327	47.417	0.0	1600.0	640.4	67.6
47.437	47.557	0.0	1600.0	620.8	64.6
47.577	47.687	70.0	1600.0	507.4	0.0
47.707	47.837	100.0	1600.0	474.5	0.0
47.887	48.027	109.6	1600.0	456.6	0.0
48.157	48.247	731.9	557.1	0.0	637.8
48.257	48.357	723.5	1600.0	0.0	689.5
48.706	48.786	156.2	1198.2	464.4	1600.0
49.136	49.306	1100.4	305.4	46.1	1600.0
49.326	49.406	1098.9	284.4	63.1	1600.0
49.696	49.806	1600.0	0.0	779.6	1600.0
50.695	50.785	708.8	556.1	0.0	1600.0
50.805	50.935	669.9	603.9	0.0	1600.0
51.265	51.335	1600.0	0.0	710.4	1600.0
51.355	51.465	1600.0	0.0	672.0	1600.0
51.525	51.675	1600.0	0.0	577.1	1600.0
51.805	51.895	1600.0	633.8	0.0	1600.0
51.955	52.054	1600.0	620.1	0.0	1600.0
52.074	52.184	1600.0	547.1	0.0	1600.0
52.204	52.284	1600.0	506.3	0.0	1600.0
52.404	52.574	1600.0	108.1	660.0	1600.0
52.584	52.714	1600.0	40.7	567.6	1600.0
52.754	52.924	1600.0	59.4	584.9	1600.0
52.944	53.014	1600.0	80.4	631.6	27.5
53.054	53.204	1600.0	149.5	679.9	93.0
53.344	53.464	1600.0	100.1	527.6	182.2
53.644	53.724	717.0	596.1	0.0	309.5
53.744	54.113	719.4	590.6	0.0	266.6
54.273	54.463	1046.1	296.9	86.1	25.0
54.503	54.623	785.1	515.9	0.0	447.3
54.633	54.893	737.5	574.7	0.0	1600.0
54.953	55.043	1600.0	688.7	0.0	420.7
55.123	55.203	1600.0	51.6	539.8	99.9
55.223	55.373	1600.0	227.4	432.6	0.0
55.512	55.772	1600.0	477.9	0.0	1600.0
55.942	56.052	1600.0	50.5	631.2	1600.0
56.072	56.152	1600.0	23.3	542.6	1600.0
56.212	56.282	1600.0	0.0	517.5	1600.0
56.362	56.432	1600.0	0.0	510.9	1600.0
56.502	56.592	1600.0	0.0	655.2	1600.0
56.682	56.802	1600.0	68.0	636.3	1600.0
57.092	57.231	1600.0	561.9	0.0	378.5
57.421	57.491	876.5	517.5	0.0	212.2
57.521	57.671	833.5	587.7	96.0	115.5
57.691	57.801	830.2	515.9	0.0	268.0
57.901	58.071	740.0	610.3	0.0	238.0
58.111	58.181	723.0	634.7	0.0	218.5
58.241	58.391	715.1	786.6	182.9	0.0
58.411	58.521	719.1	762.3	161.0	2.0
58.541	58.671	745.6	734.4	163.0	12.0
58.731	58.861	804.3	459.1	0.0	421.5
58.871	58.94	738.6	514.6	0.0	376.6
58.96	59.05	709.2	535.1	0.0	320.5
59.07	59.17	676.6	586.9	0.0	271.8
59.36	59.43	681.2	612.9	0.0	245.2
59.47	59.63	584.1	738.8	0.0	224.9
59.79	59.87	48.9	1600.0	808.7	707.8
59.89	59.98	0.0	1600.0	719.7	626.7
60.16	60.27	0.0	1600.0	829.1	764.8
60.29	60.42	14.3	1600.0	874.9	883.5
60.46	60.609	0.0	1600.0	826.8	831.3
60.629	60.789	0.0	1600.0	821.7	835.0
60.859	60.969	0.0	1600.0	616.4	615.3
60.989	61.069	0.0	1600.0	599.7	590.0
61.159	61.289	50.7	1600.0	498.5	449.7
61.439	61.519	439.2	1600.0	203.1	66.6
61.619	61.709	10.3	1600.0	812.4	726.4
61.729	61.819	0.0	1600.0	740.4	658.8
61.839	61.949	0.0	1600.0	669.9	591.4
62.009	62.119	0.0	1600.0	703.7	587.4
62.678	62.908	0.0	1600.0	734.0	1600.0
62.928	63.038	9.2	1600.0	680.4	1600.0
63.208	63.378	162.2	1088.7	416.8	1600.0
63.668	63.987	741.1	463.5	0.0	1600.0
64.027	64.257	780.2	428.0	0.0	1600.0
64.277	64.437	687.7	516.3	0.0	1600.0
64.677	64.867	808.1	423.1	0.0	1600.0
64.887	65.117	855.8	345.1	0.0	1600.0
65.177	65.267	809.6	393.4	0.0	1600.0
65.287	65.387	763.7	425.9	0.0	1600.0
65.427	65.537	737.2	446.2	0.0	1600.0
65.557	65.786	701.8	474.3	0.0	1600.0
65.826	66.206	1600.0	459.5	0.0	1600.0
66.226	66.336	1600.0	434.0	0.0	1600.0
66.376	66.476	1600.0	438.3	0.0	1600.0
66.626	66.726	1600.0	493.3	0.0	1600.0
67.206	67.286	1600.0	0.0	784.3	1600.0
67.346	67.455	1600.0	0.0	675.4	1600.0
67.475	67.585	1600.0	0.0	633.6	1600.0
67.605	67.855	1600.0	0.0	623.2	1600.0
67.875	67.985	1600.0	0.0	572.4	1600.0
68.005	68.085	1600.0	0.0	494.3	1600.0
68.405	68.515	1600.0	573.2	0.0	1600.0
68.595	68.725	1600.0	569.1	0.0	1600.0
68.855	69.074	1600.0	442.9	0.0	1600.0
69.164	69.254	1600.0	0.0	496.2	1600.0
69.274	69.434	1600.0	0.0	455.9	1600.0
69.694	69.794	1600.0	554.2	0.0	1600.0
69.854	69.924	1600.0	545.2	0.0	1600.0
69.994	70.104	1600.0	550.1	0.0	1600.0
70.144	70.284	1600.0	522.4	0.0	1600.0
70.444	70.823	1600.0	81.9	713.5	1600.0
70.893	71.083	1600.0	0.0	671.7	177.9
71.143	71.223	1600.0	0.0	445.3	220.6
71.393	71.503	1600.0	324.3	56.0	80.7
71.673	71.833	1600.0	572.7	0.0	314.0
71.853	72.123	1600.0	559.3	0.0	334.5
72.213	72.502	1600.0	459.2	0.0	292.2
72.532	72.872	1600.0	578.4	0.0	333.5
72.962	73.412	1600.0	459.9	0.0	293.4
73.502	73.712	971.0	389.7	19.7	41.0
73.782	73.852	672.8	583.2	0.0	364.4
73.872	74.022	685.9	561.6	0.0	316.8
74.042	74.152	749.4	492.0	0.0	282.5
74.172	74.271	748.7	499.9	0.0	251.5
74.361	74.501	761.6	472.9	0.0	219.7
74.571	74.671	622.4	600.8	0.0	162.0
74.741	74.831	600.3	739.2	57.0	16.1
74.891	75.051	710.7	671.5	116.4	2.8
75.161	75.631	797.7	449.9	0.0	271.2
75.651	75.721	571.9	678.6	0.0	169.0
76.16	76.27	0.0	1600.0	724.2	585.1
76.57	76.67	0.0	1600.0	833.5	776.5
76.77	76.87	13.9	1600.0	869.2	749.6
76.89	77.05	1.4	1600.0	802.1	657.5
77.12	77.25	0.0	1600.0	728.2	594.4
77.39	77.57	0.0	1600.0	686.4	538.6
77.669	77.789	0.0	1600.0	837.8	690.4
77.829	77.919	0.0	1600.0	800.8	658.1
77.959	78.039	0.0	1600.0	788.4	649.8
78.339	78.489	0.0	1600.0	815.7	679.0
78.529	78.669	0.0	1600.0	734.9	594.5
78.689	78.769	0.0	1600.0	831.9	688.3
78.829	79.039	0.0	1600.0	884.9	729.4
79.239	79.468	0.0	1600.0	792.1	647.0
79.508	79.718	0.0	1600.0	791.2	642.2
79.738	79.828	0.0	1600.0	634.8	495.4
79.938	80.038	702.0	1600.0	0.0	135.2
80.058	80.208	586.5	766.2	11.3	47.0
80.248	80.318	826.5	488.1	0.0	314.2
80.338	80.438	851.2	456.9	0.0	332.0
80.478	80.658	904.4	425.7	0.0	352.8
80.738	80.888	854.4	471.5	0.0	315.1
80.908	80.988	835.1	487.3	0.0	302.0
81.027	81.107	730.5	591.5	0.0	219.3
81.207	81.517	738.4	581.7	0.0	187.0
81.557	81.857	452.0	1600.0	190.2	8.9
81.957	82.097	26.6	1600.0	978.0	244.6
82.157	82.337	0.0	1600.0	876.0	1600.0
82.427	82.736	29.4	1600.0	620.0	1600.0
83.026	83.116	1013.7	337.6	1.0	1600.0
83.156	83.266	952.1	383.6	0.0	1600.0
83.286	83.536	971.4	375.9	0.0	1600.0
83.556	83.656	1031.3	375.2	0.0	1600.0
83.726	83.936	1600.0	403.5	0.0	1600.0
83.956	84.106	1600.0	380.5	0.0	1600.0
84.126	84.196	1600.0	246.2	136.0	1600.0
84.276	84.346	1600.0	0.0	1048.6	1600.0
84.525	84.635	1600.0	0.0	947.5	1600.0
84.725	84.795	1600.0	33.0	531.8	1600.0
85.445	85.515	1600.0	0.0	1031.2	1600.0
85.795	85.995	1600.0	0.0	863.4	1600.0
86.244	86.464	1600.0	0.0	976.4	1600.0
86.544	86.654	1600.0	0.0	892.9	1600.0
86.704	86.804	1600.0	2.8	849.1	1600.0
86.854	87.004	1600.0	0.0	851.0	1600.0
87.104	87.224	1600.0	0.0	749.2	1600.0
87.364	87.474	1600.0	650.2	0.0	1600.0
87.494	87.604	1600.0	586.0	0.0	1600.0
87.654	87.863	1600.0	573.7	0.0	1600.0
88.113	88.433	1600.0	88.2	942.3	1600.0
88.633	88.753	1600.0	713.4	19.0	1268.6
88.873	88.963	1600.0	497.9	0.0	436.6
89.193	89.273	1600.0	336.3	24.0	167.6
89.293	89.383	1600.0	422.2	0.0	87.3
89.443	89.572	1600.0	608.1	0.0	177.7
89.592	89.702	1600.0	506.8	0.0	145.8
90.192	90.292	1600.0	1.4	885.3	1600.0
90.502	90.642	1600.0	0.0	854.5	1600.0
90.852	90.922	1600.0	702.1	12.0	1600.0
90.942	91.172	1600.0	630.4	0.0	1600.0
91.212	91.331	1600.0	514.8	0.0	1600.0
91.531	91.691	1600.0	0.0	958.5	1600.0
92.071	92.291	1600.0	587.7	0.0	1600.0
92.92	92.99	929.1	501.3	0.0	79.8
93.02	93.1	839.9	574.5	0.0	180.3
93.12	93.62	1600.0	603.4	0.0	151.8
93.77	93.86	1600.0	554.1	38.6	0.0
93.92	94.43	1600.0	522.7	0.0	127.0
94.56	94.869	1600.0	564.5	41.0	0.0
94.899	95.119	1600.0	550.4	0.0	140.1
95.179	95.319	1600.0	546.1	0.0	137.0
95.429	95.699	1600.0	638.2	0.0	161.0
95.739	96.069	1600.0	581.2	44.3	0.0
96.089	96.269	1600.0	539.8	69.3	0.0
96.428	96.558	1600.0	637.4	0.0	195.9
96.578	96.858	1600.0	655.9	0.0	201.1
96.898	97.108	914.9	608.6	51.6	1.0
97.128	97.208	550.6	955.8	126.8	242.7
97.448	97.538	0.0	1600.0	910.6	781.5
97.678	97.808	0.0	1600.0	986.0	792.9
97.938	98.067	32.2	1600.0	1014.2	854.6
98.097	98.207	0.0	1600.0	861.3	777.1
98.417	98.487	0.0	1600.0	836.4	626.1
98.637	98.837	0.0	1600.0	613.2	429.4
98.967	99.087	439.8	1600.0	131.5	43.8
99.217	99.437	0.0	1600.0	745.9	557.4
99.457	99.527	0.0	1600.0	675.3	487.8
99.547	99.706	0.0	1600.0	802.7	598.5
99.726	99.836	0.0	1600.0	783.4	576.5
99.876	100.106	0.0	1600.0	756.2	551.4
100.126	100.236	0.0	1600.0	753.3	550.6
100.276	100.486	0.0	1600.0	714.8	505.4
100.566	100.656	409.8	1600.0	155.3	41.5
100.696	100.796	323.4	1600.0	244.0	39.2
100.946	101.116	0.0	1600.0	814.2	386.4
101.156	101.226	0.0	1600.0	755.3	1600.0
101.246	101.356	0.0	1600.0	709.3	1600.0
101.425	101.525	0.0	1600.0	624.6	1600.0
101.765	101.885	923.4	375.3	0.0	1600.0
101.955	102.105	769.8	512.6	0.0	1600.0
102.255	102.385	804.1	481.6	0.0	1600.0
102.545	102.765	908.1	342.0	9.0	1600.0
102.825	102.905	869.3	376.6	0.0	1600.0
102.925	103.015	853.9	396.7	0.0	1600.0
103.055	103.174	797.1	460.9	0.0	1600.0
103.224	103.324	775.7	483.6	0.0	1600.0
103.534	103.604	731.1	589.1	0.0	1600.0
103.644	103.734	750.9	561.2	0.0	1600.0
103.804	103.904	780.8	501.0	0.0	1600.0
103.924	104.014	771.8	509.8	0.0	1600.0
104.104	104.304	854.4	463.0	0.0	1600.0
104.454	104.554	1600.0	291.6	74.1	1600.0
104.644	104.714	1600.0	0.0	986.9	1600.0
104.903	104.983	1600.0	0.0	818.0	1600.0
105.363	105.453	1600.0	0.0	731.1	1600.0
105.473	105.843	1600.0	0.0	707.8	1600.0
105.903	106.033	1600.0	0.0	544.8	1600.0
106.203	106.293	1600.0	714.3	45.8	1600.0
106.313	106.423	1600.0	641.2	0.0	1600.0
106.443	106.572	1600.0	557.3	0.0	1600.0
106.592	106.682	1600.0	490.4	0.0	1600.0
106.722	106.922	1600.0	449.2	0.0	1600.0
106.942	107.072	1600.0	365.7	0.0	1600.0
107.192	107.302	1600.0	103.2	831.3	1600.0
107.462	107.572	1600.0	41.4	685.0	1600.0
107.662	107.852	1600.0	0.0	660.3	1600.0
107.872	107.972	1600.0	0.0	624.2	245.1
108.012	108.162	1600.0	0.0	383.4	244.1
108.192	108.271	1600.0	253.4	160.4	93.5
108.671	108.801	1600.0	590.0	0.0	353.6
108.821	109.031	1600.0	578.5	0.0	356.1
109.111	109.851	1600.0	435.6	147.2	0.0
109.92	110.19	1600.0	431.8	142.3	0.0
110.21	110.42	1600.0	431.2	105.7	0.0
110.51	110.59	1600.0	552.4	0.0	344.8
110.61	110.85	1600.0	484.5	0.0	333.9
111.19	111.3	1600.0	49.2	705.7	1600.0
111.32	111.42	1600.0	0.0	578.0	1600.0
111.54	111.709	1600.0	0.0	643.2	1600.0
111.729	111.829	1600.0	4.5	665.9	1600.0
111.909	112.039	1600.0	0.0	512.5	1600.0
112.309	112.539	1600.0	0.0	699.0	1600.0
112.839	112.959	1600.0	0.0	690.4	1600.0
112.979	113.099	1600.0	0.0	599.1	1600.0
113.139	113.259	1600.0	0.0	430.8	1600.0
113.448	113.578	1600.0	752.3	75.3	1096.0
113.588	113.668	1600.0	694.8	8.0	756.4
113.918	113.988	915.0	438.0	0.0	32.0
114.008	114.118	882.5	484.1	13.9	0.0
114.138	114.258	892.0	502.0	33.0	0.0
114.278	114.518	922.2	489.7	38.5	0.0
114.538	114.798	888.6	510.3	12.0	11.2
114.838	114.938	873.6	534.3	29.0	0.0
115.087	115.567	782.9	553.2	0.0	247.0
115.627	116.087	846.4	557.5	43.2	0.0
116.207	116.277	810.0	432.5	0.0	269.6
116.357	116.477	496.0	786.3	63.8	212.4
116.736	116.866	0.0	1600.0	836.9	801.1
116.886	116.986	0.0	1600.0	852.3	753.0
117.006	117.406	66.7	1600.0	960.4	873.1
117.426	117.516	13.0	1600.0	886.8	798.8
117.556	117.636	5.0	1600.0	888.7	802.9
117.696	117.806	0.0	1600.0	744.9	654.4
117.846	118.026	7.3	1600.0	565.3	451.7
118.106	118.186	57.0	1600.0	524.1	292.0
118.266	118.356	346.7	1600.0	227.1	53.3
118.376	118.505	259.4	1600.0	328.0	14.8
118.525	118.615	212.4	1600.0	383.0	53.3
118.655	118.825	141.8	1600.0	475.2	23.8
118.945	119.325	0.0	1600.0	740.0	1600.0
119.345	119.435	2.8	1600.0	724.9	1600.0
119.475	119.605	57.2	1600.0	671.4	1600.0
119.645	119.885	23.3	1600.0	672.0	0.0
119.905	120.104	5.7	1600.0	623.3	8.1
120.174	120.454	163.7	1600.0	439.3	57.9
120.594	120.704	872.6	1600.0	0.0	775.8
120.854	121.104	740.2	1600.0	0.0	639.4
121.144	121.224	707.0	1600.0	0.0	612.1
121.274	121.384	789.6	1600.0	0.0	729.2
121.574	122.033	73.3	1600.0	601.0	1600.0
122.103	122.333	18.0	1600.0	665.3	1600.0
122.553	122.653	1022.1	319.8	34.7	1600.0
122.673	122.783	1036.6	379.5	0.0	1600.0
122.823	122.943	1045.3	387.6	0.0	1600.0
122.963	123.353	1600.0	420.0	0.0	1600.0
123.373	123.622	1600.0	517.4	0.0	1600.0
124.072	124.182	1600.0	0.0	914.0	1600.0
124.242	124.322	1600.0	0.0	713.3	1600.0
124.562	124.752	1600.0	630.4	0.0	1600.0
124.772	125.132	1600.0	519.8	0.0	1600.0
125.641	125.771	1600.0	0.0	785.4	1600.0
126.661	126.751	1600.0	670.2	0.0	1600.0
126.771	127.0	1600.0	631.9	0.0	1600.0
127.02	127.11	1600.0	444.8	0.0	1600.0
127.24	127.35	1600.0	83.2	903.6	1600.0
127.54	127.7	1600.0	0.0	762.3	1600.0
127.72	127.83	1600.0	89.9	798.6	1600.0
127.87	127.97	1600.0	18.8	799.2	54.6
127.99	128.14	1600.0	0.0	521.1	164.5
128.16	128.27	1256.8	72.6	270.9	242.9
128.46	128.55	765.5	587.3	0.0	188.1
128.589	128.709	733.4	625.0	0.0	160.6
128.729	129.049	1600.0	468.9	0.0	159.0
129.249	129.409	1600.0	0.0	850.7	96.9
129.429	129.669	1600.0	50.5	797.9	1600.0
129.689	129.829	1600.0	55.2	857.6	1600.0
130.308	130.408	1600.0	0.0	893.7	1600.0
130.838	131.038	1600.0	505.5	0.0	248.3
131.278	131.368	771.3	644.2	0.0	84.5
131.428	131.498	839.3	611.0	25.0	17.8
131.508	131.648	857.6	574.9	0.0	62.0
131.708	131.938	839.4	587.2	0.0	123.9
131.957	132.037	1600.0	599.0	0.0	125.2
132.057	132.137	1600.0	539.7	0.0	121.0
132.237	132.387	1600.0	484.7	0.0	153.7
132.407	132.627	1600.0	462.3	0.0	253.0
132.657	132.777	1600.0	477.8	0.0	163.8
132.957	133.217	1600.0	587.9	0.0	126.6
133.237	133.457	1600.0	618.3	0.0	105.1
133.527	134.086	1600.0	585.5	43.9	25.6
134.156	134.236	817.4	629.1	0.0	122.5
134.256	134.346	821.7	620.2	0.0	144.2
134.406	134.506	832.4	608.4	0.0	156.0
134.526	134.616	1600.0	573.2	0.0	157.3
134.676	135.146	1600.0	470.9	0.0	201.9
135.166	135.346	1600.0	462.1	0.0	296.4
135.366	136.105	1600.0	473.7	0.0	190.8
136.225	136.305	1600.0	528.7	0.0	279.6
136.395	136.485	1600.0	524.1	0.0	374.5
136.505	136.625	1600.0	548.5	0.0	434.4
136.645	136.885	1600.0	663.8	0.0	442.9
136.905	137.025	1600.0	740.5	0.0	444.2
137.484	137.684	1600.0	933.2	0.0	181.1
137.844	137.954	1600.0	851.1	132.0	0.0
137.974	138.084	1600.0	796.6	118.5	0.0
138.144	138.504	1600.0	679.1	0.0	175.4
138.524	138.654	1600.0	670.9	0.0	194.6
138.674	138.783	1600.0	688.5	0.0	176.5
138.843	138.933	1600.0	695.7	0.0	172.0
138.973	139.223	1600.0	673.1	0.0	164.0
139.543	139.653	1600.0	660.0	0.0	171.9
139.703	139.783	1600.0	698.6	81.0	0.0
139.803	139.903	1600.0	702.1	74.0	0.0
139.923	140.033	1600.0	710.0	56.8	10.8
140.073	140.193	1600.0	619.5	77.0	0.0
140.213	140.323	1600.0	632.1	91.8	0.0
140.383	140.602	1600.0	628.7	0.0	207.8
140.642	140.722	1600.0	145.9	259.2	556.5
141.192	141.372	1600.0	0.0	844.5	155.4
141.462	141.722	1600.0	0.0	946.6	54.1
141.742	141.832	1600.0	0.0	916.3	1600.0
141.932	142.122	1600.0	0.0	783.5	1600.0
142.172	142.341	1600.0	0.0	792.4	1600.0
142.361	142.501	1600.0	0.0	423.6	1600.0
142.741	142.811	1600.0	734.6	0.0	1600.0
142.871	143.201	1600.0	635.0	0.0	397.8
143.251	143.401	1042.3	546.0	86.3	63.2
143.461	143.621	946.8	645.8	101.8	0.0
143.691	143.801	898.3	608.1	0.0	201.4
143.821	144.22	870.4	633.9	0.0	196.0
144.29	144.37	1600.0	617.8	0.0	291.6
144.46	144.64	1600.0	497.6	0.0	256.0
144.92	145.03	1600.0	571.7	60.5	49.2
145.11	145.2	1600.0	530.3	0.0	252.3
145.26	145.47	1600.0	501.9	0.0	277.8
145.49	145.739	1600.0	523.6	0.0	368.0
145.779	146.149	1600.0	631.8	0.0	430.8
146.189	146.289	1600.0	412.8	83.2	460.4
146.399	146.469	1600.0	0.0	1146.5	1402.0
147.039	147.139	1600.0	0.0	840.5	1159.0
147.238	147.388	1600.0	96.4	1119.1	1306.5
147.478	147.588	1600.0	0.0	970.4	1204.3
147.948	148.018	1600.0	0.0	613.9	804.2
148.458	148.568	1600.0	691.1	0.0	176.5
148.728	148.868	1600.0	558.5	0.0	222.4
148.888	148.967	1600.0	537.3	0.0	225.8
148.987	149.517	1600.0	519.3	0.0	223.8
149.727	149.807	1600.0	0.0	775.9	948.4
150.127	150.197	1600.0	616.9	0.0	202.7
150.237	150.507	1600.0	585.4	0.0	205.4
150.607	150.756	1600.0	520.6	0.0	222.6
150.926	151.466	1600.0	526.1	0.0	195.2
151.546	151.906	1600.0	489.3	0.0	242.8
152.076	152.395	1600.0	0.0	677.5	862.3
152.495	152.605	1600.0	262.5	112.3	233.0
152.895	152.985	1600.0	0.0	858.7	68.0
153.025	153.135	1600.0	59.2	891.8	17.9
153.425	153.535	1600.0	5.7	385.9	1600.0
153.555	153.645	1600.0	162.6	217.8	1600.0
153.845	154.025	1600.0	667.7	0.0	1600.0
154.124	154.374	1600.0	722.9	0.0	1600.0
154.394	154.484	1600.0	795.2	0.0	1600.0
154.524	154.674	1600.0	816.8	0.0	1600.0
154.694	155.274	1600.0	849.2	0.0	1600.0
155.374	155.474	1600.0	804.2	0.0	1600.0
155.494	155.863	1600.0	779.1	0.0	1600.0
155.903	156.003	1600.0	754.7	0.0	1600.0
156.043	156.323	1600.0	747.4	0.0	1600.0
156.343	156.603	1600.0	745.2	0.0	1600.0
156.773	156.853	1600.0	706.4	0.0	1600.0
156.893	157.023	1600.0	710.3	0.0	1600.0
157.043	157.223	1600.0	717.2	0.0	1600.0
157.313	157.423	1600.0	719.8	0.0	1600.0
157.992	158.062	1600.0	695.9	0.0	1600.0
158.142	158.302	1600.0	657.8	0.0	1600.0
158.562	158.802	1600.0	21.2	399.5	84.0
158.822	159.032	1600.0	183.7	251.4	0.0
159.092	159.161	1600.0	231.1	214.0	16.3
159.221	159.291	1600.0	596.1	0.0	403.8
159.361	159.621	1600.0	672.6	0.0	479.5
159.641	159.731	1600.0	547.7	0.0	349.4
159.971	160.041	1600.0	47.4	846.2	173.1
160.061	160.191	1600.0	0.0	818.8	1600.0
160.241	160.321	1600.0	90.7	711.3	1600.0
160.361	160.451	1600.0	38.0	567.9	1600.0
160.621	160.781	1600.0	0.0	933.1	1600.0
160.791	160.89	1600.0	69.8	1016.1	1600.0
160.95	161.09	1600.0	25.0	907.0	1600.0
161.44	161.57	1600.0	0.0	798.0	1600.0
161.65	161.8	1600.0	0.0	799.0	1600.0
161.87	162.02	1600.0	0.0	729.3	1600.0
162.2	162.35	1600.0	38.2	1137.6	1600.0
162.44	162.659	1600.0	0.0	479.3	1600.0
162.689	162.819	1600.0	0.0	555.8	1600.0
162.989	163.109	1600.0	0.0	580.5	1600.0
163.159	163.399	1600.0	0.0	644.5	1600.0
163.419	163.569	1600.0	0.0	727.9	1600.0
163.709	163.859	1600.0	0.0	902.2	1600.0
163.909	164.079	1600.0	0.0	875.0	1600.0
164.169	164.298	1600.0	0.0	851.8	1600.0
164.318	164.508	1600.0	0.0	904.6	1600.0
164.528	164.598	1600.0	0.0	851.4	1600.0
164.658	164.738	1600.0	0.0	860.7	1600.0
164.758	164.878	1600.0	0.0	786.7	1600.0
164.968	165.108	1600.0	0.0	904.6	1600.0
165.248	165.398	1600.0	0.0	838.9	1600.0
165.458	165.568	1600.0	0.0	707.6	1600.0
165.658	165.848	1600.0	20.5	1045.7	1600.0
165.888	166.117	1600.0	52.3	1141.0	1600.0
166.367	166.557	1600.0	2.0	1028.3	1600.0
166.577	166.917	1600.0	27.8	1044.5	1600.0
167.027	167.107	1600.0	0.0	804.2	1600.0
167.287	167.497	1600.0	0.0	778.6	1600.0
167.597	167.736	1600.0	0.0	848.4	1600.0
167.826	167.926	1600.0	0.0	924.4	1600.0
167.956	168.056	1600.0	0.0	704.6	1600.0
168.226	168.296	1600.0	0.0	677.3	1600.0
168.376	168.606	1600.0	0.0	872.8	1600.0
168.676	168.746	1600.0	0.0	716.9	1600.0
168.806	168.896	1600.0	0.0	529.8	1600.0
169.375	169.505	1600.0	530.4	0.0	1600.0
169.525	169.955	1600.0	540.4	0.0	1600.0
169.975	170.105	1600.0	544.2	0.0	1600.0
170.135	170.305	1600.0	635.3	0.0	1600.0
170.325	170.435	1600.0	636.6	0.0	1600.0
170.745	170.885	1600.0	579.5	0.0	1600.0
170.905	171.194	1600.0	583.6	0.0	1600.0
171.504	171.614	1600.0	0.0	600.0	1600.0
171.724	171.834	1600.0	0.0	638.5	1600.0
172.024	172.234	1600.0	0.0	650.4	1600.0
173.543	173.633	1600.0	61.1	953.8	1600.0
173.673	173.743	1600.0	50.2	775.0	1600.0
174.223	174.293	815.2	700.7	0.0	1600.0
174.363	174.542	1600.0	205.2	193.0	811.1
175.272	175.342	1600.0	693.4	0.0	1600.0
175.362	175.452	1600.0	657.0	0.0	1600.0
175.472	175.702	1600.0	641.7	0.0	1600.0
175.762	176.121	1600.0	646.9	0.0	1600.0
176.161	176.261	1600.0	269.1	126.5	754.0
176.571	176.641	1600.0	44.0	792.6	109.2
176.871	176.951	1600.0	877.3	87.9	1600.0
176.971	177.081	1600.0	738.5	0.0	1600.0
177.141	177.321	1600.0	394.0	27.3	1600.0
177.561	177.631	1600.0	40.6	1001.7	1600.0
177.741	177.93	1600.0	10.6	1078.4	1600.0
177.97	178.1	1600.0	108.7	1097.7	1600.0
178.2	178.38	1600.0	69.9	1054.6	7.0
178.42	178.53	1600.0	189.4	1057.8	51.2
178.57	178.65	1600.0	105.2	947.1	118.8
178.69	178.89	1600.0	0.0	383.1	252.1
179.08	179.2	1600.0	660.4	0.0	182.9
179.24	179.36	1600.0	657.5	0.0	174.3
179.38	179.509	1600.0	639.1	0.0	130.6
179.529	179.619	1600.0	631.0	0.0	119.6
179.659	179.959	1600.0	571.5	36.7	0.0
179.989	180.269	1600.0	507.7	0.0	152.3
180.929	181.019	1600.0	0.0	433.4	715.2
181.228	181.318	273.6	1600.0	415.9	198.0
181.338	181.428	230.5	1600.0	458.7	190.5
181.608	181.748	0.0	1600.0	794.3	566.0
181.758	181.848	0.0	1600.0	720.3	520.2
181.908	182.078	0.0	1600.0	907.7	714.1
182.188	182.418	25.5	1600.0	1032.9	788.5
182.458	182.558	8.5	1600.0	910.1	680.0
182.578	182.708	0.0	1600.0	844.2	619.3
182.728	182.818	0.0	1600.0	751.2	469.9
182.858	182.977	211.4	1149.7	408.9	258.0
183.437	183.557	652.9	646.3	0.0	347.7
183.577	183.657	579.5	734.9	30.0	273.8
183.747	183.857	17.0	1600.0	602.0	86.0
184.137	184.257	0.0	1600.0	873.6	1600.0
184.277	184.387	9.4	1600.0	786.6	1600.0
184.407	184.517	210.8	1600.0	484.2	1600.0
184.557	184.626	487.4	800.3	203.8	1600.0
184.866	185.006	1098.2	366.1	0.0	1600.0
185.106	185.216	853.2	538.8	0.0	1600.0
185.506	185.676	970.9	425.9	0.0	1600.0
185.696	185.786	941.9	448.6	0.0	1600.0
185.806	186.036	865.4	525.9	0.0	1600.0
186.106	186.335	1600.0	561.4	0.0	1600.0
186.395	186.505	1600.0	467.3	0.0	1600.0
186.525	186.625	1600.0	478.3	0.0	1600.0
186.675	186.885	1600.0	496.0	0.0	1600.0
186.925	187.145	1600.0	392.8	0.0	1600.0
187.625	187.695	1600.0	0.0	797.5	1600.0
187.775	187.845	1600.0	0.0	614.8	1600.0
188.014	188.204	1600.0	519.6	0.0	1600.0
188.414	188.524	1600.0	30.2	606.6	1600.0
188.604	188.724	1600.0	0.0	449.6	1600.0
189.044	189.164	1600.0	452.6	0.0	713.1
189.374	189.474	1600.0	145.4	711.9	8.9
189.494	189.604	1600.0	0.0	573.4	60.0
189.903	190.053	1600.0	556.6	0.0	857.9
190.103	190.203	1600.0	532.6	0.0	836.5
190.223	190.453	1600.0	559.8	0.0	866.5
190.493	190.643	1600.0	308.3	29.2	1600.0
190.713	190.893	1600.0	73.2	644.9	1600.0
190.913	191.083	1600.0	36.0	590.8	1600.0
191.233	191.303	1600.0	0.0	539.9	1600.0
191.462	191.532	1600.0	0.0	645.1	1600.0
191.762	191.832	1600.0	39.6	930.1	1600.0
191.872	191.992	1600.0	77.0	900.4	1600.0
192.012	192.252	1600.0	64.5	887.5	1600.0
192.292	192.362	1600.0	26.2	895.3	1600.0
192.502	192.832	1600.0	0.0	782.0	1600.0
192.972	193.041	1600.0	807.4	139.2	1600.0
193.121	193.221	1600.0	675.7	15.3	878.2
193.241	193.351	1600.0	601.5	0.0	554.8
193.371	193.481	1600.0	554.6	0.0	427.5
193.501	193.721	1600.0	443.9	0.0	242.9
193.761	193.941	1600.0	301.5	58.2	121.8
193.991	194.191	851.0	536.0	0.0	220.1
194.211	194.311	848.4	525.5	0.0	223.4
194.511	194.731	721.9	658.6	0.0	150.2
194.77	194.9	762.8	607.1	0.0	207.6
195.21	195.34	10.6	1600.0	975.5	945.3
195.36	195.43	0.0	1600.0	874.3	839.9
195.47	195.73	0.0	1600.0	616.8	588.3
196.02	196.09	600.1	1600.0	0.0	157.5
196.33	196.439	0.0	1600.0	756.2	713.5
196.459	196.569	33.7	1600.0	686.7	649.1
196.589	196.859	0.0	1600.0	664.8	632.1
196.879	197.059	0.0	1600.0	668.5	529.3
197.079	197.339	0.0	1600.0	723.0	246.8
197.589	197.659	247.5	1063.1	313.0	136.2
197.839	197.959	924.0	347.0	28.2	811.3
198.089	198.188	527.7	1600.0	31.0	395.3
198.358	198.468	0.0	1600.0	750.7	49.8
198.488	198.718	9.8	1600.0	689.0	1600.0
198.758	198.868	18.6	1600.0	673.0	0.0
198.908	199.158	88.2	1600.0	574.0	1600.0
199.178	199.348	193.0	1122.9	411.8	1600.0
199.558	199.708	173.8	1184.1	504.0	1600.0
200.627	200.697	850.6	416.6	0.0	1600.0
200.737	200.817	801.1	484.6	0.0	1600.0
200.837	200.987	804.3	531.4	0.0	1600.0
201.037	201.137	844.6	541.7	0.0	1600.0
201.177	201.287	864.0	534.9	0.0	1600.0
201.307	201.397	872.5	535.3	0.0	1600.0
201.457	201.706	804.9	616.7	0.0	1600.0
201.766	201.926	1600.0	473.2	0.0	1600.0
202.426	202.496	1600.0	0.0	817.3	1600.0
202.516	202.636	1600.0	0.0	723.3	1600.0
202.766	202.956	1600.0	715.2	0.0	1600.0
202.976	203.196	1600.0	431.3	0.0	1600.0
203.405	203.475	1600.0	60.2	1116.0	1600.0
203.545	203.685	1600.0	0.0	965.3	1600.0
203.975	204.205	1600.0	604.9	0.0	1600.0
204.225	204.345	1600.0	358.5	16.2	1600.0
204.505	204.605	1600.0	35.3	946.6	1600.0
204.645	204.865	1600.0	12.6	799.7	1600.0
204.904	204.984	1600.0	0.0	688.0	1600.0
205.324	205.514	1600.0	244.9	1025.6	47.2
205.574	205.644	1600.0	33.7	768.8	11.0
205.664	205.814	1600.0	0.0	705.8	78.3
205.984	206.104	1600.0	674.1	0.0	854.7
206.144	206.334	1600.0	589.2	0.0	1600.0
206.594	206.673	1600.0	70.7	1063.8	1600.0
206.823	207.033	1600.0	64.5	856.4	1600.0
207.143	207.293	1600.0	0.0	946.6	1600.0
207.373	207.573	1600.0	5.0	1114.5	1600.0
207.583	207.693	1600.0	0.0	954.6	1600.0
207.933	208.023	1600.0	847.9	99.8	1600.0
208.063	208.153	1600.0	701.0	0.0	1600.0
208.762	209.002	750.5	663.3	0.0	211.9
209.022	209.292	778.3	643.1	0.0	181.6
209.312	209.492	566.4	771.3	22.0	261.9
210.021	210.131	14.1	1600.0	972.5	917.2
210.211	210.291	12.0	1600.0	921.4	952.5
210.311	210.401	8.0	1600.0	877.6	921.4
210.411	210.491	22.6	1600.0	843.5	916.5
210.511	210.601	0.0	1600.0	770.8	802.5
210.621	210.721	2.0	1600.0	778.6	747.3
210.911	211.111	0.0	1600.0	739.9	692.7
211.171	211.351	0.0	1600.0	761.6	678.2
211.441	211.561	0.0	1600.0	726.7	665.3
211.581	211.76	0.0	1600.0	703.3	630.9
211.89	212.1	0.0	1600.0	825.0	737.6
212.69	212.8	256.9	1600.0	294.0	80.3
213.2	213.369	702.3	640.5	0.0	570.4
213.389	213.479	526.0	1600.0	97.5	427.3
213.659	213.759	0.0	1600.0	826.0	110.0
213.839	213.919	0.0	1600.0	747.2	39.1
213.939	214.109	0.0	1600.0	736.0	1600.0
214.209	214.509	16.0	1600.0	647.0	1600.0
214.929	215.039	886.3	487.6	0.0	1600.0
215.178	215.278	948.5	390.0	0.0	1600.0
215.298	215.398	888.4	410.1	0.0	1600.0
215.438	215.708	817.4	455.7	0.0	1600.0
215.728	216.018	808.2	468.1	18.0	1600.0
216.038	216.118	853.2	413.2	40.0	1600.0
216.158	216.398	848.5	419.1	50.6	1600.0
216.438	216.558	759.5	566.0	162.5	1600.0
217.027	217.117	1600.0	1600.0	1600.0	1600.0
217.137	217.257	1600.0	1600.0	1600.0	1600.0
217.277	217.377	1600.0	1600.0	1600.0	1600.0
217.607	217.957	1600.0	1600.0	1600.0	1600.0
217.977	218.107	1600.0	1600.0	1600.0	1600.0
218.127	218.317	1600.0	1600.0	1600.0	1600.0
218.437	219.096	961.2	1600.0	1600.0	1600.0
219.306	219.406	1600.0	1600.0	1600.0	1600.0
219.446	219.556	1600.0	1600.0	1600.0	1600.0
219.576	220.235	1600.0	1600.0	1600.0	1600.0
220.255	220.515	1600.0	1600.0	1600.0	1600.0
220.555	220.935	1600.0	1600.0	1600.0	1600.0
