Event Start Trial Time [ms]	Event End Trial Time [ms]	Event Duration [ms]	Visual Intake Position X [px]	Visual Intake Position Y [px]
0	175	175	805.0	353.0
275	845	570	802.0	347.0
1784	2004	220	705.0	754.0
2024	2584	560	859.0	654.0
2613	2843	230	927.0	525.0
3163	3483	320	942.0	540.0
3503	3983	480	913.0	626.0
4013	4442	430	929.0	562.0
4462	4652	190	977.0	642.0
4682	4902	220	900.0	562.0
4912	5052	140	854.0	607.0
5082	5392	310	943.0	588.0
5412	5652	240	810.0	607.0
5852	6002	150	1148.0	265.0
6052	6141	90	957.0	322.0
6161	6411	250	865.0	261.0
6521	6781	260	1072.0	371.0
6791	7091	300	1112.0	357.0
7121	7471	350	942.0	279.0
7511	7841	330	1168.0	391.0
7850	8380	530	1091.0	388.0
8420	8490	70	851.0	359.0
8610	8930	320	353.0	811.0
9080	9150	70	1451.0	382.0
9160	9390	230	1268.0	395.0
9430	10419	989	1060.0	328.0
10709	10889	180	681.0	685.0
11129	11258	130	574.0	249.0
11288	11478	190	748.0	393.0
11508	11728	220	893.0	261.0
11738	12038	300	912.0	414.0
12068	14037	1969	946.0	573.0
14177	14277	100	763.0	610.0
14487	14657	170	1353.0	775.0
14686	14896	210	1075.0	777.0
14916	15306	390	1013.0	644.0
15466	16106	640	1001.0	430.0
16146	16276	130	1189.0	312.0
16286	16605	320	1080.0	329.0
16925	17185	260	1180.0	436.0
17195	17505	310	1119.0	434.0
17595	18075	480	610.0	730.0
18254	18924	670	1109.0	395.0
18964	19284	320	1246.0	235.0
19334	19414	80	846.0	386.0
19454	20003	550	1116.0	263.0
20243	20533	290	654.0	707.0
20723	21043	320	1254.0	257.0
21123	21283	160	673.0	646.0
21602	21832	230	735.0	308.0
21952	22112	160	936.0	425.0
23172	23451	280	1151.0	692.0
23631	23791	160	908.0	690.0
23821	24041	220	997.0	627.0
24071	24361	290	936.0	486.0
24441	24881	440	832.0	585.0
24901	25110	210	844.0	569.0
25130	25230	100	780.0	560.0
25300	25440	140	1224.0	252.0
25520	25860	340	1220.0	412.0
25880	26420	540	1175.0	446.0
26670	26979	310	658.0	506.0
27199	27359	160	1280.0	350.0
27379	27649	270	1145.0	361.0
27859	28109	250	506.0	681.0
28129	28219	90	504.0	636.0
28419	28628	210	1466.0	490.0
28928	29038	110	786.0	416.0
29058	29458	400	924.0	340.0
29478	29668	190	875.0	459.0
29708	30227	520	958.0	513.0
30237	31966	1729	863.0	433.0
31976	32046	70	786.0	404.0
32056	32276	220	812.0	334.0
32296	32626	330	914.0	355.0
32656	33446	790	902.0	437.0
33466	34735	1269	838.0	485.0
34865	35025	160	1161.0	618.0
35045	35305	260	940.0	615.0
35335	35624	290	858.0	679.0
35654	36014	360	874.0	609.0
36154	36234	80	1355.0	395.0
36264	36574	310	1100.0	330.0
36604	36734	130	1103.0	458.0
36754	37004	250	1167.0	404.0
37034	37353	320	1018.0	587.0
37373	37493	120	903.0	645.0
37533	37713	180	856.0	365.0
37743	38053	310	859.0	247.0
38073	38173	100	806.0	268.0
38193	38613	420	971.0	317.0
38623	39072	450	1085.0	262.0
39162	39322	160	978.0	337.0
39462	39752	290	681.0	734.0
39942	40132	190	1250.0	199.0
40272	40372	100	823.0	717.0
40392	40611	220	997.0	644.0
41001	41111	110	839.0	325.0
41121	41211	90	888.0	383.0
41241	41401	160	771.0	318.0
41431	42031	600	883.0	479.0
42041	42191	150	929.0	499.0
42211	42330	120	940.0	405.0
42360	42510	150	980.0	195.0
42550	42710	160	1025.0	399.0
42750	42860	110	1068.0	212.0
42910	43400	490	1104.0	606.0
43450	43680	230	814.0	400.0
43690	43870	180	831.0	382.0
43960	44069	110	915.0	268.0
44089	44359	270	998.0	212.0
44399	44619	220	977.0	474.0
44719	45019	300	990.0	253.0
45049	45179	130	977.0	426.0
45189	45429	240	969.0	360.0
45688	46398	710	1022.0	478.0
46518	46958	440	945.0	436.0
47168	47348	180	1408.0	711.0
47358	47597	240	1321.0	706.0
47617	48007	390	1241.0	634.0
48027	48177	150	969.0	627.0
48277	48477	200	991.0	624.0
48557	48877	320	937.0	555.0
49117	49426	310	878.0	599.0
49446	49976	530	906.0	574.0
50026	50166	140	787.0	581.0
50816	51135	320	982.0	472.0
51495	51745	250	737.0	565.0
52075	52585	510	1192.0	251.0
52594	52964	370	1078.0	240.0
53764	53934	170	675.0	335.0
53994	54224	230	875.0	333.0
54244	54433	190	1011.0	405.0
54493	55153	660	800.0	379.0
55213	55443	230	855.0	407.0
55453	55743	290	894.0	484.0
55753	55893	140	847.0	439.0
56012	56222	210	849.0	497.0
56412	56492	80	1589.0	802.0
56732	57422	690	1115.0	817.0
57662	57742	80	1085.0	119.0
57761	57861	100	987.0	136.0
57901	58001	100	1188.0	321.0
58101	58581	480	1101.0	314.0
58601	58861	260	944.0	299.0
58931	59031	100	1138.0	310.0
59291	59411	120	744.0	694.0
59421	59580	160	843.0	623.0
59600	59700	100	815.0	610.0
59880	60030	150	428.0	699.0
60160	60380	220	1376.0	207.0
60560	60720	160	1200.0	260.0
60840	61010	170	326.0	847.0
61030	61110	80	275.0	738.0
61229	61419	190	1325.0	287.0
61559	61739	180	1194.0	272.0
61949	62039	90	625.0	770.0
62289	62419	130	577.0	325.0
62749	62918	170	1177.0	819.0
62988	63128	140	747.0	263.0
63148	63328	180	855.0	253.0
63368	63568	200	897.0	456.0
63598	63908	310	795.0	433.0
63918	64058	140	842.0	487.0
64078	64178	100	863.0	403.0
64278	64647	370	921.0	415.0
64687	64757	70	995.0	285.0
64897	65277	380	923.0	449.0
65297	65377	80	859.0	428.0
65577	65647	70	869.0	432.0
65687	65937	250	1063.0	653.0
65977	66586	610	912.0	479.0
66596	67016	420	880.0	547.0
67436	67586	150	1178.0	721.0
67606	67806	200	982.0	719.0
67826	67956	130	1032.0	679.0
68135	68425	290	952.0	663.0
68455	68685	230	925.0	533.0
68705	68845	140	862.0	577.0
68865	69335	470	931.0	557.0
69485	69655	170	1176.0	274.0
69675	69765	90	954.0	209.0
69814	70034	220	1081.0	341.0
70244	70394	150	584.0	352.0
70424	70574	150	737.0	306.0
70624	70954	330	1079.0	441.0
70974	71114	140	974.0	501.0
71294	71474	180	915.0	226.0
71523	71663	140	871.0	542.0
71783	71973	190	941.0	244.0
72003	72203	200	885.0	142.0
72413	73033	620	915.0	218.0
73312	73412	100	1156.0	309.0
73452	73672	220	1208.0	513.0
73852	73972	120	772.0	693.0
74002	74172	170	744.0	545.0
74432	74702	270	1191.0	236.0
74892	75051	160	659.0	592.0
75581	75711	130	767.0	328.0
75741	75901	160	917.0	262.0
76011	76131	120	867.0	195.0
76331	76740	410	837.0	363.0
76770	76910	140	994.0	409.0
77070	77340	270	1022.0	390.0
77370	77610	240	1055.0	506.0
77620	77950	330	979.0	487.0
77960	78090	130	917.0	408.0
78290	78529	240	932.0	399.0
78649	78779	130	1712.0	977.0
78789	79149	360	1660.0	872.0
79179	79369	190	1436.0	802.0
79399	79509	110	1458.0	948.0
79719	79789	70	387.0	469.0
79829	79909	80	446.0	393.0
80079	80168	90	1359.0	801.0
80248	80368	120	1238.0	758.0
80708	80788	80	1325.0	399.0
80808	80938	130	1280.0	319.0
80948	81068	120	1208.0	369.0
81158	81508	350	666.0	695.0
81658	81728	70	1339.0	358.0
81798	81917	120	1098.0	350.0
82087	82157	70	1020.0	194.0
82187	82307	120	1196.0	217.0
82327	82447	120	1260.0	306.0
82497	82587	90	934.0	526.0
82987	83087	100	612.0	714.0
83107	83527	420	763.0	641.0
83776	83916	140	1272.0	116.0
84126	84236	110	1092.0	129.0
84256	84526	270	1028.0	133.0
84546	85485	939	1159.0	310.0
85625	85945	320	1228.0	330.0
86255	86605	350	1180.0	351.0
86765	86974	210	1288.0	338.0
86984	87344	360	1263.0	332.0
87614	87804	190	794.0	812.0
88024	88244	220	839.0	694.0
88524	88644	120	1326.0	41.0
88674	88943	270	1259.0	235.0
88963	89083	120	1235.0	97.0
89243	89353	110	1312.0	113.0
89383	89733	350	1216.0	276.0
89993	90173	180	612.0	741.0
90462	90792	330	1193.0	216.0
91182	91252	70	845.0	672.0
91282	91442	160	1043.0	645.0
92052	92191	140	913.0	402.0
92201	92321	120	983.0	388.0
92481	92731	250	890.0	420.0
92741	93421	680	839.0	404.0
93461	93970	510	976.0	562.0
93980	94080	100	1008.0	555.0
94300	94790	490	942.0	592.0
95120	95210	90	1185.0	1045.0
95260	95599	340	991.0	1017.0
95799	96179	380	921.0	815.0
96409	96479	70	900.0	528.0
96499	96709	210	934.0	525.0
96799	97029	230	828.0	562.0
97059	97328	270	922.0	519.0
97348	97438	90	911.0	512.0
97748	98148	400	829.0	170.0
98168	98298	130	820.0	184.0
98318	98598	280	886.0	182.0
98748	98928	180	582.0	595.0
99357	99627	270	1234.0	44.0
99647	99907	260	1061.0	59.0
100067	100377	310	592.0	576.0
100467	100557	90	1313.0	122.0
100716	100876	160	1181.0	202.0
100966	101076	110	499.0	726.0
101146	101266	120	491.0	626.0
101416	102406	989	1185.0	455.0
102765	103045	280	658.0	519.0
103155	103305	150	834.0	503.0
103595	103675	80	694.0	281.0
103685	103925	240	875.0	267.0
104125	104384	260	863.0	458.0
104414	104554	140	1049.0	399.0
104584	104874	290	890.0	266.0
104914	104984	70	1053.0	347.0
105164	105284	120	979.0	438.0
105444	105554	110	967.0	407.0
105584	105664	80	1084.0	547.0
105684	106623	939	1006.0	501.0
106663	106943	280	974.0	519.0
107003	107083	80	908.0	501.0
107463	107533	70	1138.0	733.0
107862	108002	140	727.0	792.0
108022	108232	210	772.0	796.0
108252	108632	380	935.0	636.0
109032	109591	560	1175.0	280.0
109801	109981	180	557.0	900.0
110241	110361	120	1467.0	295.0
110481	110891	410	1163.0	326.0
110921	111220	300	986.0	351.0
111400	111580	180	636.0	772.0
111800	111930	130	818.0	645.0
111950	112020	70	908.0	609.0
112070	112210	140	1228.0	465.0
112470	112560	90	711.0	320.0
112580	112759	180	792.0	244.0
112789	113059	270	853.0	460.0
113199	113439	240	861.0	347.0
113479	114179	700	1011.0	479.0
114339	114498	160	1080.0	581.0
114618	115258	640	999.0	468.0
115388	115588	200	915.0	499.0
115758	115958	200	1559.0	795.0
116058	116168	110	1289.0	777.0
116247	116437	190	562.0	636.0
116687	116857	170	1197.0	869.0
117567	118026	460	982.0	532.0
118196	118326	130	902.0	476.0
118706	119136	430	867.0	323.0
119236	119655	420	895.0	364.0
120055	120225	170	887.0	372.0
120265	120665	400	920.0	318.0
120675	120765	90	890.0	386.0
120825	121015	190	976.0	420.0
123193	123303	110	712.0	675.0
