event_type	start_time	end_time	duration	saccade_amplitude
Fixation	0	195	195	
Fixation	315	535	220	
Fixation	555	1044	490	
Saccade	1044	1134	90	
Saccade	1154	1194	40	
Saccade	1664	1694	30	
Saccade	1704	1754	50	
Saccade	1844	1884	40	
Saccade	1934	1954	20	
Saccade	1964	1984	20	
Saccade	1994	2014	20	
Saccade	2034	2064	30	
Saccade	2084	2104	20	
Saccade	2114	2124	10	
Saccade	2134	2194	60	
Saccade	2234	2244	10	
Saccade	2274	2284	10	
Saccade	2314	2334	20	
Fixation	2354	2494	140	
Saccade	2494	2524	30	
Saccade	2534	2574	40	
Saccade	2703	2723	20	
Fixation	2723	2813	90	
Fixation	2833	2923	90	
Fixation	2963	3213	250	
Saccade	3213	3233	20	
Fixation	3253	3433	180	
Saccade	3473	3503	30	
Fixation	3503	3653	150	
Saccade	3653	3673	20	
Fixation	3713	3813	100	
Fixation	3833	4063	230	
Saccade	4063	4093	30	
Fixation	4133	4642	510	
Fixation	4662	4942	280	
Fixation	4962	5182	220	
Saccade	5232	5242	10	
Fixation	5242	5612	370	
Fixation	5632	5732	100	
Saccade	5732	5752	20	4.99
Fixation	5752	6351	600	
Saccade	6351	6371	20	
Fixation	6451	6881	430	
Fixation	6901	7111	210	
Fixation	7171	7381	210	
Fixation	7401	7631	230	
Saccade	7641	7681	40	
Fixation	7701	7890	190	
Saccade	7890	7900	10	2.99
Fixation	7900	8000	100	
Saccade	8000	8010	10	4.1
Fixation	8010	8080	70	
Fixation	8120	8190	70	
Fixation	8230	8300	70	
Saccade	8300	8320	20	
Fixation	8400	8520	120	
Saccade	8520	8570	50	
Saccade	8740	8760	20	
Fixation	8760	8830	70	
Fixation	8930	9100	170	
Saccade	9220	9240	20	
Fixation	9240	9340	100	
Saccade	9340	9400	60	
Saccade	9549	9569	20	
Fixation	9649	9819	170	
Saccade	9819	9859	40	
Fixation	9919	10059	140	
Fixation	10169	10239	70	
Saccade	10239	10249	10	
Saccade	10309	10329	20	
Saccade	10379	10469	90	
Fixation	10469	10729	260	
Fixation	10749	11358	610	
Saccade	11358	11388	30	
Saccade	11428	11478	50	
Fixation	11478	11618	140	
Saccade	11778	11808	30	
Saccade	11818	11848	30	
Saccade	11868	11888	20	
Fixation	11888	11998	110	
Fixation	12138	12548	410	
Saccade	12548	12578	30	6.32
Fixation	12578	12658	80	
Fixation	12738	13097	360	
Fixation	13137	13217	80	
Fixation	13237	13357	120	
Fixation	13397	13897	500	
Saccade	13897	13947	50	
Saccade	13997	14017	20	
Fixation	14017	14117	100	
Saccade	14117	14147	30	
Saccade	14197	14227	30	
Saccade	14287	14307	20	
Saccade	14357	14367	10	
Fixation	14367	14467	100	
Saccade	14467	14487	20	3.19
Fixation	14487	14597	110	
Saccade	14597	14617	20	
Fixation	14686	14946	260	
Saccade	14966	14986	20	
Fixation	14986	15126	140	
Saccade	15126	15176	50	
Fixation	15266	15526	260	
Saccade	15526	15546	20	
Saccade	15576	15596	20	
Fixation	15596	16076	480	
Fixation	16236	16415	180	
Saccade	16415	16445	30	
Saccade	16485	16535	50	
Saccade	16555	16595	40	
Saccade	16635	16655	20	
Fixation	16655	16875	220	
Fixation	16935	17105	170	
Saccade	17195	17225	30	
Saccade	17255	17285	30	
Fixation	17305	17565	260	
Fixation	17635	17805	170	
Saccade	18005	18055	50	
Fixation	18134	18284	150	
Fixation	18304	18514	210	
Fixation	18534	19644	1109	
Fixation	19664	19764	100	
Saccade	19923	19933	10	
Saccade	19963	19983	20	
Fixation	20063	20213	150	
Saccade	20293	20313	20	
Fixation	20353	20593	240	
Saccade	20663	20683	20	
Fixation	20683	20833	150	
Saccade	20993	21023	30	
Saccade	21063	21093	30	
Saccade	21133	21143	10	
Fixation	21143	21213	70	
Saccade	21233	21253	20	
Saccade	21293	21313	20	
Fixation	21313	21493	180	
Saccade	21493	21503	10	0.75
Fixation	21503	21712	210	
Fixation	21732	21842	110	
Fixation	21882	22122	240	
Fixation	22162	22272	110	
Fixation	22312	22432	120	
Saccade	22432	22442	10	0.94
Fixation	22442	22532	90	
Saccade	22532	22552	20	2.24
Fixation	22552	22832	280	
Fixation	22882	22982	100	
Fixation	23002	23092	90	
Saccade	23092	23102	10	1.7
Fixation	23102	23401	300	
Fixation	23421	23611	190	
Fixation	23701	23811	110	
Fixation	23851	24101	250	
Fixation	24151	24231	80	
Fixation	24251	24391	140	
Saccade	24391	24411	20	
Saccade	24441	24491	50	
Saccade	24521	24591	70	
Fixation	24681	24781	100	
Fixation	24801	24911	110	
Fixation	24971	25250	280	
Saccade	25250	25270	20	3.72
Fixation	25270	25610	340	
Saccade	25610	25640	30	6.34
Fixation	25640	26110	470	
Saccade	26110	26130	20	
Saccade	26220	26240	20	
Fixation	26240	26490	250	
Saccade	26490	26520	30	3.32
Fixation	26520	26690	170	
Saccade	26690	26710	20	
Saccade	26919	26969	50	
Fixation	26979	27069	90	
Saccade	27069	27099	30	
Fixation	27119	27359	240	
Saccade	27429	27459	30	
Saccade	27549	27589	40	
Fixation	27679	27939	260	
Saccade	28139	28169	30	
Fixation	28219	28329	110	
Fixation	28369	28478	110	
Fixation	28498	28618	120	
Saccade	28638	28668	30	
Saccade	28708	28728	20	
Saccade	28768	28798	30	
Saccade	29088	29168	80	
Saccade	29188	29208	20	
Fixation	29208	29298	90	
Saccade	29368	29448	80	
Saccade	29488	29498	10	
Fixation	29718	29798	80	
Saccade	29798	29848	50	
Fixation	29888	30058	170	
Saccade	30058	30078	20	
Fixation	30148	30277	130	
Fixation	30297	30537	240	
Fixation	30597	30997	400	
Saccade	30997	31057	60	
Fixation	31167	31257	90	
Fixation	31297	31397	100	
Saccade	31437	31507	70	
Fixation	31507	31787	280	
Saccade	31966	31986	20	
Saccade	31996	32026	30	
Saccade	32046	32076	30	
Saccade	32096	32106	10	
Saccade	32156	32176	20	
Fixation	32176	32586	410	
Fixation	32686	32926	240	
Saccade	32926	32966	40	2.26
Fixation	32966	33106	140	
Saccade	33106	33126	20	
Saccade	33166	33176	10	
Saccade	33216	33256	40	
Fixation	33256	33356	100	
Saccade	33356	33386	30	12.77
Fixation	33386	33635	250	
Saccade	33635	33665	30	7.67
Fixation	33665	34735	1069	
Fixation	34755	35035	280	
Fixation	35055	35135	80	
Fixation	35155	35544	390	
Fixation	35634	35984	350	
Fixation	36004	36364	360	
Fixation	36404	37183	780	
Fixation	37203	37333	130	
Fixation	37353	37443	90	
Fixation	37483	37553	70	
Saccade	37553	37573	20	
Fixation	37613	37713	100	
Saccade	37753	37833	80	
Saccade	37853	37883	30	
Saccade	37903	37933	30	
Saccade	37943	37973	30	
Fixation	37973	38043	70	
Saccade	38043	38073	30	9.73
Fixation	38073	38163	90	
Fixation	38183	38563	380	
Saccade	38663	38753	90	
Fixation	38912	39032	120	
Saccade	39032	39062	30	
Saccade	39152	39172	20	
Saccade	39182	39202	20	
Saccade	39242	39272	30	
Fixation	39272	39382	110	
Fixation	39402	39512	110	
Fixation	39532	39902	370	
Saccade	39902	39952	50	2.93
Fixation	39952	40132	180	
Saccade	40312	40342	30	
Saccade	40382	40402	20	
Saccade	40502	40521	20	
Fixation	40521	40711	190	
Fixation	40751	40881	130	
Fixation	40901	41331	430	
Saccade	41681	41711	30	
Fixation	41711	41901	190	
Saccade	42111	42131	20	
Fixation	42181	42270	90	
Saccade	42270	42360	90	
Saccade	42400	42420	20	
Saccade	42440	42460	20	
Fixation	42480	42610	130	
Fixation	42630	42740	110	
Saccade	42800	42820	20	
Saccade	42830	42850	20	
Saccade	42870	42890	20	
Saccade	42920	42980	60	
Saccade	42990	43010	20	
Fixation	43010	43160	150	
Fixation	43180	43380	200	
Fixation	43450	43560	110	
Fixation	43580	43700	120	
Fixation	43720	43800	80	
Saccade	43800	43830	30	
Fixation	43880	43979	100	
Fixation	43999	44089	90	
Saccade	44169	44189	20	
Fixation	44189	44379	190	
Fixation	44399	44659	260	
Fixation	44699	44799	100	
Fixation	44819	44949	130	
Fixation	44969	45079	110	
Fixation	45099	45329	230	
Fixation	45379	45589	210	
Saccade	45589	45619	30	
Fixation	45639	46048	410	
Fixation	46068	46468	400	
Fixation	46488	46578	90	
Fixation	46638	46848	210	
Saccade	46968	46998	30	
Saccade	47038	47058	20	
Saccade	47078	47098	20	
Fixation	47168	47298	130	
Fixation	47338	47577	240	
Fixation	47597	47697	100	
Fixation	47737	47847	110	
Fixation	47887	48127	240	
Saccade	48207	48297	90	
Fixation	48297	48417	120	
Fixation	48437	48527	90	
Saccade	48527	48547	20	
Saccade	48557	48577	20	
Saccade	48617	48637	20	
Saccade	48697	48717	20	
Saccade	48737	48767	30	
Saccade	48907	48957	50	
Fixation	48957	49096	140	
Fixation	49246	49366	120	
Fixation	49386	49536	150	
Saccade	49536	49546	10	3.39
Fixation	49546	49726	180	
Saccade	49726	49796	70	
Fixation	49816	49906	90	
Saccade	49906	49926	20	
Fixation	49966	50106	140	
Saccade	50196	50246	50	
Saccade	50266	50286	20	
Fixation	50366	50476	110	
Fixation	50496	50606	110	
Fixation	50646	50746	100	
Fixation	50766	51035	270	
Fixation	51055	51295	240	
Fixation	51315	51585	270	
Fixation	51605	51695	90	
Fixation	51715	52145	430	
Fixation	52215	52315	100	
Fixation	52455	52714	260	
Fixation	52734	53164	430	
Saccade	53184	53234	50	
Saccade	53244	53284	40	
Fixation	53314	53414	100	
Saccade	53434	53454	20	
Saccade	53464	53484	20	
Saccade	53514	53544	30	
Saccade	53634	53664	30	
Saccade	53704	53754	50	
Saccade	53774	53784	10	
Fixation	53784	53884	100	
Saccade	53904	53934	30	
Fixation	53934	54074	140	
Saccade	54074	54094	20	
Fixation	54114	54263	150	
Saccade	54313	54333	20	
Saccade	54343	54363	20	
Fixation	54363	54523	160	
Saccade	54523	54543	20	
Fixation	54563	54663	100	
Saccade	54683	54723	40	
Saccade	54843	54883	40	
Saccade	54993	55003	10	
Saccade	55013	55033	20	
Saccade	55043	55073	30	
Fixation	55083	55213	130	
Fixation	55253	55433	180	
Saccade	55563	55613	50	
Fixation	55613	55793	180	
Fixation	55813	55883	70	
Saccade	55883	55913	30	5.43
Fixation	55913	55982	70	
Fixation	56002	56112	110	
Fixation	56132	56232	100	
Fixation	56252	56532	280	
Saccade	56532	56562	30	
Saccade	56682	56712	30	
Fixation	56712	56782	70	
Saccade	56782	56802	20	
Fixation	56932	57012	80	
Saccade	57012	57022	10	
Saccade	57062	57082	20	
Saccade	57102	57162	60	
Saccade	57202	57222	20	
Fixation	57222	57332	110	
Fixation	57352	57462	110	
Fixation	57482	57592	110	
Saccade	57592	57672	80	31.81
Fixation	57672	57881	210	
Saccade	57891	57921	30	
Saccade	57961	57981	20	
Fixation	58031	58101	70	
Fixation	58171	58331	160	
Saccade	58331	58361	30	
Saccade	58371	58431	60	
Fixation	58451	58611	160	
Saccade	58611	58651	40	
Fixation	58721	58851	130	
Saccade	58961	58981	20	
Saccade	59001	59021	20	
Fixation	59021	59111	90	
Fixation	59131	59211	80	
Saccade	59211	59241	30	4.55
Fixation	59241	59381	140	
Saccade	59461	59500	40	
Saccade	59510	59520	10	
Fixation	59520	59640	120	
Fixation	59700	59810	110	
Saccade	59830	59890	60	
Fixation	59890	60040	150	
Saccade	60040	60060	20	
Saccade	60120	60140	20	
Fixation	60140	60370	230	
Fixation	60570	60660	90	
Fixation	60700	60860	160	
Saccade	60860	60870	10	
Saccade	60910	60930	20	
Saccade	61010	61030	20	
Saccade	61040	61060	20	
Saccade	61150	61179	30	
Fixation	61249	61339	90	
Fixation	61399	61529	130	
Saccade	61529	61549	20	
Saccade	61629	61649	20	
Fixation	61649	61749	100	
Saccade	61749	61859	110	
Saccade	62029	62039	10	
Fixation	62039	62609	570	
Fixation	62699	62978	280	
Fixation	62998	63108	110	
Fixation	63148	63248	100	
Fixation	63288	63698	410	
Fixation	63718	63868	150	
Saccade	63868	63898	30	
Saccade	63948	63968	20	
Fixation	63968	64198	230	
Saccade	64238	64278	40	
Fixation	64278	64348	70	
Fixation	64368	64498	130	
Fixation	64518	64607	90	
Saccade	64667	64697	30	
Saccade	64707	64747	40	
Fixation	64747	64867	120	
Saccade	64867	64887	20	5.05
Fixation	64887	65157	270	
Fixation	65197	65597	400	
Saccade	65597	65647	50	
Saccade	65697	65717	20	
Saccade	65737	65757	20	
Saccade	65947	65987	40	
Fixation	66057	66127	70	
Saccade	66177	66187	10	
Saccade	66217	66237	20	
Fixation	66297	66386	90	
Saccade	66576	66596	20	
Saccade	67016	67066	50	
Saccade	67106	67126	20	
Fixation	67216	67426	210	
Fixation	67466	67576	110	
Saccade	67576	67606	30	
Saccade	67616	67646	30	
Saccade	67736	67756	20	
Saccade	67816	67826	10	
Fixation	67826	67976	150	
Fixation	68016	68125	110	
Saccade	68125	68135	10	3.38
Fixation	68135	68245	110	
Fixation	68285	68375	90	
Fixation	68415	68625	210	
Saccade	68625	68635	10	
Fixation	68705	68815	110	
Fixation	68835	68945	110	
Fixation	68985	69095	110	
Fixation	69115	69585	470	
Fixation	69655	69934	280	
Fixation	69954	70084	130	
Fixation	70104	70334	230	
Fixation	70354	70764	410	
Saccade	70784	70814	30	
Fixation	70814	71014	200	
Fixation	71034	71264	230	
Saccade	71344	71394	50	
Fixation	71464	71533	70	
Fixation	71583	71833	250	
Fixation	71853	71963	110	
Fixation	71983	72113	130	
Fixation	72263	72503	240	
Saccade	72503	72563	60	12.01
Fixation	72563	72633	70	
Saccade	72633	72643	10	2.82
Fixation	72643	72813	170	
Fixation	72863	73113	250	
Fixation	73153	73352	200	
Saccade	73362	73392	30	
Saccade	73432	73482	50	
Fixation	73482	73602	120	
Saccade	73602	73612	10	
Saccade	73702	73732	30	
Fixation	73732	73862	130	
Saccade	73862	73882	20	3.8
Fixation	73882	73962	80	
Saccade	74042	74052	10	
Saccade	74062	74082	20	
Fixation	74132	74332	200	
Saccade	74332	74342	10	
Saccade	74422	74442	20	
Saccade	74452	74472	20	
Saccade	74572	74612	40	
Saccade	74682	74702	20	
Fixation	74702	74772	70	
Fixation	74832	74902	70	
Saccade	74902	74931	30	
Fixation	74971	75081	110	
Saccade	75161	75181	20	
Saccade	75271	75291	20	
Saccade	75331	75361	30	
Saccade	75431	75491	60	
Fixation	75491	75651	160	
Fixation	75671	75861	190	
Fixation	75951	76061	110	
Saccade	76101	76141	40	
Fixation	76141	76211	70	
Fixation	76231	76551	320	
Saccade	76551	76591	40	
Fixation	76670	76760	90	
Fixation	76780	76900	120	
Fixation	76920	77020	100	
Saccade	77020	77050	30	
Saccade	77100	77130	30	
Saccade	77140	77170	30	
Saccade	77180	77200	20	
Fixation	77200	77390	190	
Saccade	77390	77420	30	7.42
Fixation	77420	77630	210	
Saccade	77870	77910	40	
Saccade	78030	78050	20	
Fixation	78050	78200	150	
Fixation	78220	78330	110	
Saccade	78330	78340	10	6.27
Fixation	78340	78549	210	
Fixation	78569	78809	240	
Fixation	78829	78959	130	
Fixation	78979	79109	130	
Fixation	79269	79579	310	
Fixation	79689	79779	90	
Fixation	79799	79889	90	
Fixation	79949	80118	170	
Fixation	80138	80348	210	
Fixation	80368	80488	120	
Saccade	80548	80598	50	
Fixation	80598	80798	200	
Fixation	80818	80908	90	
Saccade	80908	80948	40	
Saccade	80968	80998	30	
Fixation	80998	81078	80	
Fixation	81098	81308	210	
Saccade	81308	81328	20	
Saccade	81338	81358	20	
Fixation	81358	81428	70	
Saccade	81598	81628	30	
Fixation	81698	81798	100	
Saccade	81837	81857	20	
Fixation	81857	81987	130	
Saccade	81987	82017	30	
Fixation	82097	82207	110	
Fixation	82247	82397	150	
Fixation	82417	82517	100	
Fixation	82537	82627	90	
Saccade	82627	82647	20	
Saccade	82697	82747	50	
Fixation	82797	82897	100	
Saccade	82897	82917	20	
Fixation	82937	83027	90	
Saccade	83157	83217	60	
Saccade	83227	83247	20	
Fixation	83247	83327	80	
Fixation	83347	83596	250	
Saccade	83746	83766	20	
Fixation	83766	83866	100	
Fixation	83886	84026	140	
Fixation	84046	84456	410	
Saccade	84456	84486	30	5.44
Fixation	84486	84666	180	
Fixation	84686	84796	110	
Fixation	84816	85046	230	
Saccade	85046	85066	20	
Saccade	85156	85176	20	
Fixation	85216	85315	100	
Saccade	85315	85335	20	
Saccade	85355	85365	10	
Saccade	85435	85475	40	
Saccade	85515	85565	50	
Saccade	85675	85705	30	
Fixation	85705	86215	510	
Fixation	86235	86495	260	
Fixation	86515	86625	110	
Saccade	86705	86725	20	
Fixation	86785	86865	80	
Fixation	86935	87044	110	
Saccade	87044	87094	50	
Saccade	87244	87274	30	
Saccade	87384	87404	20	
Fixation	87604	88124	520	
Fixation	88204	88304	100	
Saccade	88304	88324	20	
Saccade	88404	88434	30	
Fixation	88604	88713	110	
Fixation	88733	88803	70	
Saccade	88803	88823	20	
Fixation	88863	89043	180	
Saccade	89043	89063	20	
Fixation	89133	89413	280	
Fixation	89433	89513	80	
Saccade	89513	89543	30	
Saccade	89613	89633	20	
Fixation	89703	89773	70	
Saccade	89773	89793	20	
Fixation	89833	89943	110	
Fixation	89963	90043	80	
Fixation	90113	90363	250	
Saccade	90363	90402	40	
Saccade	90502	90522	20	
Fixation	90522	90622	100	
Saccade	90622	90632	10	
Saccade	90692	90712	20	
Saccade	90732	90762	30	
Saccade	90782	90802	20	
Fixation	90802	90892	90	
Saccade	90892	90912	20	
Fixation	90932	91132	200	
Saccade	91132	91162	30	
Fixation	91202	91412	210	
Saccade	91412	91432	20	
Saccade	91472	91502	30	
Fixation	91502	91612	110	
Saccade	91692	91712	20	
Fixation	91712	91842	130	
Saccade	91842	91862	20	
Fixation	91902	92101	200	
Saccade	92101	92131	30	
Fixation	92171	92521	350	
Saccade	92521	92571	50	
Saccade	92721	92731	10	
Fixation	92731	92921	190	
Saccade	92921	92941	20	
Saccade	93061	93071	10	
Saccade	93121	93131	10	
Fixation	93131	93331	200	
Saccade	93331	93341	10	3.65
Fixation	93341	93451	110	
Saccade	93451	93461	10	3.22
Fixation	93461	93601	140	
Saccade	93601	93621	20	
Saccade	93691	93721	30	
Saccade	93741	93811	70	
Fixation	93831	93930	100	
Fixation	93970	94210	240	
Fixation	94230	94580	350	
Fixation	94650	94830	180	
Fixation	94850	94940	90	
Saccade	94940	94980	40	
Saccade	94990	95040	50	
Saccade	95130	95140	10	
Saccade	95150	95180	30	
Saccade	95200	95220	20	
Saccade	95260	95270	10	
Fixation	95270	95380	110	
Fixation	95480	95629	150	
Fixation	95649	95729	80	
Fixation	95749	95859	110	
Fixation	95879	96059	180	
Saccade	96059	96099	40	2.03
Fixation	96099	96269	170	
Saccade	96269	96299	30	
Saccade	96389	96409	20	
Saccade	96449	96479	30	
Fixation	96479	96719	240	
Fixation	96739	96849	110	
Saccade	96849	96879	30	
Saccade	96909	96949	40	
Saccade	96979	97009	30	
Fixation	97009	97109	100	
Fixation	97149	97288	140	
Saccade	97288	97298	10	
Saccade	97468	97548	80	
Saccade	97598	97608	10	
Saccade	97648	97678	30	
Fixation	97838	97968	130	
Fixation	97988	98328	340	
Fixation	98388	99037	650	
Saccade	99207	99267	60	
Saccade	99287	99307	20	
Saccade	99367	99387	20	
Fixation	99387	99597	210	
Fixation	99687	99917	230	
Fixation	99937	100097	160	
Saccade	100117	100137	20	
Fixation	100217	100327	110	
Saccade	100447	100477	30	
Fixation	100497	100587	90	
Fixation	100647	100846	200	
Saccade	100846	100896	50	
Fixation	100936	101196	260	
Fixation	101216	101326	110	
Fixation	101346	101586	240	
Saccade	101686	101696	10	
Saccade	101746	101786	40	
Fixation	101786	101866	80	
Saccade	101956	101976	20	
Fixation	101976	102116	140	
Saccade	102256	102286	30	
Fixation	102306	102435	130	
Fixation	102455	102665	210	
Saccade	102675	102715	40	
Fixation	102735	103265	530	
Fixation	103285	103385	100	
Saccade	103385	103445	60	18.89
Fixation	103445	103515	70	
Fixation	103555	103815	260	
Fixation	103855	103955	100	
Saccade	104015	104055	40	
Saccade	104085	104115	30	
Saccade	104194	104214	20	
Fixation	104284	104394	110	
Saccade	104474	104494	20	
Saccade	104584	104614	30	
Fixation	104684	104784	100	
Fixation	104854	105024	170	
Saccade	105024	105094	70	
Saccade	105194	105244	50	
Fixation	105284	105464	180	
Saccade	105604	105664	60	
Fixation	105664	105794	130	
Saccade	105844	105853	10	
Saccade	105873	105883	10	
Saccade	106023	106073	50	
Fixation	106253	106383	130	
Saccade	106383	106443	60	
Fixation	106503	106633	130	
Fixation	106783	107123	340	
Saccade	107233	107253	20	
Fixation	107253	107363	110	
Fixation	107383	107942	560	
Saccade	107942	107992	50	
Fixation	108032	108292	260	
Saccade	108292	108332	40	12.07
Fixation	108332	108522	190	
Saccade	108522	108602	80	
Saccade	108652	108682	30	
Fixation	108702	108962	260	
Fixation	108982	109112	130	
Fixation	109132	109232	100	
Saccade	109232	109262	30	
Saccade	109282	109311	30	
Fixation	109311	109681	370	
Fixation	109751	109921	170	
Fixation	109981	110151	170	
Fixation	110231	110481	250	
Fixation	110501	110631	130	
Fixation	110671	111070	400	
Saccade	111070	111140	70	
Saccade	111180	111200	20	
Saccade	111220	111240	20	
Saccade	111290	111310	20	
Fixation	111330	111580	250	
Fixation	111600	111730	130	
Saccade	111800	111840	40	
Saccade	111920	111970	50	
Fixation	111970	112130	160	
Fixation	112170	112260	90	
Fixation	112280	113229	949	
Fixation	113249	113429	180	
Saccade	113429	113449	20	4.95
Fixation	113449	113679	230	
Fixation	113699	113769	70	
Fixation	113789	114049	260	
Fixation	114089	114329	240	
Fixation	114349	114429	80	
Saccade	114429	114448	20	4.18
Fixation	114448	114598	150	
Saccade	114598	114608	10	
Fixation	114648	114728	80	
Saccade	114768	114788	20	
Fixation	114788	115098	310	
Saccade	115098	115118	20	4.88
Fixation	115118	115228	110	
Saccade	115228	115258	30	
Fixation	115318	115628	310	
Fixation	115648	115968	320	
Saccade	115968	115998	30	
Saccade	116118	116138	20	
Saccade	116148	116178	30	
Fixation	116178	116277	100	
Saccade	116377	116397	20	
Fixation	116437	116547	110	
Saccade	116587	116637	50	
Saccade	116697	116737	40	
Fixation	116737	116817	80	
Fixation	116837	116907	70	
Saccade	116907	116927	20	
Saccade	116967	116987	20	
Saccade	117047	117117	70	
Fixation	117117	117197	80	
Saccade	117197	117207	10	3.36
Fixation	117207	117337	130	
Saccade	117337	117357	20	2.06
Fixation	117357	117477	120	
Saccade	117477	117497	20	
Fixation	117547	117627	80	
Saccade	117627	117647	20	
Fixation	117667	117857	190	
Saccade	117857	117877	20	5.42
Fixation	117877	118096	220	
Saccade	118096	118116	20	
Fixation	118166	118366	200	
Saccade	118386	118406	20	
Fixation	118406	118486	80	
Saccade	118486	118526	40	6.28
Fixation	118526	118626	100	
Saccade	118626	118646	20	
Fixation	118666	118796	130	
Saccade	118796	118846	50	
Fixation	118866	118936	70	
Saccade	119036	119056	20	
Fixation	119056	119276	220	
Saccade	119276	119296	20	
Saccade	119316	119326	10	
Fixation	119326	119456	130	
Saccade	119456	119496	40	
Saccade	119596	119615	20	
Fixation	119705	119885	180	
Saccade	119965	119995	30	
Fixation	119995	120145	150	
Fixation	120235	120415	180	
Saccade	120415	120435	20	
Saccade	120445	120465	20	
Fixation	120505	120635	130	
Saccade	120635	120645	10	0.8
Fixation	120645	120735	90	
Fixation	120815	120955	140	
Saccade	120955	120985	30	
Saccade	120995	121005	10	
Fixation	121005	121085	80	
Saccade	121215	121245	30	
Saccade	121265	121285	20	
Saccade	121314	121334	20	
Fixation	121354	121444	90	
Fixation	121484	121704	220	
Saccade	121704	121724	20	
Saccade	121784	121814	30	
Saccade	121824	121884	60	
Saccade	121904	121924	20	
Fixation	121924	122034	110	
Fixation	122054	122134	80	
Saccade	122134	122154	20	
Saccade	122224	122284	60	
Saccade	122294	122334	40	
Saccade	122354	122384	30	
Fixation	122384	122564	180	
Saccade	122864	122924	60	
Saccade	122944	122974	30	
Saccade	123073	123083	10	
Fixation	123153	123263	110	
Saccade	123443	123523	80	
Fixation	123563	123813	250	
Fixation	123853	123983	130	
Fixation	124003	124233	230	
Fixation	124253	124323	70	
Saccade	124323	124333	10	3.59
Fixation	124333	124513	180	
Fixation	124533	124613	80	
Saccade	124782	124852	70	
Saccade	124872	124902	30	
Fixation	124902	125082	180	
Fixation	125122	125352	230	
Saccade	125352	125382	30	
Saccade	125402	125442	40	
Saccade	125462	125472	10	
Saccade	125492	125502	10	
Saccade	125522	125532	10	
Fixation	125532	125652	120	
Fixation	125672	125782	110	
Fixation	125802	126082	280	
Fixation	126102	126282	180	
Saccade	126282	126302	20	
Saccade	126312	126352	40	
Fixation	126372	126501	130	
Fixation	126521	126611	90	
Saccade	126651	126681	30	
Saccade	126701	126731	30	
Fixation	126801	127051	250	
Fixation	127071	127181	110	
Fixation	127221	127311	90	
Saccade	127311	127361	50	
Saccade	127381	127451	70	
Saccade	127481	127491	10	
Fixation	127491	127581	90	
Saccade	127581	127601	20	
Saccade	127671	127681	10	
Saccade	127731	127751	20	
Saccade	127831	127851	20	
Fixation	127851	127971	120	
Saccade	127971	127981	10	
Saccade	128031	128041	10	
Fixation	128041	128220	180	
Saccade	128220	128240	20	4.82
Fixation	128240	128350	110	
Saccade	128350	128360	10	1.64
Fixation	128360	128440	80	
Fixation	128480	128690	210	
Saccade	128690	128710	20	
Saccade	128860	128880	20	
Saccade	128890	128910	20	
Saccade	128930	128960	30	
Fixation	129030	129150	120	
Fixation	129170	129490	320	
Saccade	129490	129550	60	17.55
Fixation	129550	129690	140	
Fixation	129780	129969	190	
Saccade	129969	129999	30	
Fixation	130019	130169	150	
Fixation	130189	130399	210	
Fixation	130449	130699	250	
Fixation	130719	131479	760	
Saccade	131479	131539	60	11.58
Fixation	131539	131648	110	
Fixation	131698	132098	400	
Saccade	132098	132118	20	2.25
Fixation	132118	132308	190	
Fixation	132348	132538	190	
Saccade	132538	132598	60	15.62
Fixation	132598	132778	180	
Fixation	132798	132948	150	
Saccade	133038	133068	30	
Saccade	133108	133128	20	
Saccade	133178	133198	20	
Saccade	133218	133238	20	
Fixation	133238	133427	190	
Fixation	133447	133527	80	
Saccade	133527	133577	50	
Fixation	133617	133717	100	
Fixation	133737	134027	290	
Saccade	134147	134177	30	
Saccade	134237	134267	30	
Saccade	134337	134367	30	
Fixation	134447	134597	150	
Fixation	134747	134877	130	
Fixation	134897	135047	150	
Saccade	135047	135076	30	
Saccade	135156	135166	10	
Saccade	135186	135196	10	
Saccade	135206	135236	30	
Saccade	135306	135316	10	
Saccade	135346	135366	20	
Fixation	135416	135516	100	
Fixation	135536	135646	110	
Fixation	135666	135916	250	
Saccade	135916	135946	30	
Saccade	135966	136016	50	
Saccade	136066	136086	20	
Fixation	136216	136346	130	
Saccade	136346	136356	10	2.93
Fixation	136356	136466	110	
Saccade	136566	136596	30	
Fixation	136616	136835	220	
Saccade	136835	136865	30	
Saccade	136915	136955	40	
Saccade	137005	137015	10	
Fixation	137015	137135	120	
Fixation	137185	137325	140	
Saccade	137325	137345	20	
Saccade	137475	137505	30	
Saccade	137515	137525	10	
Fixation	137565	137655	90	
Fixation	137715	137845	130	
Saccade	137955	137985	30	
Fixation	138005	138075	70	
Saccade	138075	138095	20	
Fixation	138135	138265	130	
Fixation	138285	138514	230	
Fixation	138554	138664	110	
Fixation	138684	138814	130	
Saccade	138884	138914	30	
Saccade	138984	139004	20	
Fixation	139084	139154	70	
Fixation	139214	139324	110	
Fixation	139484	139584	100	
Saccade	139814	139834	20	
Fixation	139914	140034	120	
Fixation	140054	140184	130	
Fixation	140203	140483	280	
Fixation	140503	140583	80	
Saccade	140583	140613	30	
Saccade	140653	140683	30	
Fixation	140683	140823	140	
Saccade	140823	140843	20	
Fixation	140903	141023	120	
Fixation	141033	141163	130	
Fixation	141183	141253	70	
Saccade	141333	141363	30	
Fixation	141363	141603	240	
Fixation	141623	141713	90	
Saccade	141713	141733	20	
Fixation	141753	142182	430	
Fixation	142202	142562	360	
Fixation	142582	143092	510	
Saccade	143092	143112	20	
Saccade	143122	143182	60	
Saccade	143202	143232	30	
Saccade	143252	143272	20	
Saccade	143292	143382	90	
Saccade	143482	143512	30	
Saccade	143532	143562	30	
Saccade	143701	143721	20	
Saccade	143731	143771	40	
Fixation	143771	143931	160	
Fixation	143951	144061	110	
Saccade	144081	144131	50	
Saccade	144191	144221	30	
Fixation	144221	144301	80	
Saccade	144301	144331	30	
Saccade	144351	144371	20	
Fixation	144501	144611	110	
Saccade	144611	144631	20	
Saccade	144671	144721	50	
Fixation	144781	144971	190	
Saccade	144971	145021	50	
Fixation	145081	145201	120	
Saccade	145311	145341	30	
Saccade	145430	145460	30	
Fixation	145480	145570	90	
Saccade	145570	145590	20	
Saccade	145630	145650	20	
Fixation	145650	145750	100	
Saccade	145820	145870	50	
Fixation	145870	145990	120	
Saccade	145990	146010	20	5.17
Fixation	146010	146220	210	
Saccade	146220	146240	20	4.6
Fixation	146240	146340	100	
Saccade	146340	146360	20	
Fixation	146380	146450	70	
Saccade	146450	146490	40	
Saccade	146550	146560	10	
Fixation	146730	146820	90	
Saccade	146820	146850	30	
Saccade	146960	146970	10	
Fixation	147040	147129	90	
Saccade	147129	147169	40	9.25
Fixation	147169	147289	120	
Saccade	147289	147319	30	5.5
Fixation	147319	147389	70	
Saccade	147389	147399	10	2.1
Fixation	147399	147549	150	
Fixation	147569	147649	80	
Saccade	147699	147739	40	
Fixation	147739	148019	280	
Saccade	148019	148029	10	5.06
Fixation	148029	148159	130	
Saccade	148239	148259	20	
Fixation	148259	148349	90	
Fixation	148389	148908	520	
Fixation	148948	149228	280	
Saccade	149228	149278	50	
Saccade	149298	149358	60	
Fixation	149358	149518	160	
Fixation	149698	149798	100	
Fixation	149818	149918	100	
Saccade	149918	149938	20	4.42
Fixation	149938	150008	70	
Saccade	150008	150018	10	3.0
Fixation	150018	150118	100	
Saccade	150118	150138	20	
Saccade	150148	150168	20	
Saccade	150288	150298	10	
Saccade	150318	150328	10	
Fixation	150328	150487	160	
Saccade	150517	150597	80	
Fixation	150597	150697	100	
Saccade	150697	150717	20	
Saccade	150737	150747	10	
Saccade	150837	150877	40	
Saccade	150957	150977	20	
Saccade	151017	151037	20	
Saccade	151047	151077	30	
Fixation	151077	151147	70	
Saccade	151147	151177	30	
Saccade	151217	151277	60	
Fixation	151277	151457	180	
Saccade	151457	151477	20	
Fixation	151517	151617	100	
Fixation	151637	151767	130	
Saccade	151767	151827	60	12.7
Fixation	151827	152027	200	
Fixation	152047	152147	100	
Saccade	152187	152206	20	
Fixation	152206	152416	210	
Saccade	152436	152456	20	
Fixation	152456	152696	240	
Saccade	152766	152806	40	
Saccade	152906	152936	30	
Saccade	153016	153036	20	
Fixation	153036	153136	100	
Fixation	153156	153266	110	
Fixation	153286	153396	110	
Saccade	153496	153536	40	
Saccade	153686	153706	20	
Fixation	153706	153796	90	
Saccade	153796	153816	20	
Fixation	153836	154035	200	
Fixation	154105	154295	190	
Fixation	154385	154495	110	
Fixation	154535	154605	70	
Saccade	154605	154645	40	
Fixation	154685	155035	350	
Saccade	155035	155075	40	8.71
Fixation	155075	155195	120	
Fixation	155215	155295	80	
Fixation	155365	155874	510	
Saccade	155874	155894	20	
Fixation	155984	156194	210	
Fixation	156214	156394	180	
Saccade	156394	156424	30	6.25
Fixation	156424	156974	550	
Saccade	156974	157004	30	6.13
Fixation	157004	157413	410	
Saccade	157513	157543	30	
Fixation	157583	157963	380	
Saccade	157963	158063	100	
Saccade	158093	158123	30	
Saccade	158133	158143	10	
Fixation	158143	158253	110	
Saccade	158253	158273	20	
Saccade	158293	158343	50	
Saccade	158353	158373	20	
Saccade	158473	158483	10	
Fixation	158483	158553	70	
Fixation	158573	158643	70	
Saccade	158643	158663	20	
Fixation	158723	158843	120	
Saccade	158843	158873	30	
Saccade	158953	159023	70	
Fixation	159023	159162	140	
Saccade	159162	159192	30	
Fixation	159232	159362	130	
Saccade	159362	159402	40	
Saccade	159452	159482	30	
Saccade	159522	159562	40	
Saccade	159662	159682	20	
Fixation	159682	159822	140	
Saccade	159822	159862	40	3.83
Fixation	159862	160022	160	
Saccade	160022	160042	20	3.79
Fixation	160042	160162	120	
Saccade	160282	160322	40	
Fixation	160322	160402	80	
Saccade	160402	160422	20	
Fixation	160482	160592	110	
Saccade	160652	160692	40	
Fixation	160692	160931	240	
Saccade	160931	160971	40	5.27
Fixation	160971	161161	190	
Fixation	161181	161251	70	
Saccade	161251	161271	20	6.37
Fixation	161271	161661	390	
Fixation	161731	161841	110	
Saccade	161841	161881	40	
Saccade	161931	161971	40	
Saccade	161981	162001	20	
Saccade	162031	162051	20	
Saccade	162091	162111	20	
Saccade	162171	162191	20	
Fixation	162191	162281	90	
Fixation	162301	162371	70	
Saccade	162371	162391	20	
Fixation	162431	162570	140	
Saccade	162570	162610	40	8.04
Fixation	162610	162710	100	
Saccade	162710	162730	20	3.08
Fixation	162730	162830	100	
Saccade	162830	162870	40	7.02
Fixation	162870	162960	90	
Fixation	162980	163060	80	
Saccade	163060	163100	40	
Fixation	163120	163200	80	
Saccade	163250	163270	20	
Fixation	163270	163360	90	
Fixation	163380	163550	170	
Fixation	163680	163830	150	
Saccade	163830	163850	20	5.53
Fixation	163850	164180	330	
Fixation	164200	164309	110	
Saccade	164369	164399	30	
Fixation	164399	164609	210	
Fixation	164689	164769	80	
Fixation	164789	164889	100	
Saccade	164889	164909	20	
Fixation	164949	165079	130	
Fixation	165099	165169	70	
Saccade	165169	165199	30	
Fixation	165269	165339	70	
Saccade	165339	165359	20	2.72
Fixation	165359	165479	120	
Fixation	165499	165579	80	
Fixation	165639	165719	80	
Saccade	165719	165749	30	
Saccade	165769	165789	20	
Fixation	165789	165908	120	
Saccade	165908	165929	20	3.92
Fixation	165929	166198	270	
Saccade	166258	166308	50	
Fixation	166368	166628	260	
Fixation	166648	166728	80	
Saccade	166728	166768	40	
Fixation	166788	166878	90	
Fixation	166918	167308	390	
Saccade	167308	167338	30	6.5
Fixation	167338	167448	110	
Fixation	167488	167697	210	
Saccade	167737	167847	110	
Fixation	167847	167957	110	
Saccade	168047	168057	10	
Fixation	168057	168287	230	
Saccade	168287	168317	30	5.14
Fixation	168317	168417	100	
Saccade	168417	168437	20	2.89
Fixation	168437	168777	340	
Fixation	168817	168977	160	
Fixation	168997	169067	70	
Saccade	169117	169137	20	
Fixation	169237	169327	90	
Saccade	169396	169416	20	
Saccade	169526	169546	20	
Saccade	169716	169756	40	
Saccade	169956	169986	30	
Saccade	169996	170016	20	
Saccade	170266	170296	30	
Saccade	170406	170496	90	
Saccade	170506	170566	60	
Saccade	170686	170706	20	
Fixation	170706	170946	240	
Fixation	170986	171165	180	
Saccade	171165	171185	20	
Fixation	171385	171665	280	
Fixation	171685	171785	100	
Saccade	171785	171815	30	
Saccade	171835	171885	50	
Fixation	171965	172135	170	
Saccade	172135	172165	30	
Saccade	172235	172255	20	
Saccade	172265	172305	40	
Saccade	172325	172335	10	
Saccade	172365	172375	10	
Fixation	172375	172475	100	
Saccade	172505	172585	80	
Saccade	172595	172615	20	
Saccade	172655	172675	20	
Fixation	172675	172884	210	
Fixation	172904	172994	90	
Saccade	172994	173024	30	6.1
Fixation	173024	173184	160	
Fixation	173204	173354	150	
Saccade	173474	173504	30	
Saccade	173514	173534	20	
Saccade	173584	173614	30	
Saccade	173684	173714	30	
Fixation	173754	173844	90	
Saccade	173844	173884	40	
Fixation	174034	174194	160	
Saccade	174194	174214	20	5.64
Fixation	174214	174424	210	
Saccade	174523	174573	50	
Saccade	174603	174633	30	
Saccade	174663	174693	30	
Saccade	174743	174753	10	
Saccade	174803	174823	20	
Fixation	174863	174983	120	
Saccade	175063	175083	20	
Fixation	175163	175283	120	
Fixation	175303	175383	80	
Saccade	175383	175413	30	
Saccade	175483	175513	30	
Fixation	175513	175603	90	
Saccade	175603	175623	20	
Saccade	175633	175663	30	
Fixation	175683	175793	110	
Fixation	175833	175913	80	
Saccade	175913	175953	40	
Fixation	175973	176063	90	
Saccade	176103	176252	150	
Saccade	176312	176332	20	
Fixation	176372	176482	110	
Fixation	176502	176632	130	
Fixation	176682	176782	100	
Fixation	176802	176872	70	
Saccade	176872	176892	20	3.65
Fixation	176892	177042	150	
Saccade	177122	177142	20	
Fixation	177142	177362	220	
Saccade	177382	177402	20	
Fixation	177402	177602	200	
Saccade	177622	177652	30	
Saccade	177772	177842	70	
Saccade	177852	177882	30	
Saccade	177902	177921	20	
Saccade	177931	177951	20	
Saccade	178051	178081	30	
Saccade	178141	178161	20	
Fixation	178201	178281	80	
Fixation	178301	178391	90	
Saccade	178391	178411	20	3.57
Fixation	178411	178481	70	
Saccade	178481	178491	10	2.61
Fixation	178491	178561	70	
Saccade	178561	178601	40	
Saccade	178671	178701	30	
Saccade	178711	178731	20	
Fixation	178851	178961	110	
Saccade	179051	179081	30	
Saccade	179121	179221	100	
Saccade	179241	179251	10	
Fixation	179251	179381	130	
Saccade	179421	179431	10	
Fixation	179431	179511	80	
Saccade	179511	179521	10	
Saccade	179551	179601	50	
Fixation	179730	179830	100	
Fixation	179850	179940	90	
Fixation	179980	180230	250	
Saccade	180290	180320	30	
Saccade	180330	180380	50	
Fixation	180380	180650	270	
Fixation	180670	180870	200	
Saccade	180870	180880	10	
Saccade	180890	180920	30	
Saccade	180940	180980	40	
Fixation	180980	181100	120	
Saccade	181100	181110	10	1.71
Fixation	181110	181180	70	
Fixation	181220	181419	200	
Saccade	181419	181459	40	
Saccade	181509	181539	30	
Saccade	181589	181619	30	
Saccade	181639	181669	30	
Fixation	181669	181749	80	
Saccade	181799	181879	80	
Fixation	181899	182139	240	
Fixation	182199	182439	240	
Saccade	182499	182529	30	
Saccade	182559	182569	10	
Saccade	182619	182629	10	
Fixation	182749	182879	130	
Saccade	182979	182999	20	
Fixation	182999	183148	150	
Saccade	183248	183298	50	
Fixation	183298	183398	100	
Saccade	183398	183428	30	
Fixation	183468	183578	110	
Saccade	183578	183598	20	
Saccade	183618	183628	10	
Saccade	183738	183808	70	
Saccade	183858	183878	20	
Saccade	183938	183958	20	
Fixation	183998	184108	110	
Fixation	184168	184268	100	
Fixation	184288	184368	80	
Saccade	184368	184398	30	
Saccade	184428	184468	40	
Saccade	184528	184538	10	
Fixation	184698	184787	90	
Saccade	184787	184807	20	
Saccade	184867	184897	30	
Saccade	184937	184967	30	
Fixation	184987	185057	70	
Saccade	185057	185067	10	1.0
Fixation	185067	185227	160	
Saccade	185287	185307	20	
Saccade	185317	185347	30	
Fixation	185347	185517	170	
Fixation	185537	185647	110	
Fixation	185687	185797	110	
Fixation	185817	186257	440	
Saccade	186257	186277	20	2.29
Fixation	186277	186636	360	
Saccade	186656	186686	30	
Fixation	186786	186896	110	
Saccade	186896	186916	20	
Saccade	187086	187166	80	
Saccade	187256	187286	30	
Saccade	187336	187356	20	
Saccade	187376	187406	30	
Saccade	187416	187436	20	
Saccade	187506	187536	30	
Saccade	187566	187606	40	
Fixation	187606	187746	140	
Saccade	187746	187766	20	
Fixation	187786	188175	390	
Saccade	188175	188206	30	7.76
Fixation	188206	188375	170	
Saccade	188375	188405	30	
Saccade	188495	188545	50	
Fixation	188635	188715	80	
Fixation	188755	188845	90	
Fixation	188885	188995	110	
Fixation	189015	189135	120	
Fixation	189285	189375	90	
Saccade	189375	189445	70	24.69
Fixation	189445	189545	100	
Saccade	189665	189695	30	
Saccade	189715	189785	70	
Saccade	189805	189825	20	
Saccade	189885	189905	20	
Fixation	189905	190114	210	
Saccade	190114	190134	20	
Saccade	190184	190214	30	
Fixation	190214	190394	180	
Saccade	190474	190524	50	
Saccade	190604	190634	30	
Saccade	190664	190674	10	
Saccade	190704	190714	10	
Fixation	190714	190814	100	
Saccade	190864	190884	20	
Fixation	190884	191114	230	
Fixation	191134	191394	260	
Saccade	191514	191534	20	
Fixation	191554	191653	100	
Fixation	191713	191793	80	
Fixation	191813	191923	110	
Fixation	191963	192383	420	
Saccade	192383	192413	30	5.79
Fixation	192413	192483	70	
Fixation	192523	192893	370	
Fixation	192933	193063	130	
Fixation	193103	193193	90	
Fixation	193233	193323	90	
Saccade	193323	193352	30	
Saccade	193372	193432	60	
Saccade	193552	193582	30	
Fixation	193652	193982	330	
Saccade	193982	194002	20	4.28
Fixation	194002	194112	110	
Saccade	194112	194142	30	
Saccade	194352	194372	20	
Fixation	194372	194442	70	
Saccade	194502	194522	20	
Fixation	194522	194592	70	
Fixation	194632	194702	70	
Fixation	194772	194882	110	
Fixation	194902	194992	90	
Fixation	195051	195431	380	
Fixation	195471	195771	300	
Saccade	195771	195781	10	2.65
Fixation	195781	195991	210	
Fixation	196031	196111	80	
Saccade	196111	196141	30	
Fixation	196221	196361	140	
Fixation	196451	196701	250	
Fixation	196721	196850	130	
Saccade	196960	197000	40	
Fixation	197020	197380	360	
Saccade	197450	197460	10	
Fixation	197460	197530	70	
Fixation	197550	197660	110	
Saccade	197720	197740	20	
Fixation	197740	197820	80	
Saccade	197930	197970	40	
Fixation	197970	198060	90	
Saccade	198060	198080	20	
Fixation	198100	198180	80	
Saccade	198180	198210	30	
Saccade	198250	198270	20	
Fixation	198270	198360	90	
Saccade	198420	198440	20	
Saccade	198460	198499	40	
Fixation	198499	198569	70	
Saccade	198569	198609	40	
Fixation	198669	198939	270	
Saccade	198939	198989	50	
Fixation	199069	199329	260	
Saccade	199349	199369	20	
Fixation	199369	199439	70	
Saccade	199489	199519	30	
Fixation	199519	199609	90	
Fixation	199649	199729	80	
Saccade	199749	199789	40	
Fixation	199789	199879	90	
Saccade	199939	199949	10	
Fixation	199949	200019	70	
Fixation	200039	200129	90	
Fixation	200188	200318	130	
Saccade	200318	200358	40	
Saccade	200388	200428	40	
Saccade	200448	200468	20	
Saccade	200478	200488	10	
Saccade	200548	200568	20	
Saccade	200628	200648	20	
Fixation	200738	200848	110	
Fixation	200868	201268	400	
Saccade	201328	201368	40	
Fixation	201438	201548	110	
Saccade	201548	201578	30	
Saccade	201588	201668	80	
Saccade	201698	201718	20	
Fixation	201718	201977	260	
Saccade	201997	202027	30	
Saccade	202087	202107	20	
Fixation	202107	202227	120	
Fixation	202247	202377	130	
Saccade	202437	202507	70	
Fixation	202547	202747	200	
Saccade	202747	202757	10	
Fixation	202837	203027	190	
Saccade	203137	203167	30	
Fixation	203167	203327	160	
Saccade	203327	203337	10	5.64
Fixation	203337	203686	350	
Fixation	203706	203786	80	
Saccade	203856	203886	30	
Saccade	204006	204026	20	
Fixation	204026	204116	90	
Fixation	204136	204226	90	
Saccade	204306	204366	60	
Fixation	204366	204516	150	
Fixation	204556	204696	140	
Saccade	204886	204906	20	
Fixation	204906	205086	180	
Fixation	205266	205375	110	
Saccade	205435	205465	30	
Saccade	205575	205605	30	
Saccade	205625	205665	40	
Saccade	205705	205725	20	
Fixation	205725	205925	200	
Fixation	205965	206045	80	
Saccade	206045	206135	90	36.56
Fixation	206135	206215	80	
Saccade	206215	206245	30	
Fixation	206265	206365	100	
Saccade	206365	206385	20	
Fixation	206405	206535	130	
Fixation	206555	206635	80	
Saccade	206635	206675	40	
Fixation	206715	206845	130	
Fixation	206865	206945	80	
Saccade	206985	207005	20	
Fixation	207005	207164	160	
Fixation	207254	207384	130	
Saccade	207384	207454	70	
Saccade	207544	207554	10	
Saccade	207614	207634	20	
Fixation	207684	207914	230	
Fixation	207934	208304	370	
Saccade	208304	208334	30	6.37
Fixation	208334	208434	100	
Saccade	208544	208574	30	
Saccade	208614	208634	20	
Saccade	208684	208704	20	
Fixation	208763	208913	150	
Fixation	208933	209003	70	
Saccade	209003	209033	30	
Saccade	209053	209103	50	
Fixation	209103	209203	100	
Saccade	209243	209273	30	
Fixation	209323	209603	280	
Fixation	209723	209833	110	
Saccade	209933	209983	50	
Saccade	210053	210093	40	
Saccade	210113	210133	20	
Fixation	210153	210223	70	
Saccade	210223	210253	30	
Fixation	210303	210383	80	
Fixation	210403	210472	70	
Saccade	210472	210532	60	
Fixation	210552	210652	100	
Saccade	210652	210692	40	10.8
Fixation	210692	210952	260	
Fixation	211002	211092	90	
Saccade	211092	211142	50	
Saccade	211192	211212	20	
Saccade	211272	211292	20	
Fixation	211292	211492	200	
Fixation	211532	211642	110	
Saccade	211682	211702	20	
Fixation	211702	211792	90	
Saccade	211792	211832	40	10.47
Fixation	211832	212012	180	
Saccade	212012	212042	30	3.47
Fixation	212042	212162	120	
Fixation	212201	212331	130	
Saccade	212381	212431	50	
Fixation	212481	212691	210	
Saccade	212691	212711	20	
Fixation	212771	212961	190	
Fixation	213031	213131	100	
Saccade	213131	213161	30	5.2
Fixation	213161	213301	140	
Saccade	213461	213491	30	
Saccade	213601	213621	20	
Saccade	213641	213681	40	
Fixation	213681	213751	70	
Saccade	213771	213841	70	
Saccade	213871	213881	10	
Fixation	213881	214010	130	
Saccade	214030	214080	50	
Saccade	214090	214130	40	
Saccade	214140	214160	20	
Saccade	214200	214220	20	
Fixation	214220	214540	320	
Fixation	214580	214700	120	
Saccade	214700	214710	10	
Saccade	214730	214740	10	
Fixation	214740	214830	90	
Saccade	214890	214930	40	
Saccade	215040	215050	10	
Saccade	215090	215110	20	
Fixation	215150	215260	110	
Saccade	215260	215270	10	2.99
Fixation	215270	215420	150	
Saccade	215470	215520	50	
Fixation	215520	215909	390	
Saccade	215909	215929	20	4.99
Fixation	215929	216039	110	
Fixation	216099	216249	150	
Saccade	216249	216269	20	
Fixation	216289	216679	390	
Saccade	216699	216749	50	
Fixation	216749	216949	200	
Saccade	216949	216979	30	4.8
Fixation	216979	217079	100	
Saccade	217149	217189	40	
Fixation	217189	217368	180	
Saccade	217418	217428	10	
Fixation	217428	217498	70	
Saccade	217498	217518	20	
Fixation	217538	217718	180	
Saccade	217718	217728	10	2.54
Fixation	217728	217918	190	
Fixation	217938	218028	90	
Fixation	218068	218358	290	
Saccade	218358	218398	40	8.27
Fixation	218398	218498	100	
Fixation	218518	218628	110	
Fixation	218688	218768	80	
Saccade	218848	218938	90	
Saccade	218978	219008	30	
Fixation	219047	219147	100	
Fixation	219187	219397	210	
Saccade	219397	219427	30	5.46
Fixation	219427	219747	320	
Saccade	219747	219777	30	6.04
Fixation	219777	219957	180	
Saccade	220047	220077	30	
Saccade	220167	220207	40	
Saccade	220267	220297	30	
Saccade	220307	220327	20	
Fixation	220327	220397	70	
Fixation	220417	220537	120	
Fixation	220557	220667	110	
Saccade	220687	220707	20	
Fixation	220707	220966	260	
Fixation	220986	221186	200	
Saccade	221296	221326	30	
Fixation	221326	221646	320	
Saccade	221646	221666	20	
Fixation	221706	221866	160	
Fixation	221956	222196	240	
Fixation	222236	222366	130	
Fixation	222386	222485	100	
Fixation	222505	222735	230	
Saccade	222735	222825	90	
Saccade	222875	222895	20	
Saccade	222935	222945	10	
Saccade	222995	223035	40	
Fixation	223055	223155	100	
Saccade	223215	223235	20	
Saccade	223255	223275	20	
Fixation	223275	223355	80	
Saccade	223365	223425	60	
Saccade	223505	223515	10	
Fixation	223515	223675	160	
Saccade	223675	223705	30	
Saccade	223815	223885	70	
Saccade	224015	224045	30	
Saccade	224085	224105	20	
Saccade	224115	224164	50	
Saccade	224184	224204	20	
Saccade	224254	224264	10	
Saccade	224314	224334	20	
Fixation	224334	224514	180	
Saccade	224514	224534	20	5.52
Fixation	224534	224614	80	
Saccade	224614	224634	20	
Fixation	224754	224894	140	
Saccade	224954	224984	30	
Saccade	225054	225124	70	
Saccade	225164	225194	30	
Saccade	225204	225224	20	
Fixation	225464	225564	100	
Saccade	225734	225764	30	
Saccade	225774	225784	10	
Saccade	225794	225814	20	
Fixation	225903	225973	70	
Saccade	225973	225993	20	
Fixation	226033	226163	130	
Saccade	226223	226243	20	
Fixation	226353	226433	80	
Saccade	226433	226453	20	
Fixation	226473	226583	110	
Fixation	226603	226713	110	
Fixation	226753	226843	90	
Fixation	226883	227003	120	
Saccade	227113	227133	20	
Saccade	227153	227163	10	
Saccade	227193	227203	10	
Fixation	227203	227343	140	
Saccade	227403	227433	30	
Saccade	227443	227463	20	
Saccade	227473	227493	20	
Saccade	227503	227533	30	
Fixation	227572	227712	140	
Fixation	227732	227812	80	
Fixation	227832	228062	230	
Saccade	228062	228102	40	
Saccade	228152	228172	20	
Saccade	228272	228312	40	
Saccade	228352	228382	30	
Fixation	228402	228652	250	
Saccade	228722	228742	20	
Saccade	228752	228782	30	
Saccade	228832	228852	20	
Saccade	228862	228882	20	
Fixation	228952	229232	280	
Saccade	229232	229242	10	3.24
Fixation	229242	229381	140	
Saccade	229521	229541	20	
Saccade	229601	229631	30	
Fixation	229651	229891	240	
Saccade	229891	229921	30	5.84
Fixation	229921	230281	360	
Saccade	230281	230301	20	
Saccade	230371	230411	40	
Saccade	230451	230471	20	
Fixation	230471	230611	140	
Fixation	230631	230731	100	
Fixation	230801	230871	70	
Saccade	230981	231010	30	
Saccade	231030	231050	20	
Saccade	231060	231100	40	
Saccade	231120	231160	40	
Fixation	231180	231300	120	
Saccade	231360	231400	40	
Fixation	231500	231710	210	
Fixation	231750	231910	160	
Saccade	231910	231940	30	8.07
Fixation	231940	232120	180	
Saccade	232240	232280	40	
Fixation	232280	232380	100	
Fixation	232420	232580	160	
Saccade	232580	232610	30	
Saccade	232660	232680	20	
Saccade	232829	232859	30	
Saccade	232869	232899	30	
Saccade	232999	233029	30	
Fixation	233029	233159	130	
Saccade	233159	233169	10	
Saccade	233299	233329	30	
Fixation	233399	233639	240	
Fixation	233699	233909	210	
Fixation	233949	234069	120	
Saccade	234089	234109	20	
Fixation	234109	234349	240	
Saccade	234399	234478	80	
Fixation	234498	234628	130	
Saccade	234698	234718	20	
Saccade	234788	234808	20	
Fixation	234808	235038	230	
Saccade	235068	235108	40	
Saccade	235158	235178	20	
Fixation	235198	235278	80	
Fixation	235318	235448	130	
Saccade	235448	235538	90	35.26
Fixation	235538	235628	90	
Saccade	235698	235718	20	
Saccade	235738	235768	30	
Fixation	235768	235878	110	
Saccade	235898	235938	40	
Fixation	236018	236098	80	
Saccade	236098	236128	30	
Fixation	236337	236427	90	
Saccade	236467	236487	20	
Saccade	236497	236507	10	
Fixation	236507	236787	280	
Saccade	236787	236817	30	
Saccade	236837	236877	40	
Saccade	236927	236947	20	
Fixation	236967	237077	110	
Fixation	237117	237187	70	
Saccade	237187	237217	30	
Saccade	237267	237287	20	
Fixation	237287	237387	100	
Fixation	237407	237597	190	
Fixation	237687	237936	250	
Fixation	237956	238216	260	
Fixation	238256	238386	130	
Fixation	238406	238496	90	
Fixation	238536	238636	100	
Fixation	238656	238936	280	
Fixation	238956	239046	90	
Saccade	239046	239076	30	
Saccade	239216	239236	20	
Saccade	239266	239276	10	
Fixation	239276	239466	190	
Fixation	239486	239585	100	
Saccade	239635	239665	30	
Saccade	239685	239735	50	
Fixation	239755	239865	110	
Fixation	239905	240015	110	
Saccade	240115	240145	30	
Saccade	240165	240205	40	
Fixation	240205	240295	90	
Fixation	240315	240405	90	
Saccade	240405	240425	20	
Fixation	240465	240575	110	
Saccade	240665	240695	30	
Fixation	240755	241015	260	
Saccade	241015	241025	10	2.32
Fixation	241025	241145	120	
Fixation	241185	241294	110	
Fixation	241314	241434	120	
Fixation	241454	241754	300	
Saccade	241754	241764	10	3.09
Fixation	241764	241894	130	
Saccade	241914	241944	30	
Fixation	241944	242134	190	
Saccade	242154	242184	30	
Fixation	242184	242434	250	
Fixation	242454	242714	260	
Fixation	242734	242844	110	
Fixation	242864	242963	100	
Fixation	243033	243283	250	
Fixation	243303	243563	260	
Fixation	243583	243813	230	
Fixation	243833	244193	360	
Fixation	244273	244493	220	
Fixation	244533	244603	70	
Saccade	244603	244633	30	
Saccade	244653	244702	50	
Saccade	244802	244822	20	
Fixation	244932	245102	170	
Fixation	245122	245302	180	
Saccade	245302	245332	30	
Saccade	245502	245532	30	
Fixation	245532	245722	190	
Saccade	245722	245742	20	
Fixation	245782	246032	250	
Fixation	246052	246132	80	
Fixation	246202	246481	280	
Fixation	246501	246761	260	
Fixation	246821	247201	380	
Fixation	247221	247301	80	
Fixation	247321	247411	90	
Fixation	247481	248081	600	
Fixation	248150	248330	180	
Fixation	248350	248690	340	
Fixation	248790	249690	899	
Saccade	249690	249710	20	5.6
Fixation	249710	249869	160	
Saccade	249889	249919	30	
Fixation	249989	250119	130	
Fixation	250139	250609	470	
Saccade	250699	250729	30	
Saccade	250739	250759	20	
Fixation	250759	250959	200	
Saccade	250959	251039	80	18.29
Fixation	251039	251199	160	
Saccade	251199	251219	20	
Fixation	251289	251399	110	
Saccade	251399	251419	20	6.2
Fixation	251419	251499	80	
Fixation	251518	251618	100	
Saccade	251628	251698	70	
Fixation	251718	251848	130	
Saccade	251848	251898	50	
Saccade	251918	251938	20	
Fixation	251938	252048	110	
Saccade	252048	252058	10	3.34
Fixation	252058	252178	120	
Saccade	252178	252218	40	12.27
Fixation	252218	252288	70	
Saccade	252288	252308	20	
Fixation	252368	252488	120	
Saccade	252488	252508	20	
Saccade	252528	252568	40	
Fixation	252638	252738	100	
Saccade	252738	252758	20	1.81
Fixation	252758	253008	250	
Saccade	253008	253028	20	
Fixation	253048	253178	130	
Saccade	253277	253297	20	
Fixation	253347	253497	150	
Saccade	253497	253527	30	7.7
Fixation	253527	253657	130	
Saccade	253657	253697	40	
Fixation	253737	253847	110	
Saccade	253847	253887	40	9.2
Fixation	253887	254107	220	
Saccade	254107	254147	40	
Saccade	254187	254227	40	
Fixation	254267	254337	70	
Saccade	254337	254387	50	
Saccade	254407	254427	20	
Saccade	254467	254497	30	
Saccade	254557	254577	20	
Fixation	254577	254687	110	
Fixation	254707	254797	90	
Saccade	254897	254936	40	
Saccade	254956	254976	20	
Fixation	254976	255066	90	
Saccade	255086	255106	20	
Fixation	255106	255466	360	
Saccade	255566	255586	20	
Fixation	255586	255676	90	
Saccade	255676	255686	10	4.4
Fixation	255686	255986	300	
Saccade	255986	256016	30	
Saccade	256026	256066	40	
Fixation	256066	256246	180	
Saccade	256246	256266	20	6.43
Fixation	256266	256446	180	
Fixation	256466	256556	90	
Saccade	256556	256586	30	4.9
Fixation	256586	256735	150	
Fixation	256755	256825	70	
Saccade	256865	256895	30	
Fixation	257035	257135	100	
Saccade	257205	257235	30	
Saccade	257245	257255	10	
Fixation	257305	257415	110	
Fixation	257435	257685	250	
Fixation	257735	257925	190	
Saccade	257925	257935	10	2.31
Fixation	257935	258005	70	
Saccade	258005	258075	70	
Fixation	258155	258235	80	
Fixation	258255	258345	90	
Fixation	258384	258474	90	
Saccade	258474	258494	20	
Saccade	258514	258544	30	
Fixation	258544	259094	550	
Saccade	259214	259244	30	
Saccade	259284	259324	40	
Fixation	259324	259444	120	
Saccade	259534	259554	20	
Saccade	259684	259694	10	
Fixation	259694	259884	190	
Fixation	259904	260014	110	
Saccade	260014	260103	90	
Fixation	260173	260243	70	
Saccade	260243	260253	10	
Fixation	260303	260413	110	
Fixation	260433	260673	240	
Fixation	260733	260883	150	
Fixation	260983	261263	280	
Fixation	261283	261513	230	
Saccade	261553	261603	50	
Saccade	261613	261663	50	
Fixation	261663	261763	100	
Saccade	261763	261772	10	3.45
Fixation	261772	261842	70	
Saccade	261842	261872	30	5.18
Fixation	261872	261952	80	
Fixation	261972	262142	170	
Fixation	262272	262382	110	
Saccade	262532	262562	30	
Fixation	262562	262652	90	
Fixation	262672	262802	130	
Saccade	262842	262892	50	
Saccade	262902	262912	10	
Fixation	262912	263062	150	
Fixation	263082	263212	130	
Fixation	263232	263412	180	
Saccade	263432	263462	30	
Saccade	263501	263521	20	
Fixation	263521	263701	180	
Saccade	263701	263721	20	
Saccade	263871	263891	20	
Saccade	263931	263981	50	
Saccade	263991	264021	30	
Saccade	264081	264101	20	
Fixation	264101	264301	200	
Saccade	264301	264331	30	6.49
Fixation	264331	264581	250	
Saccade	264581	264601	20	
Saccade	264671	264691	20	
Saccade	264731	264761	30	
Saccade	264781	264801	20	
Fixation	264801	264911	110	
Fixation	264931	265031	100	
Fixation	265051	265310	260	
Fixation	265330	265480	150	
Fixation	265500	265750	250	
Fixation	265770	266000	230	
Fixation	266040	266630	590	
Saccade	266690	266700	10	
Fixation	266770	266869	100	
Fixation	266890	266999	110	
Fixation	267039	267229	190	
Fixation	267299	267429	130	
Saccade	267429	267479	50	15.03
Fixation	267479	267749	270	
Fixation	267769	267979	210	
Saccade	267989	268019	30	
Fixation	268039	268299	260	
Fixation	268319	268449	130	
Fixation	268469	269268	800	
Saccade	269268	269298	30	
Fixation	269318	269688	370	
Fixation	269748	269818	70	
Saccade	269818	269848	30	
Saccade	269868	269888	20	
Fixation	270018	270278	260	
Fixation	270317	270567	250	
Saccade	270637	270657	20	
Saccade	270727	270757	30	
Saccade	270767	270787	20	
Saccade	270847	270877	30	
Fixation	270897	270977	80	
Saccade	271007	271027	20	
Fixation	271027	271187	160	
Saccade	271207	271227	20	
Fixation	271267	271407	140	
Saccade	271407	271437	30	
Fixation	271457	271667	210	
Saccade	271667	271687	20	
Saccade	271707	271717	10	
Fixation	271717	271797	80	
Fixation	271817	271937	120	
Saccade	271957	271977	20	
Saccade	272026	272046	20	
Fixation	272106	272316	210	
Fixation	272336	272446	110	
Saccade	272446	272496	50	
Saccade	272506	272546	40	
Fixation	272546	272646	100	
Saccade	272646	272656	10	
Fixation	272766	272886	120	
Saccade	272946	272996	50	
Fixation	273036	273146	110	
Fixation	273166	273636	470	
Fixation	273656	273845	190	
Fixation	273885	273985	100	
Saccade	273985	274045	60	15.24
Fixation	274045	274195	150	
Fixation	274215	274285	70	
Fixation	274335	274545	210	
Saccade	274605	274645	40	
Fixation	274645	274755	110	
Saccade	274755	274795	40	14.69
Fixation	274795	275464	670	
Saccade	275464	275524	60	14.47
Fixation	275524	275674	150	
Saccade	275764	275784	20	
Saccade	275954	275974	20	
Saccade	275994	276014	20	
Saccade	276034	276054	20	
Saccade	276174	276194	20	
Fixation	276254	276374	120	
Saccade	276384	276404	20	
Fixation	276404	276474	70	
Saccade	276474	276494	20	
Fixation	276514	276584	70	
Saccade	276584	276594	10	
Saccade	276604	276634	30	
Saccade	276704	276744	40	
Saccade	276764	276784	20	
Saccade	276834	276854	20	
Saccade	276864	276884	20	
Fixation	276954	277213	260	
Fixation	277233	277353	120	
Fixation	277373	277503	130	
Fixation	277523	277613	90	
Fixation	277633	277933	300	
Saccade	277933	278003	70	22.55
Fixation	278003	278163	160	
Fixation	278183	278563	380	
Saccade	278563	278623	60	19.61
Fixation	278623	278693	70	
Fixation	278733	278832	100	
Fixation	278853	279012	160	
Saccade	279012	279042	30	
Fixation	279122	279362	240	
Fixation	279402	279592	190	
Saccade	279592	279632	40	8.51
Fixation	279632	280062	430	
Fixation	280082	280232	150	
Fixation	280252	280352	100	
Fixation	280372	280781	410	
Fixation	280831	281051	220	
Fixation	281071	281241	170	
Saccade	281241	281271	30	
Saccade	281391	281411	20	
Saccade	281421	281471	50	
Saccade	281641	281661	20	
Saccade	281801	281831	30	
Fixation	281831	281961	130	
Fixation	282031	282580	550	
Fixation	282650	283130	480	
Fixation	283270	283430	160	
Saccade	283550	283570	20	
Saccade	283580	283600	20	
Saccade	283620	283650	30	
Saccade	283690	283720	30	
Saccade	283730	283760	30	
Saccade	283770	283800	30	
Saccade	283900	283930	30	
Saccade	283989	284009	20	
Fixation	284009	284079	70	
Fixation	284099	284219	120	
Fixation	284239	284319	80	
Saccade	284319	284329	10	
Saccade	284369	284389	20	
Saccade	284449	284499	50	
Fixation	284539	284729	190	
Saccade	284729	284759	30	
Fixation	284799	284909	110	
Saccade	284979	284999	20	
Saccade	285009	285029	20	
Saccade	285049	285069	20	
Saccade	285159	285199	40	
Saccade	285239	285289	50	
Saccade	285299	285329	30	
Fixation	285369	285569	200	
Fixation	285639	285708	70	
Saccade	285708	285728	20	5.12
Fixation	285728	285878	150	
Fixation	285938	286058	120	
Saccade	286058	286078	20	
Saccade	286138	286178	40	
Saccade	286188	286218	30	
Saccade	286238	286258	20	
Fixation	286258	286328	70	
Fixation	286348	286418	70	
Saccade	286418	286428	10	
Fixation	286498	286568	70	
Saccade	286568	286588	20	
Saccade	286648	286678	30	
Saccade	286738	286768	30	
Saccade	286788	286808	20	
Fixation	286898	287118	220	
Saccade	287198	287248	50	
Saccade	287268	287278	10	
Fixation	287278	287427	150	
Fixation	287447	287567	120	
Fixation	287587	287687	100	
Fixation	287747	287847	100	
Fixation	287867	287957	90	
Fixation	287997	288247	250	
Saccade	288297	288307	10	
Saccade	288417	288437	20	
Saccade	288477	288497	20	
Fixation	288497	288587	90	
Saccade	288607	288697	90	
Saccade	288737	288747	10	
Fixation	288747	288967	220	
Fixation	288987	289246	260	
Fixation	289266	289466	200	
Fixation	289556	289756	200	
Saccade	289756	289816	60	
Fixation	289856	289946	90	
Fixation	289966	290086	120	
Saccade	290106	290166	60	
Fixation	290166	290306	140	
Fixation	290366	290526	160	
Saccade	290526	290556	30	6.35
Fixation	290556	290676	120	
Saccade	290786	290805	20	
Saccade	290815	290865	50	
Saccade	290875	290895	20	
Saccade	290995	291005	10	
Saccade	291065	291105	40	
Fixation	291105	291185	80	
Fixation	291205	291335	130	
Saccade	291335	291345	10	
Saccade	291355	291375	20	
Fixation	291375	292175	800	
Saccade	292215	292245	30	
Saccade	292315	292345	30	
Fixation	292345	292435	90	
Fixation	292455	292584	130	
Fixation	292604	292674	70	
Saccade	292674	292724	50	10.47
Fixation	292724	292824	100	
Fixation	292864	292964	100	
Fixation	293004	293274	270	
Saccade	293274	293324	50	12.78
Fixation	293324	293454	130	
Saccade	293454	293464	10	1.55
Fixation	293464	293704	240	
Fixation	293724	293804	80	
Saccade	293804	293834	30	
Fixation	293854	293964	110	
Fixation	293984	294074	90	
Saccade	294074	294094	20	2.2
Fixation	294094	294213	120	
Fixation	294253	294503	250	
Saccade	294583	294633	50	
Fixation	294673	294793	120	
Fixation	294833	295133	300	
Saccade	295133	295183	50	
Fixation	295253	295603	350	
Saccade	295603	295643	40	6.37
Fixation	295643	295912	270	
Saccade	295972	295992	20	
Saccade	296102	296132	30	
Saccade	296152	296172	20	
Fixation	296172	296432	260	
Saccade	296432	296482	50	6.5
Fixation	296482	296732	250	
Fixation	296772	297122	350	
Saccade	297122	297132	10	3.32
Fixation	297132	297292	160	
Fixation	297332	297512	180	
Saccade	297512	297552	40	
Saccade	297572	297601	30	
Fixation	297621	297881	260	
Saccade	297981	298031	50	
Fixation	298031	298181	150	
Fixation	298201	298281	80	
Fixation	298321	298431	110	
Fixation	298451	298581	130	
Fixation	298621	298751	130	
Fixation	298771	299001	230	
Saccade	299181	299211	30	
Saccade	299320	299340	20	
Saccade	299380	299400	20	
Fixation	299420	299530	110	
Fixation	299590	299680	90	
Fixation	299740	299820	80	
Fixation	299840	299970	130	
Fixation	299990	300140	150	
Saccade	300140	300160	20	7.08
Fixation	300160	300530	370	
Fixation	300550	300650	100	
Fixation	300670	301179	510	
Saccade	301239	301289	50	
Saccade	301349	301369	20	
Saccade	301389	301409	20	
Saccade	301439	301469	30	
Fixation	301489	301799	310	
Saccade	301889	301919	30	
Fixation	301919	302169	250	
Fixation	302189	302439	250	
Fixation	302559	302728	170	
Fixation	302768	302908	140	
Saccade	302908	302938	30	
Saccade	302948	302998	50	
Saccade	303048	303068	20	
Fixation	303148	303218	70	
Saccade	303218	303248	30	
Saccade	303288	303328	40	
Fixation	303328	303398	70	
Fixation	303418	303648	230	
Fixation	303688	303858	170	
Saccade	303858	303878	20	6.09
Fixation	303878	304178	300	
Saccade	304288	304328	40	
Saccade	304408	304418	10	
Saccade	304428	304457	30	
Fixation	304497	304607	110	
Saccade	304697	304747	50	
Fixation	304747	304877	130	
Saccade	304877	304897	20	
Fixation	304917	305317	400	
Fixation	305337	305517	180	
Saccade	305527	305587	60	
Fixation	305637	305717	80	
Saccade	305717	305737	20	
Fixation	305787	305887	100	
Saccade	305887	305937	50	19.1
Fixation	305937	306127	190	
Fixation	306166	306456	290	
Fixation	306466	306756	290	
Saccade	306786	306836	50	
Fixation	306836	306916	80	
Saccade	306916	306936	20	
Saccade	306946	306966	20	
Fixation	307036	307136	100	
Saccade	307306	307386	80	
Fixation	307386	307546	160	
Fixation	307616	307965	350	
Saccade	308055	308095	40	
Saccade	308155	308175	20	
Fixation	308255	308325	70	
Saccade	308325	308335	10	
Fixation	308405	308515	110	
Fixation	308535	308645	110	
Saccade	308715	308735	20	
Saccade	308805	308825	20	
Fixation	308825	308895	70	
Fixation	308955	309065	110	
Saccade	309065	309085	20	
Saccade	309105	309145	40	
Fixation	309145	309215	70	
Fixation	309235	309365	130	
Fixation	309385	309485	100	
Saccade	309505	309554	50	
Fixation	309554	309634	80	
Fixation	309654	309774	120	
Saccade	309934	309964	30	
Saccade	309984	310014	30	
Saccade	310104	310124	20	
Saccade	310134	310154	20	
Fixation	310234	310424	190	
Saccade	310424	310444	20	
Saccade	310484	310504	20	
Fixation	310504	310664	160	
Saccade	310664	310684	20	
Saccade	310714	310734	20	
Saccade	310784	310824	40	
Fixation	310824	310984	160	
Saccade	310984	311014	30	
Fixation	311034	311313	280	
Fixation	311333	311433	100	
Fixation	311453	311523	70	
Saccade	311523	311583	60	18.85
Fixation	311583	311693	110	
Fixation	311733	311923	190	
Saccade	311923	311963	40	
Fixation	312033	312103	70	
Fixation	312123	312663	540	
Fixation	312703	312923	220	
Fixation	313002	313142	140	
Saccade	313142	313172	30	
Saccade	313272	313332	60	
Saccade	313422	313452	30	
Fixation	313452	313532	80	
Saccade	313582	313662	80	
Saccade	313722	313742	20	
Saccade	313762	313792	30	
Fixation	313792	313902	110	
Saccade	313902	313952	50	
Saccade	314002	314022	20	
Saccade	314042	314062	20	
Saccade	314072	314082	10	
Saccade	314132	314202	70	
Saccade	314232	314262	30	
Saccade	314282	314372	90	
Fixation	314372	314452	80	
Saccade	314452	314482	30	
Fixation	314652	314731	80	
Saccade	314811	314821	10	
Fixation	314821	314911	90	
Fixation	315071	315181	110	
Fixation	315201	315461	260	
Saccade	315461	315541	80	
Saccade	315581	315611	30	
Saccade	315631	315681	50	
Saccade	315701	315731	30	
Saccade	315771	315801	30	
Saccade	315931	315971	40	
Saccade	315991	316001	10	
Fixation	316071	316211	140	
Fixation	316231	316341	110	
Saccade	316341	316361	20	
Saccade	316420	316450	30	
Saccade	316540	316560	20	
Fixation	316560	316910	350	
Saccade	316910	316930	20	
Saccade	317050	317080	30	
Saccade	317090	317150	60	
Fixation	317190	317350	160	
Saccade	317350	317370	20	
Saccade	317380	317410	30	
Fixation	317410	317620	210	
Saccade	317660	317710	50	
Saccade	317810	317830	20	
Fixation	317850	317960	110	
Saccade	318040	318089	50	
Saccade	318139	318159	20	
Saccade	318199	318249	50	
Fixation	318289	318399	110	
Saccade	318479	318499	20	
Fixation	318499	318699	200	
Saccade	318709	318739	30	
Fixation	318739	318829	90	
Fixation	318849	318979	130	
Saccade	318979	319019	40	14.77
Fixation	319019	320178	1159	
Saccade	320178	320228	50	14.88
Fixation	320228	320428	200	
Fixation	320448	320588	140	
Saccade	320588	320598	10	1.81
Fixation	320598	320688	90	
Fixation	320748	320898	150	
Saccade	320898	320948	50	
Fixation	321018	321458	440	
Saccade	321458	321487	30	
Saccade	321527	321557	30	
Saccade	321577	321597	20	
Saccade	321637	321647	10	
Fixation	321647	321797	150	
Fixation	321817	322227	410	
Fixation	322267	322367	100	
Saccade	322367	322397	30	
Saccade	322417	322427	10	
Fixation	322427	322767	340	
Fixation	322787	322957	170	
Saccade	322957	322977	20	
Saccade	323017	323057	40	
Saccade	323087	323127	40	
Fixation	323127	323197	70	
Saccade	323197	323236	40	
Saccade	323256	323266	10	
Fixation	323266	323356	90	
Saccade	323356	323386	30	9.56
Fixation	323386	323466	80	
Fixation	323486	323586	100	
Saccade	323636	323666	30	
Fixation	323816	324686	869	
Saccade	324686	324746	60	18.95
Fixation	324746	324826	80	
Saccade	324935	324985	50	
Fixation	324985	325085	100	
Fixation	325105	325235	130	
Saccade	325285	325305	20	
Saccade	325565	325615	50	
Fixation	325655	325755	100	
Saccade	325755	325785	30	
Fixation	325805	325895	90	
Saccade	326065	326085	20	
Saccade	326145	326165	20	
Fixation	326205	326585	380	
Saccade	326604	326654	50	
Fixation	326754	326844	90	
Saccade	327014	327044	30	
Saccade	327104	327124	20	
Fixation	327164	327274	110	
Saccade	327364	327414	50	
Fixation	327454	327544	90	
Saccade	327544	327564	20	
Saccade	327604	327634	30	
Fixation	327634	327714	80	
Saccade	327734	327754	20	
Saccade	327784	327814	30	
Fixation	327884	328014	130	
Saccade	328014	328044	30	6.53
Fixation	328044	328244	200	
Saccade	328313	328323	10	
Fixation	328323	328503	180	
Saccade	328573	328593	20	
Fixation	328593	328683	90	
Fixation	328703	328833	130	
Saccade	328903	328923	20	
Fixation	328923	329263	340	
Fixation	329283	329373	90	
Saccade	329373	329403	30	5.19
Fixation	329403	329613	210	
Saccade	329673	329703	30	
Saccade	329713	329763	50	
Fixation	329783	329893	110	
Fixation	330072	330162	90	
Saccade	330162	330212	50	16.85
Fixation	330212	330312	100	
Fixation	330332	330462	130	
Fixation	330482	330582	100	
Fixation	330622	330732	110	
Fixation	330772	331012	240	
Saccade	331072	331112	40	
Saccade	331162	331192	30	
Saccade	331212	331232	20	
Saccade	331322	331362	40	
Fixation	331362	331502	140	
Fixation	331582	331672	90	
Saccade	331672	331691	20	5.08
Fixation	331691	331831	140	
Fixation	331871	332221	350	
Saccade	332221	332251	30	5.88
Fixation	332251	332481	230	
Saccade	332481	332501	20	
Saccade	332521	332551	30	
Fixation	332571	332661	90	
Fixation	332681	332801	120	
Fixation	332821	333181	360	
Fixation	333241	333341	100	
Saccade	333341	333361	20	4.69
Fixation	333361	333520	160	
Fixation	333540	333800	260	
Saccade	333880	333910	30	
Fixation	333910	334210	300	
Saccade	334210	334230	20	
Fixation	334270	334380	110	
Fixation	334400	334650	250	
Fixation	334690	334950	260	
Fixation	334970	335050	80	
Saccade	335050	335080	30	
Saccade	335489	335509	20	
Saccade	335529	335549	20	
Fixation	335649	335739	90	
Fixation	335949	336049	100	
Fixation	336089	336199	110	
Fixation	336219	336309	90	
Fixation	336349	336519	170	
Fixation	336539	336978	440	
Fixation	337048	337298	250	
Fixation	337318	338258	939	
Fixation	338298	338967	670	
Fixation	339007	340546	1539	
