event_type	start_time	end_time	duration	saccade_amplitude
Saccade	15	75	60	
Saccade	365	405	40	
Saccade	415	495	80	
Saccade	525	585	60	
Saccade	595	615	20	
Fixation	615	735	120	
Saccade	735	775	40	
Saccade	964	1014	50	
Saccade	1024	1094	70	
Saccade	1114	1154	40	
Saccade	1164	1184	20	
Saccade	1234	1294	60	
Saccade	1314	1334	20	
Saccade	1354	1374	20	
Fixation	1374	1504	130	
Saccade	1504	1514	10	
Saccade	1524	1554	30	
Fixation	1554	1734	180	
Saccade	1734	1764	30	
Saccade	1804	1864	60	
Fixation	1864	2074	210	
Saccade	2074	2104	30	
Saccade	2124	2174	50	
Fixation	2174	2484	310	
Saccade	2484	2514	30	3.43
Fixation	2514	3013	500	
Saccade	3013	3063	50	3.06
Fixation	3063	3833	770	
Saccade	3833	3863	30	6.01
Fixation	3863	4702	840	
Saccade	4702	4732	30	4.39
Fixation	4732	4882	150	
Saccade	4882	4982	100	
Saccade	5012	5052	40	
Fixation	5052	5172	120	
Saccade	5172	5202	30	7.77
Fixation	5202	5432	230	
Saccade	5432	5482	50	
Saccade	5502	5512	10	
Fixation	5512	5672	160	
Saccade	5672	5722	50	9.96
Fixation	5722	5852	130	
Saccade	5852	5872	20	2.1
Fixation	5872	6041	170	
Saccade	6041	6081	40	9.95
Fixation	6081	6731	650	
Saccade	6731	6741	10	
Saccade	6761	6801	40	
Saccade	6831	6841	10	
Fixation	6841	7131	290	
Saccade	7131	7151	20	
Saccade	7241	7261	20	
Saccade	7291	7301	10	
Saccade	7321	7351	30	
Saccade	7401	7411	10	
Fixation	7411	7750	340	
Saccade	7750	7790	40	
Saccade	7810	7830	20	
Fixation	7840	8270	430	
Saccade	8270	8300	30	10.41
Fixation	8300	8410	110	
Saccade	8410	8450	40	0.84
Fixation	8450	8630	180	
Saccade	8630	8660	30	11.68
Fixation	8660	8890	230	
Saccade	8890	8910	20	2.13
Fixation	8910	9409	500	
Saccade	9409	9459	50	
Saccade	9479	9529	50	
Fixation	9529	9889	360	
Saccade	9889	9939	50	11.97
Fixation	9939	10009	70	
Saccade	10009	10049	40	11.46
Fixation	10049	10129	80	
Fixation	10149	10259	110	
Saccade	10259	10279	20	
Saccade	10289	10299	10	
Fixation	10299	10879	580	
Saccade	10879	10959	80	17.54
Fixation	10959	11158	200	
Saccade	11158	11168	10	1.06
Fixation	11168	11238	70	
Saccade	11238	11288	50	
Saccade	11328	11508	180	
Saccade	11558	11578	20	
Saccade	11588	11598	10	
Saccade	11618	11658	40	
Saccade	11698	11738	40	
Saccade	11788	11828	40	
Saccade	11888	11918	30	
Saccade	11968	11988	20	
Fixation	11988	12158	170	
Saccade	12158	12178	20	1.13
Fixation	12178	12448	270	
Saccade	12448	12488	40	16.27
Fixation	12488	12638	150	
Saccade	12638	12678	40	14.59
Fixation	12678	12907	230	
Saccade	12907	12917	10	2.14
Fixation	12917	13047	130	
Saccade	13047	13077	30	9.8
Fixation	13077	13327	250	
Saccade	13327	13347	20	5.52
Fixation	13347	13547	200	
Saccade	13547	13577	30	6.44
Fixation	13577	13767	190	
Saccade	13767	13787	20	
Saccade	13847	13857	10	
Saccade	13907	13917	10	
Saccade	13927	13957	30	
Fixation	13957	14287	330	
Saccade	14287	14337	50	
Saccade	14367	14397	30	
Saccade	14457	14467	10	
Fixation	14467	15116	650	
Saccade	15116	15136	20	
Saccade	15156	15166	10	
Fixation	15166	15246	80	
Saccade	15246	15266	20	
Saccade	15326	15376	50	
Saccade	15386	15426	40	
Saccade	15446	15486	40	
Fixation	15486	15756	270	
Saccade	15756	15786	30	6.08
Fixation	15786	16206	420	
Saccade	16206	16246	40	
Saccade	16285	16305	20	
Fixation	16305	16585	280	
Saccade	16585	16605	20	
Saccade	16635	16665	30	
Saccade	16715	16745	30	
Saccade	16765	16845	80	
Saccade	16905	16945	40	
Fixation	16945	17075	130	
Saccade	17075	17095	20	
Saccade	17155	17245	90	
Saccade	17265	17285	20	
Saccade	17295	17315	20	
Saccade	17335	17355	20	
Saccade	17365	17405	40	
Saccade	17435	17505	70	
Saccade	17565	17585	20	
Saccade	17595	17625	30	
Saccade	17685	17805	120	
Saccade	17825	17875	50	
Fixation	17875	17994	120	
Saccade	17994	18004	10	5.12
Fixation	18004	18404	400	
Saccade	18404	18434	30	5.29
Fixation	18434	19164	730	
Saccade	19164	19234	70	
Saccade	19274	19294	20	
Fixation	19294	19464	170	
Saccade	19464	19494	30	
Saccade	19524	19564	40	
Fixation	19564	19653	90	
Saccade	19653	19673	20	5.21
Fixation	19673	19863	190	
Saccade	19863	19893	30	4.05
Fixation	19893	20063	170	
Saccade	20063	20083	20	5.2
Fixation	20083	20363	280	
Saccade	20363	20393	30	9.44
Fixation	20393	20523	130	
Saccade	20523	20613	90	
Saccade	20663	20683	20	
Fixation	20683	21912	1229	
Saccade	21912	21952	40	
Saccade	21982	22012	30	
Saccade	22062	22092	30	
Saccade	22122	22142	20	
Fixation	22142	22252	110	
Saccade	22252	22272	20	1.71
Fixation	22272	22462	190	
Saccade	22592	22632	40	
Saccade	22642	22652	10	
Saccade	22672	22752	80	
Fixation	22752	23761	1009	
Fixation	23781	24051	270	
Saccade	24051	24081	30	6.01
Fixation	24081	24321	240	
Saccade	24321	24361	40	10.61
Fixation	24361	24541	180	
Saccade	24541	24551	10	3.62
Fixation	24551	24681	130	
Saccade	24681	24701	20	5.56
Fixation	24701	24900	200	
Saccade	24900	24930	30	10.46
Fixation	24930	25080	150	
Saccade	25080	25160	80	29.83
Fixation	25160	25360	200	
Saccade	25360	25390	30	0.97
Fixation	25390	25610	220	
Saccade	25610	25630	20	3.49
Fixation	25630	25790	160	
Saccade	25790	25810	20	3.35
Fixation	25810	26130	320	
Saccade	26130	26150	20	4.32
Fixation	26150	26420	270	
Saccade	26420	26450	30	
Saccade	26470	26559	90	
Saccade	26599	26619	20	
Saccade	26659	26679	20	
Saccade	26699	26719	20	
Fixation	26719	28648	1929	
Saccade	28648	28658	10	9.05
Fixation	28658	29838	1179	
Saccade	29838	29857	20	2.53
Fixation	29857	30647	790	
Saccade	30647	30657	10	6.65
Fixation	30657	34065	3408	
Fixation	34165	34245	80	
Saccade	34245	34305	60	
Saccade	34335	34365	30	
Saccade	34385	34405	20	
Saccade	34435	34475	40	
Fixation	34475	34695	220	
Saccade	34695	34735	40	12.65
Fixation	34735	34984	250	
Saccade	34984	35024	40	13.46
Fixation	35024	35284	260	
Saccade	35284	35324	40	10.3
Fixation	35324	35544	220	
Saccade	35544	35584	40	
Saccade	35634	35654	20	
Fixation	35654	35914	260	
Fixation	35934	36324	390	
Saccade	36324	36364	40	
Saccade	36414	36434	20	
Saccade	36444	36494	50	
Fixation	36494	36634	140	
Saccade	36634	36654	20	3.25
Fixation	36654	36753	100	
Saccade	36753	36783	30	5.89
Fixation	36783	36993	210	
Saccade	36993	37033	40	0.77
Fixation	37033	37133	100	
Saccade	37133	37193	60	
Saccade	37213	37233	20	
Saccade	37243	37263	20	
Fixation	37263	37493	230	
Saccade	37493	37513	20	1.13
Fixation	37513	37623	110	
Saccade	37623	37643	20	
Saccade	37653	37683	30	
Saccade	37693	37713	20	
Fixation	37713	37923	210	
Saccade	37933	37973	40	
Fixation	37973	38333	360	
Saccade	38333	38363	30	8.49
Fixation	38363	38552	190	
Saccade	38552	38582	30	6.3
Fixation	38582	38862	280	
Saccade	38862	38902	40	12.34
Fixation	38902	39252	350	
Saccade	39252	39282	30	8.24
Fixation	39282	40381	1099	
Saccade	40381	40411	30	
Saccade	40441	40521	80	
Saccade	40581	40621	40	
Fixation	40621	40881	260	
Saccade	40881	40921	40	11.72
Fixation	40921	41161	240	
Saccade	41161	41171	10	2.45
Fixation	41171	41341	170	
Saccade	41341	41381	40	
Saccade	41421	41461	40	
Fixation	41461	41531	70	
Saccade	41531	41581	50	
Saccade	41681	41731	50	
Saccade	41741	41761	20	
Saccade	41781	41800	20	
Fixation	41800	42020	220	
Saccade	42020	42040	20	4.87
Fixation	42040	42640	600	
Saccade	42640	42680	40	
Saccade	42720	42780	60	
Saccade	42830	42880	50	
Saccade	42950	43030	80	
Saccade	43060	43080	20	
Saccade	43100	43110	10	
Fixation	43110	43190	80	
Saccade	43190	43210	20	5.56
Fixation	43210	43380	170	
Saccade	43380	43400	20	
Saccade	43450	43549	100	
Saccade	43589	43609	20	
Fixation	43609	43689	80	
Saccade	43689	43719	30	0.63
Fixation	43719	44079	360	
Saccade	44079	44109	30	
Saccade	44119	44129	10	
Saccade	44139	44179	40	
Fixation	44179	44559	380	
Saccade	44559	44599	40	
Saccade	44619	44659	40	
Fixation	44659	44879	220	
Fixation	44919	45109	190	
Saccade	45139	45179	40	
Fixation	45179	45318	140	
Saccade	45318	45328	10	3.23
Fixation	45328	45578	250	
Saccade	45578	45598	20	
Saccade	45608	45658	50	
Fixation	45658	45758	100	
Saccade	45758	45818	60	4.27
Fixation	45818	46368	550	
Saccade	46368	46398	30	
Saccade	46428	46518	90	
Fixation	46518	46748	230	
Saccade	46748	46768	20	2.58
Fixation	46768	47227	460	
Saccade	47227	47257	30	6.68
Fixation	47257	47407	150	
Saccade	47407	47427	20	3.98
Fixation	47427	47577	150	
Saccade	47577	47607	30	4.55
Fixation	47607	47717	110	
Saccade	47717	47757	40	20.01
Fixation	47757	47897	140	
Saccade	47897	47927	30	
Saccade	47957	47987	30	
Fixation	47987	48077	90	
Saccade	48077	48097	20	6.08
Fixation	48097	48237	140	
Saccade	48237	48337	100	
Saccade	48367	48397	30	
Saccade	48407	48427	20	
Saccade	48487	48507	20	
Fixation	48507	48736	230	
Saccade	48736	48766	30	8.7
Fixation	48766	49086	320	
Saccade	49086	49126	40	
Saccade	49146	49156	10	
Saccade	49216	49256	40	
Fixation	49256	49446	190	
Saccade	49446	49476	30	9.08
Fixation	49476	49876	400	
Saccade	49876	49896	20	4.33
Fixation	49896	50056	160	
Saccade	50056	50126	70	9.0
Fixation	50126	50545	420	
Saccade	50545	50585	40	10.57
Fixation	50585	51085	500	
Saccade	51085	51105	20	4.42
Fixation	51105	51375	270	
Saccade	51375	51395	20	
Saccade	51445	51485	40	
Fixation	51485	51585	100	
Saccade	51585	51625	40	0.51
Fixation	51625	51725	100	
Saccade	51725	51755	30	6.35
Fixation	51755	51835	80	
Saccade	51835	51895	60	10.51
Fixation	51895	52204	310	
Saccade	52204	52234	30	8.38
Fixation	52234	52574	340	
Saccade	52574	52674	100	
Saccade	52694	52704	10	
Fixation	52704	52864	160	
Saccade	52864	52884	20	4.15
Fixation	52884	53084	200	
Saccade	53084	53114	30	5.38
Fixation	53114	53194	80	
Saccade	53194	53214	20	6.36
Fixation	53214	53454	240	
Saccade	53454	53474	20	7.44
Fixation	53474	53614	140	
Saccade	53614	53644	30	
Fixation	53664	54023	360	
Saccade	54023	54033	10	3.01
Fixation	54033	54283	250	
Saccade	54283	54323	40	
Saccade	54353	54373	20	
Fixation	54373	55462	1089	
Saccade	55462	55492	30	
Saccade	55552	55592	40	
Saccade	55602	55632	30	
Saccade	55662	55702	40	
Saccade	55732	55742	10	
Saccade	55762	55772	10	
Saccade	55792	55842	50	
Fixation	55842	56032	190	
Saccade	56032	56062	30	
Saccade	56112	56152	40	
Fixation	56152	56242	90	
Saccade	56242	56312	70	
Saccade	56362	56382	20	
Fixation	56392	56682	290	
Saccade	56682	56702	20	1.5
Fixation	56702	56812	110	
Saccade	56812	56822	10	1.97
Fixation	56822	57351	530	
Saccade	57351	57361	10	5.29
Fixation	57361	57691	330	
Saccade	57691	57711	20	
Saccade	57761	57811	50	
Saccade	57851	57921	70	
Fixation	57921	58121	200	
Saccade	58121	58171	50	
Saccade	58211	58231	20	
Saccade	58281	58321	40	
Fixation	58321	58671	350	
Saccade	58671	58701	30	8.68
Fixation	58701	58890	190	
Saccade	58890	58910	20	5.89
Fixation	58910	59090	180	
Saccade	59090	59110	20	4.72
Fixation	59110	59340	230	
Saccade	59340	59370	30	6.4
Fixation	59370	59530	160	
Saccade	59530	59570	40	11.5
Fixation	59570	59740	170	
Saccade	59740	59760	20	3.56
Fixation	59760	59920	160	
Saccade	59920	59950	30	4.73
Fixation	59950	60120	170	
Saccade	60120	60140	20	4.5
Fixation	60140	60340	200	
Saccade	60340	60430	90	
Saccade	60440	60460	20	
Fixation	60460	60529	70	
Saccade	60529	60539	10	
Saccade	60589	60609	20	
Fixation	60609	61079	470	
Saccade	61079	61129	50	
Saccade	61139	61149	10	
Fixation	61149	61319	170	
Saccade	61319	61339	20	2.6
Fixation	61339	61549	210	
Saccade	61549	61579	30	6.72
Fixation	61579	61859	280	
Saccade	61859	61879	20	
Saccade	61889	61929	40	
Fixation	61929	62049	120	
Saccade	62049	62109	60	5.7
Fixation	62109	62358	250	
Saccade	62358	62378	20	
Fixation	62428	62588	160	
Saccade	62588	62618	30	6.45
Fixation	62618	63098	480	
Saccade	63098	63138	40	7.59
Fixation	63138	63418	280	
Saccade	63418	63438	20	4.72
Fixation	63438	63947	510	
Saccade	63947	64057	110	
Saccade	64107	64117	10	
Saccade	64127	64147	20	
Fixation	64147	64457	310	
Saccade	64457	64507	50	
Saccade	64527	64547	20	
Saccade	64597	64617	20	
Fixation	64617	64707	90	
Saccade	64707	64737	30	8.3
Fixation	64737	64877	140	
Saccade	64877	64897	20	5.98
Fixation	64897	64977	80	
Saccade	64977	65017	40	2.16
Fixation	65017	65107	90	
Saccade	65107	65117	10	0.91
Fixation	65117	65317	200	
Saccade	65317	65327	10	4.02
Fixation	65327	65477	150	
Saccade	65477	65507	30	10.74
Fixation	65507	65866	360	
Saccade	65866	65876	10	5.98
Fixation	65876	66056	180	
Saccade	66056	66086	30	6.19
Fixation	66086	66226	140	
Saccade	66226	66256	30	6.27
Fixation	66256	66636	380	
Saccade	66636	66666	30	8.26
Fixation	66666	66956	290	
Saccade	66956	66966	10	
Saccade	66986	67046	60	
Saccade	67066	67086	20	
Saccade	67116	67136	20	
Fixation	67136	67375	240	
Saccade	67375	67385	10	8.45
Fixation	67385	67645	260	
Saccade	67645	67665	20	8.36
Fixation	67665	67825	160	
Saccade	67825	67835	10	3.68
Fixation	67835	68165	330	
Fixation	68185	68385	200	
Saccade	68385	68395	10	2.56
Fixation	68395	68715	320	
Saccade	68715	68745	30	
Saccade	68825	68895	70	
Saccade	68965	68985	20	
Saccade	68995	69015	20	
Fixation	69015	69254	240	
Saccade	69254	69294	40	7.99
Fixation	69294	69784	490	
Saccade	69784	69874	90	28.31
Fixation	69874	69944	70	
Saccade	69944	69954	10	
Saccade	69974	70064	90	
Saccade	70104	70144	40	
Fixation	70144	70224	80	
Saccade	70224	70284	60	
Saccade	70344	70444	100	
Saccade	70464	70494	30	
Saccade	70524	70564	40	
Saccade	70604	70644	40	
Fixation	70644	70823	180	
Saccade	70823	70843	20	
Saccade	70883	70903	20	
Fixation	70903	71063	160	
Saccade	71063	71083	20	
Saccade	71103	71123	20	
Fixation	71123	71223	100	
Saccade	71223	71243	20	3.06
Fixation	71243	71383	140	
Saccade	71383	71393	10	
Saccade	71403	71443	40	
Saccade	71493	71523	30	
Saccade	71563	71603	40	
Fixation	71603	71703	100	
Saccade	71703	71713	10	
Saccade	71723	71743	20	
Fixation	71743	72682	939	
Saccade	72682	72702	20	5.71
Fixation	72702	73162	460	
Saccade	73162	73232	70	
Saccade	73262	73322	60	
Fixation	73322	73642	320	
Saccade	73642	73682	40	14.2
Fixation	73682	73812	130	
Saccade	73812	73872	60	13.01
Fixation	73872	75111	1239	
Saccade	75111	75131	20	4.05
Fixation	75131	75451	320	
Saccade	75451	75491	40	9.23
Fixation	75491	75771	280	
Saccade	75771	75791	20	3.08
Fixation	75791	76130	340	
Saccade	76130	76170	40	9.92
Fixation	76170	77000	830	
Saccade	77000	77040	40	12.35
Fixation	77040	77240	200	
Saccade	77240	77280	40	13.55
Fixation	77280	78009	730	
Saccade	78009	78049	40	12.4
Fixation	78049	78269	220	
Saccade	78269	78299	30	
Saccade	78309	78379	70	
Saccade	78399	78439	40	
Saccade	78449	78459	10	
Fixation	78459	78769	310	
Saccade	78769	78829	60	22.53
Fixation	78829	78989	160	
Saccade	78989	78999	10	1.65
Fixation	78999	79189	190	
Saccade	79189	79209	20	9.71
Fixation	79209	79808	600	
Saccade	79808	79838	30	5.94
Fixation	79838	80028	190	
Saccade	80028	80088	60	
Saccade	80138	80158	20	
Saccade	80178	80198	20	
Saccade	80208	80238	30	
Saccade	80248	80258	10	
Fixation	80258	80398	140	
Saccade	80398	80408	10	4.25
Fixation	80408	80548	140	
Saccade	80548	80578	30	6.14
Fixation	80578	80658	80	
Saccade	80658	80688	30	7.13
Fixation	80688	80898	210	
Saccade	80898	80928	30	10.9
Fixation	80928	81127	200	
Saccade	81127	81167	40	11.32
Fixation	81167	81557	390	
Saccade	81557	81567	10	7.02
Fixation	81567	81857	290	
Saccade	81857	81917	60	
Saccade	81927	81947	20	
Fixation	81947	82676	730	
Saccade	82676	82686	10	2.13
Fixation	82686	82946	260	
Saccade	82946	82956	10	1.89
Fixation	82956	83546	590	
Saccade	83546	83586	40	
Saccade	83596	83616	20	
Saccade	83626	83636	10	
Fixation	83636	83766	130	
Saccade	83766	83806	40	4.92
Fixation	83806	83916	110	
Saccade	83916	83956	40	9.55
Fixation	83956	84535	580	
Saccade	84535	84555	20	5.63
Fixation	84555	84745	190	
Saccade	84745	84775	30	5.31
Fixation	84775	85145	370	
Saccade	85145	85175	30	4.95
Fixation	85175	85555	380	
Saccade	85555	85575	20	4.79
Fixation	85575	86054	480	
Saccade	86054	86084	30	6.08
Fixation	86084	86474	390	
Saccade	86474	86494	20	2.82
Fixation	86494	86754	260	
Saccade	86754	86774	20	4.31
Fixation	86774	87584	810	
Saccade	87584	87604	20	5.12
Fixation	87604	88053	450	
Saccade	88053	88083	30	
Saccade	88123	88183	60	
Fixation	88183	88303	120	
Saccade	88303	88313	10	3.14
Fixation	88313	88503	190	
Saccade	88503	88523	20	5.1
Fixation	88523	88883	360	
Saccade	88883	88923	40	11.13
Fixation	88923	89473	550	
Saccade	89473	89492	20	5.51
Fixation	89492	89702	210	
Saccade	89702	89732	30	3.51
Fixation	89732	90022	290	
Saccade	90022	90062	40	9.52
Fixation	90062	90332	270	
Saccade	90332	90362	30	4.71
Fixation	90362	91201	840	
Saccade	91201	91221	20	2.08
Fixation	91221	91671	450	
Saccade	91671	91701	30	8.17
Fixation	91701	92061	360	
Saccade	92061	92081	20	1.48
Fixation	92081	92321	240	
Saccade	92321	92351	30	9.21
Fixation	92351	92461	110	
Saccade	92461	92491	30	
Saccade	92611	92641	30	
Saccade	92661	92681	20	
Fixation	92681	92801	120	
Saccade	92801	92841	40	14.16
Fixation	92841	93050	210	
Saccade	93050	93080	30	5.82
Fixation	93080	93170	90	
Saccade	93170	93210	40	
Saccade	93220	93300	80	
Fixation	93300	93400	100	
Saccade	93400	93430	30	6.92
Fixation	93430	93660	230	
Saccade	93660	93690	30	6.3
Fixation	93690	93910	220	
Saccade	93910	93920	10	3.46
Fixation	93920	94180	260	
Saccade	94180	94210	30	5.78
Fixation	94210	94599	390	
Saccade	94599	94629	30	4.6
Fixation	94629	95059	430	
Saccade	95059	95149	90	
Saccade	95169	95179	10	
Saccade	95199	95299	100	
Saccade	95309	95349	40	
Saccade	95379	95419	40	
Fixation	95419	95639	220	
Saccade	95639	95669	30	3.79
Fixation	95669	95829	160	
Saccade	95829	95859	30	4.54
Fixation	95859	96199	340	
Saccade	96199	96229	30	5.2
Fixation	96229	96498	270	
Saccade	96498	96518	20	
Saccade	96568	96638	70	
Saccade	96648	96728	80	
Saccade	96758	96768	10	
Saccade	96828	96838	10	
Fixation	96838	97138	300	
Saccade	97138	97188	50	
Saccade	97218	97248	30	
Fixation	97248	97398	150	
Saccade	97398	97408	10	0.51
Fixation	97408	97748	340	
Saccade	97748	97788	40	11.67
Fixation	97788	98177	390	
Saccade	98177	98207	30	
Saccade	98257	98277	20	
Saccade	98287	98307	20	
Saccade	98327	98337	10	
Saccade	98367	98387	20	
Saccade	98397	98467	70	
Fixation	98467	98567	100	
Saccade	98567	98597	30	
Saccade	98627	98637	10	
Saccade	98657	98667	10	
Saccade	98677	98697	20	
Fixation	98697	98767	70	
Saccade	98767	98807	40	
Saccade	98817	98847	30	
Fixation	98847	98967	120	
Saccade	98967	98977	10	
Saccade	99017	99037	20	
Saccade	99067	99087	20	
Saccade	99117	99137	20	
Fixation	99137	99227	90	
Saccade	99227	99247	20	
Saccade	99257	99277	20	
Fixation	99277	99367	90	
Saccade	99367	99387	20	
Saccade	99417	99557	140	
Saccade	99587	99617	30	
Saccade	99657	99706	50	
Fixation	99706	99916	210	
Saccade	99916	99936	20	
Saccade	99956	99966	10	
Saccade	100016	100036	20	
Fixation	100036	100156	120	
Saccade	100156	100206	50	11.58
Fixation	100206	100426	220	
Saccade	100426	100436	10	4.24
Fixation	100436	100646	210	
Saccade	100646	100676	30	6.03
Fixation	100676	100896	220	
Saccade	100896	100916	20	
Saccade	100956	100976	20	
Fixation	100976	101146	170	
Saccade	101146	101176	30	
Saccade	101216	101226	10	
Saccade	101236	101276	40	
Fixation	101276	101665	390	
Fixation	101685	101975	290	
Saccade	101975	102005	30	
Saccade	102045	102065	20	
Saccade	102085	102125	40	
Saccade	102135	102185	50	
Saccade	102245	102265	20	
Fixation	102265	102415	150	
Saccade	102415	102455	40	4.36
Fixation	102455	102685	230	
Saccade	102685	102705	20	
Saccade	102755	102775	20	
Saccade	102785	102805	20	
Fixation	102805	102875	70	
Saccade	102875	102905	30	5.67
Fixation	102905	103055	150	
Saccade	103055	103134	80	
Saccade	103164	103174	10	
Saccade	103184	103224	40	
Saccade	103284	103334	50	
Saccade	103354	103374	20	
Fixation	103374	103644	270	
Saccade	103644	103724	80	2.47
Fixation	103724	103834	110	
Saccade	103834	103894	60	
Saccade	103954	103994	40	
Saccade	104004	104064	60	
Fixation	104064	104134	70	
Saccade	104134	104164	30	
Saccade	104194	104234	40	
Saccade	104244	104324	80	
Saccade	104334	104354	20	
Saccade	104394	104454	60	
Saccade	104514	104524	10	
Saccade	104564	104584	20	
Saccade	104594	104614	20	
Fixation	104614	104923	310	
Saccade	104933	105023	90	
Saccade	105063	105093	30	
Saccade	105153	105173	20	
Fixation	105173	105333	160	
Saccade	105333	105363	30	9.37
Fixation	105363	105563	200	
Saccade	105563	105603	40	7.24
Fixation	105603	106642	1039	
Saccade	106642	106702	60	7.32
Fixation	106702	107052	350	
Saccade	107052	107072	20	4.56
Fixation	107072	107162	90	
Saccade	107162	107202	40	1.57
Fixation	107202	107362	160	
Saccade	107362	107392	30	7.02
Fixation	107392	107522	130	
Saccade	107522	107552	30	5.26
Fixation	107552	107822	270	
Saccade	107822	107912	90	
Saccade	107922	107932	10	
Saccade	107952	107982	30	
Saccade	108012	108042	30	
Saccade	108102	108122	20	
Saccade	108132	108152	20	
Saccade	108162	108181	20	
Saccade	108241	108271	30	
Fixation	108271	108371	100	
Saccade	108371	108401	30	6.17
Fixation	108401	109011	610	
Saccade	109011	109091	80	
Saccade	109121	109141	20	
Saccade	109161	109181	20	
Fixation	109181	110010	830	
Saccade	110010	110040	30	9.49
Fixation	110040	110420	380	
Saccade	110420	110450	30	
Saccade	110470	110490	20	
Fixation	110490	110580	90	
Saccade	110580	110600	20	
Saccade	110620	110630	10	
Saccade	110660	110680	20	
Fixation	110680	110840	160	
Saccade	110840	110870	30	7.24
Fixation	110870	111310	440	
Saccade	111310	111350	40	0.94
Fixation	111350	111520	170	
Saccade	111520	111540	20	
Saccade	111570	111590	20	
Saccade	111609	111629	20	
Saccade	111669	111719	50	
Saccade	111729	111789	60	
Saccade	111799	111819	20	
Fixation	111819	112399	580	
Saccade	112399	112449	50	
Saccade	112459	112489	30	
Saccade	112549	112569	20	
Saccade	112579	112619	40	
Saccade	112699	112719	20	
Saccade	112729	112749	20	
Saccade	112789	112809	20	
Fixation	112809	112989	180	
Saccade	112989	112999	10	
Saccade	113049	113079	30	
Fixation	113079	113169	90	
Saccade	113169	113209	40	2.05
Fixation	113209	113328	120	
Saccade	113328	113368	40	
Saccade	113398	113418	20	
Saccade	113428	113448	20	
Fixation	113448	113538	90	
Saccade	113538	113588	50	
Saccade	113648	113678	30	
Saccade	113698	113718	20	
Fixation	113718	116337	2618	
Saccade	116337	116357	20	
Saccade	116477	116507	30	
Saccade	116557	116577	20	
Saccade	116617	116657	40	
Saccade	116686	116706	20	
Saccade	116736	116756	20	
Saccade	116806	116826	20	
Fixation	116826	116926	100	
Saccade	116926	116946	20	5.06
Fixation	116946	117126	180	
Saccade	117126	117166	40	
Saccade	117196	117206	10	
Saccade	117216	117296	80	
Saccade	117346	117356	10	
Saccade	117386	117396	10	
Saccade	117446	117456	10	
Fixation	117456	117586	130	
Saccade	117586	117636	50	4.43
Fixation	117636	117806	170	
Saccade	117806	117826	20	4.37
Fixation	117826	117986	160	
Saccade	117986	118016	30	6.6
Fixation	118016	118266	250	
Saccade	118266	118276	10	2.07
Fixation	118276	118366	90	
Saccade	118366	118386	20	8.29
Fixation	118386	120404	2019	
Saccade	120404	120434	30	7.36
Fixation	120434	120604	170	
Saccade	120604	120634	30	5.49
Fixation	120634	120764	130	
Saccade	120764	120794	30	7.74
Fixation	120794	121134	340	
Saccade	121134	121174	40	14.87
Fixation	121174	121534	360	
Saccade	121534	121554	20	4.34
Fixation	121554	121704	150	
Saccade	121704	121724	20	3.82
Fixation	121724	121863	140	
Saccade	121863	121873	10	2.75
Fixation	121873	122073	200	
Saccade	122073	122133	60	
Saccade	122193	122233	40	
Saccade	122243	122273	30	
Saccade	122293	122303	10	
Saccade	122313	122333	20	
Saccade	122343	122353	10	
Fixation	122353	122513	160	
Saccade	122513	122533	20	4.69
Fixation	122533	122693	160	
Saccade	122693	122713	20	3.47
Fixation	122713	122893	180	
Saccade	122893	122903	10	
Saccade	122923	122953	30	
Saccade	123013	123053	40	
Saccade	123103	123113	10	
Saccade	123163	123193	30	
Saccade	123203	123213	10	
Saccade	123273	123293	20	
Saccade	123323	123363	40	
Fixation	123363	123742	380	
Saccade	123742	123762	20	
Saccade	123772	123792	20	
Saccade	123802	123832	30	
Saccade	123892	123912	20	
Saccade	123932	123962	30	
Fixation	123962	124082	120	
Saccade	124082	124092	10	
Saccade	124102	124122	20	
Fixation	124122	124212	90	
Saccade	124212	124252	40	
Saccade	124272	124292	20	
Fixation	124292	124492	200	
Saccade	124492	124512	20	
Saccade	124532	124572	40	
Fixation	124572	124692	120	
Saccade	124692	124712	20	
Saccade	124732	124752	20	
Saccade	124762	124782	20	
Saccade	124792	124842	50	
Fixation	124842	124972	130	
Saccade	124972	125072	100	
Saccade	125102	125112	10	
Saccade	125162	125182	20	
Fixation	125182	125301	120	
Saccade	125301	125331	30	
Saccade	125341	125381	40	
Saccade	125431	125451	20	
Saccade	125491	125511	20	
Fixation	125511	125611	100	
Saccade	125611	125651	40	6.19
Fixation	125651	126061	410	
Saccade	126061	126091	30	7.3
Fixation	126091	127090	999	
Saccade	127090	127120	30	
Saccade	127170	127190	20	
Saccade	127200	127240	40	
Fixation	127240	127310	70	
Saccade	127310	127320	10	2.37
Fixation	127320	127480	160	
Saccade	127480	127500	20	
Saccade	127510	127530	20	
Saccade	127540	127560	20	
Saccade	127580	127590	10	
Fixation	127590	127680	90	
Saccade	127680	127750	70	7.7
Fixation	127750	127910	160	
Saccade	127910	128030	120	
Saccade	128090	128100	10	
Fixation	128100	128350	250	
Saccade	128350	128410	60	
Saccade	128450	128480	30	
Fixation	128480	128639	160	
Saccade	128639	128659	20	10.44
Fixation	128659	129869	1209	
Saccade	129869	129909	40	8.99
Fixation	129909	130408	500	
Saccade	130408	130448	40	3.05
Fixation	130448	130938	490	
Saccade	130938	130968	30	
Saccade	131038	131058	20	
Saccade	131088	131138	50	
Saccade	131158	131188	30	
Saccade	131258	131278	20	
Saccade	131288	131308	20	
Saccade	131338	131348	10	
Saccade	131368	131378	10	
Fixation	131378	131558	180	
Saccade	131558	131568	10	3.65
Fixation	131568	131768	200	
Saccade	131838	131868	30	
Saccade	131888	131908	20	
Saccade	131938	131978	40	
Fixation	131978	132147	170	
Saccade	132147	132167	20	1.93
Fixation	132167	132377	210	
Saccade	132377	132467	90	
Saccade	132497	132517	20	
Fixation	132517	132607	90	
Saccade	132607	132627	20	3.97
Fixation	132627	132927	300	
Saccade	132927	132937	10	4.54
Fixation	132937	133746	810	
Saccade	133746	133766	20	2.02
Fixation	133766	134126	360	
Saccade	134126	134216	90	
Saccade	134246	134286	40	
Saccade	134336	134346	10	
Saccade	134356	134386	30	
Saccade	134416	134446	30	
Saccade	134496	134556	60	
Fixation	134556	134716	160	
Saccade	134716	134756	40	
Saccade	134816	134836	20	
Fixation	134836	135066	230	
Saccade	135066	135146	80	
Saccade	135156	135176	20	
Saccade	135196	135216	20	
Saccade	135236	135256	20	
Fixation	135256	135805	550	
Saccade	135805	135875	70	
Saccade	135935	135955	20	
Saccade	135995	136015	20	
Saccade	136025	136045	20	
Saccade	136065	136095	30	
Saccade	136135	136155	20	
Saccade	136185	136205	20	
Saccade	136255	136285	30	
Saccade	136315	136335	20	
Saccade	136365	136385	20	
Saccade	136425	136445	20	
Fixation	136445	136605	160	
Saccade	136605	136645	40	9.16
Fixation	136645	136895	250	
Saccade	136895	136925	30	5.58
Fixation	136925	137134	210	
Saccade	137134	137164	30	7.41
Fixation	137164	137234	70	
Saccade	137234	137244	10	
Saccade	137254	137274	20	
Saccade	137304	137354	50	
Fixation	137354	137754	400	
Saccade	137754	137784	30	9.36
Fixation	137784	138104	320	
Saccade	138104	138144	40	
Saccade	138164	138174	10	
Fixation	138174	138324	150	
Saccade	138324	138364	40	1.99
Fixation	138364	138524	160	
Saccade	138524	138544	20	4.39
Fixation	138544	138804	260	
Saccade	138804	138843	40	13.4
Fixation	138843	139153	310	
Saccade	139153	139173	20	3.99
Fixation	139173	139273	100	
Saccade	139273	139293	20	
Saccade	139333	139373	40	
Fixation	139373	139523	150	
Saccade	139523	139563	40	11.75
Fixation	139563	140043	480	
Saccade	140043	140053	10	
Saccade	140063	140083	20	
Fixation	140083	140323	240	
Saccade	140323	140353	30	7.92
Fixation	140353	140642	290	
Saccade	140642	140682	40	11.11
Fixation	140682	140892	210	
Saccade	140892	140922	30	6.8
Fixation	140922	141202	280	
Saccade	141202	141232	30	9.17
Fixation	141232	141532	300	
Saccade	141532	141582	50	
Saccade	141622	141642	20	
Saccade	141662	141682	20	
Saccade	141732	141782	50	
Fixation	141782	142132	350	
Saccade	142182	142211	30	
Fixation	142211	142331	120	
Saccade	142331	142431	100	
Saccade	142441	142461	20	
Fixation	142461	142551	90	
Saccade	142551	142561	10	
Saccade	142601	142651	50	
Fixation	142651	142821	170	
Saccade	142821	142921	100	
Saccade	142951	142971	20	
Saccade	143021	143061	40	
Saccade	143091	143151	60	
Fixation	143151	143641	490	
Fixation	143681	144060	380	
Saccade	144060	144120	60	
Saccade	144140	144190	50	
Saccade	144200	144220	20	
Saccade	144230	144260	30	
Saccade	144320	144340	20	
Saccade	144360	144390	30	
Saccade	144410	144420	10	
Saccade	144470	144490	20	
Saccade	144500	144520	20	
Fixation	144520	144700	180	
Saccade	144700	144790	90	18.73
Fixation	144790	145130	340	
Saccade	145130	145240	110	
Saccade	145270	145290	20	
Saccade	145310	145330	20	
Fixation	145330	145699	370	
Saccade	145699	145769	70	
Saccade	145799	145809	10	
Fixation	145809	145889	80	
Saccade	145889	145959	70	7.04
Fixation	145959	146029	70	
Saccade	146029	146069	40	
Saccade	146089	146149	60	
Saccade	146169	146249	80	
Fixation	146249	146379	130	
Saccade	146379	146399	20	
Saccade	146459	146579	120	
Saccade	146619	146649	30	
Saccade	146659	146689	30	
Saccade	146729	146739	10	
Fixation	146739	146899	160	
Saccade	146899	146919	20	2.82
Fixation	146919	147149	230	
Saccade	147149	147249	100	
Saccade	147309	147318	10	
Fixation	147318	147438	120	
Saccade	147438	147448	10	
Saccade	147458	147498	40	
Fixation	147498	147578	80	
Saccade	147578	147598	20	
Saccade	147638	147678	40	
Saccade	147718	147758	40	
Fixation	147758	147888	130	
Saccade	147888	148008	120	34.82
Fixation	148008	148158	150	
Saccade	148158	148178	20	0.51
Fixation	148178	148628	450	
Saccade	148628	148638	10	3.29
Fixation	148638	148948	310	
Saccade	148948	148978	30	9.61
Fixation	148978	149067	90	
Saccade	149067	149107	40	1.32
Fixation	149107	149317	210	
Saccade	149317	149377	60	4.07
Fixation	149377	149477	100	
Saccade	149477	149497	20	
Saccade	149517	149527	10	
Saccade	149557	149577	20	
Saccade	149597	149617	20	
Fixation	149617	149867	250	
Saccade	149867	149897	30	5.39
Fixation	149897	150107	210	
Saccade	150107	150117	10	
Saccade	150147	150197	50	
Fixation	150197	150577	380	
Saccade	150577	150607	30	5.63
Fixation	150607	150816	210	
Saccade	150816	150846	30	7.61
Fixation	150846	151076	230	
Saccade	151076	151096	20	
Saccade	151106	151126	20	
Saccade	151156	151176	20	
Saccade	151206	151226	20	
Saccade	151236	151276	40	
Saccade	151316	151356	40	
Saccade	151536	151576	40	
Saccade	151596	151606	10	
Saccade	151636	151656	20	
Fixation	151666	151756	90	
Saccade	151756	151786	30	
Saccade	151826	151846	20	
Saccade	151896	151906	10	
Fixation	151906	151996	90	
Saccade	151996	152026	30	3.14
Fixation	152026	152306	280	
Saccade	152306	152326	20	6.01
Fixation	152326	152515	190	
Saccade	152515	152535	20	3.67
Fixation	152535	152725	190	
Saccade	152725	152765	40	9.17
Fixation	152765	152925	160	
Saccade	152925	152955	30	4.63
Fixation	152955	153095	140	
Saccade	153095	153125	30	8.98
Fixation	153125	153465	340	
Saccade	153465	153485	20	
Saccade	153495	153515	20	
Fixation	153515	153605	90	
Saccade	153605	153645	40	
Saccade	153655	153665	10	
Saccade	153685	153745	60	
Saccade	153755	153775	20	
Saccade	153825	153865	40	
Saccade	153905	153925	20	
Saccade	153965	153985	20	
Fixation	153985	154184	200	
Saccade	154184	154214	30	7.73
Fixation	154214	154294	80	
Saccade	154294	154314	20	3.52
Fixation	154314	154434	120	
Saccade	154444	154464	20	
Fixation	154464	154644	180	
Saccade	154644	154654	10	
Saccade	154704	154734	30	
Fixation	154734	155813	1079	
Saccade	155813	155863	50	
Saccade	155913	155983	70	
Saccade	156013	156053	40	
Saccade	156063	156133	70	
Saccade	156193	156273	80	
Saccade	156313	156333	20	
Saccade	156353	156373	20	
Saccade	156383	156393	10	
Saccade	156433	156453	20	
Fixation	156453	156543	90	
Saccade	156543	156623	80	
Saccade	156633	156673	40	
Saccade	156693	156753	60	
Fixation	156753	156883	130	
Saccade	156883	156923	40	17.45
Fixation	156923	157173	250	
Saccade	157173	157193	20	2.91
Fixation	157193	157273	80	
Saccade	157273	157293	20	
Saccade	157323	157343	20	
Saccade	157363	157443	80	
Saccade	157453	157472	20	
Saccade	157482	157493	10	
Saccade	157532	157562	30	
Fixation	157562	157712	150	
Saccade	157712	157732	20	
Saccade	157762	157792	30	
Fixation	157792	158672	879	
Fixation	158712	159082	370	
Saccade	159082	159171	90	29.36
Fixation	159171	159321	150	
Saccade	159321	159351	30	3.82
Fixation	159351	159441	90	
Saccade	159441	159461	20	
Saccade	159471	159491	20	
Fixation	159491	159601	110	
Saccade	159601	159651	50	
Saccade	159671	159731	60	
Saccade	159771	159781	10	
Fixation	159781	159861	80	
Saccade	159861	159891	30	6.47
Fixation	159891	160741	850	
Saccade	160741	160771	30	5.01
Fixation	160771	161020	250	
Saccade	161020	161040	20	3.41
Fixation	161040	161300	260	
Saccade	161300	161320	20	4.33
Fixation	161320	161590	270	
Saccade	161690	161740	50	
Saccade	161860	161890	30	
Saccade	162040	162060	20	
Saccade	162080	162100	20	
Saccade	162140	162180	40	
Saccade	162210	162250	40	
Saccade	162420	162460	40	
Saccade	162470	162510	40	
Fixation	162510	163179	670	
Fixation	163199	163509	310	
Saccade	163649	163669	20	
Saccade	163679	163699	20	
Fixation	163699	167007	3308	
Saccade	167207	167237	30	
Fixation	167237	167377	140	
