Event Start Trial Time [ms]	Event End Trial Time [ms]	Event Duration [ms]	Visual Intake Position X [px]	Visual Intake Position Y [px]
854	964	110	1039.0	676.0
1014	1344	330	826.0	625.0
1374	1734	360	854.0	724.0
1764	2164	400	900.0	663.0
2613	3063	450	930.0	748.0
3363	3823	460	963.0	627.0
3843	4273	430	883.0	636.0
4293	4662	370	992.0	650.0
4682	5622	939	908.0	717.0
5762	6022	260	1363.0	350.0
6042	6171	130	1151.0	282.0
6211	6401	190	1210.0	432.0
6411	6791	380	1130.0	438.0
6841	7041	200	829.0	298.0
7071	7501	430	1027.0	257.0
7541	8090	550	1152.0	331.0
8230	8580	350	1106.0	386.0
8880	9070	190	765.0	485.0
9090	9250	160	706.0	484.0
9579	10659	1079	1073.0	386.0
10699	12058	1359	1058.0	343.0
12348	12528	180	564.0	756.0
12648	12848	200	929.0	580.0
12858	13137	280	940.0	557.0
13437	14187	750	866.0	464.0
14197	14547	350	903.0	536.0
14567	15536	969	933.0	543.0
15556	16346	790	893.0	584.0
16625	16745	120	1268.0	740.0
16765	17125	360	1040.0	778.0
17135	17735	600	950.0	677.0
17945	18105	160	1165.0	208.0
18125	18334	210	1087.0	205.0
18344	18484	140	1018.0	239.0
18504	18734	230	878.0	212.0
18774	18904	130	1070.0	385.0
18924	18994	70	1043.0	388.0
19014	19254	240	1095.0	449.0
19294	19434	140	1251.0	486.0
19464	19614	150	1135.0	570.0
19644	19764	120	1163.0	445.0
19814	20323	510	935.0	336.0
20573	21702	1129	825.0	684.0
21722	21992	270	769.0	589.0
22322	22432	110	1046.0	135.0
22462	22542	80	820.0	253.0
22592	23012	420	1098.0	246.0
23052	23252	200	938.0	504.0
23272	23401	130	837.0	531.0
23911	24241	330	746.0	514.0
24351	24681	330	731.0	685.0
24771	24981	210	1212.0	536.0
25100	25380	280	789.0	659.0
25410	25550	140	1021.0	678.0
25810	26020	210	526.0	201.0
26050	26140	90	791.0	236.0
26170	26570	400	845.0	432.0
26590	27299	710	945.0	521.0
27309	27499	190	904.0	587.0
27509	27829	320	888.0	632.0
27839	28149	310	882.0	578.0
28529	28698	170	1090.0	750.0
28718	29068	350	907.0	788.0
29108	29218	110	877.0	512.0
29238	29588	350	945.0	468.0
29618	29878	260	912.0	603.0
29888	30038	150	885.0	640.0
30078	30248	170	920.0	429.0
30287	30517	230	965.0	710.0
30547	30687	140	839.0	688.0
30717	31897	1179	890.0	599.0
31917	32126	210	821.0	652.0
32446	32606	160	1187.0	381.0
32636	33016	380	991.0	306.0
33316	33995	680	818.0	477.0
34345	34575	230	1000.0	340.0
34605	34745	140	824.0	268.0
34765	34935	170	900.0	350.0
34955	35485	530	970.0	265.0
35624	36294	670	772.0	504.0
36314	36494	180	729.0	502.0
36754	37693	939	1231.0	371.0
37703	38143	440	1222.0	283.0
38183	38353	170	961.0	349.0
38373	38523	150	868.0	304.0
38543	38733	190	771.0	303.0
38753	39022	270	674.0	321.0
39052	39242	190	785.0	432.0
39272	39462	190	903.0	413.0
39512	39682	170	1147.0	427.0
39712	39892	180	1206.0	559.0
39902	40092	190	1235.0	602.0
40122	40402	280	1088.0	643.0
40422	40811	390	1117.0	449.0
40821	41271	450	1145.0	402.0
41591	41691	100	785.0	550.0
41701	41871	170	717.0	531.0
41881	42051	170	636.0	533.0
42271	42490	220	1200.0	443.0
42510	42890	380	1076.0	401.0
43190	43810	620	808.0	542.0
44030	44159	130	1182.0	417.0
44279	45049	770	785.0	518.0
45089	45299	210	1011.0	585.0
45349	45739	390	793.0	508.0
45789	45998	210	1100.0	640.0
46038	46418	380	995.0	496.0
46678	46998	320	599.0	98.0
47018	47168	150	613.0	185.0
47198	47468	270	749.0	378.0
47478	47627	150	745.0	322.0
47667	47997	330	973.0	358.0
48017	48177	160	1008.0	274.0
48217	48397	180	735.0	255.0
48427	48587	160	826.0	339.0
48627	48837	210	993.0	297.0
48857	49117	260	921.0	276.0
49147	49366	220	1007.0	186.0
49406	49756	350	853.0	331.0
49786	49896	110	686.0	459.0
49946	50216	270	926.0	316.0
50226	50416	190	932.0	445.0
50446	50646	200	1122.0	429.0
51365	51625	260	738.0	370.0
51675	52305	630	969.0	332.0
52665	52994	330	995.0	566.0
53024	53154	130	877.0	669.0
53174	53584	410	938.0	636.0
53704	53854	150	1401.0	411.0
53884	54274	390	1296.0	446.0
54324	54583	260	843.0	239.0
54603	54813	210	816.0	232.0
54833	55033	200	772.0	262.0
55063	55233	170	942.0	255.0
55303	55513	210	1089.0	799.0
55553	55683	130	1211.0	647.0
55723	55873	150	959.0	603.0
55903	56362	460	1101.0	528.0
56572	57162	590	870.0	599.0
57422	57622	200	1282.0	109.0
57652	57862	210	1120.0	243.0
58131	58311	180	754.0	605.0
58611	58711	100	1194.0	111.0
58731	59081	350	1076.0	183.0
59091	59371	280	1100.0	248.0
59561	59890	330	688.0	610.0
60090	60290	200	1264.0	154.0
60300	60640	340	1147.0	238.0
60820	60980	160	749.0	612.0
61110	61210	100	986.0	581.0
61639	61939	300	827.0	36.0
61989	62369	380	1033.0	385.0
62389	62509	120	961.0	464.0
62529	62749	220	973.0	430.0
62769	63388	620	860.0	453.0
63408	64008	600	872.0	418.0
64018	64358	340	902.0	458.0
64378	64478	100	880.0	452.0
64598	64897	300	931.0	441.0
65077	65147	70	1411.0	853.0
65157	65297	140	1308.0	827.0
65507	66097	590	721.0	460.0
66297	66626	330	1241.0	717.0
66656	66926	270	984.0	724.0
66956	67356	400	988.0	676.0
67386	68006	620	960.0	553.0
68026	68585	560	869.0	587.0
68605	68815	210	949.0	560.0
68845	69155	310	817.0	559.0
69335	69685	350	1106.0	327.0
69765	70054	290	655.0	562.0
70064	70594	530	816.0	504.0
70734	70914	180	1201.0	366.0
70924	71304	380	1037.0	372.0
71444	71604	160	721.0	232.0
71644	72023	380	1005.0	387.0
72193	72563	370	642.0	532.0
72793	72933	140	1192.0	337.0
72973	73153	180	1132.0	343.0
73433	73662	230	620.0	541.0
73692	74242	550	850.0	494.0
74262	74412	150	903.0	599.0
74462	74692	230	1188.0	453.0
75002	75092	90	702.0	231.0
75112	75271	160	739.0	309.0
75361	75561	200	852.0	271.0
75601	75881	280	812.0	484.0
75991	76061	70	1094.0	539.0
76261	76881	620	949.0	422.0
76931	77150	220	1236.0	358.0
77190	77340	150	1025.0	175.0
77380	77540	160	783.0	253.0
77560	77630	70	855.0	305.0
77800	78020	220	847.0	405.0
78050	78300	250	1003.0	417.0
78420	78769	350	1015.0	387.0
78779	79119	340	1037.0	462.0
79339	79509	170	900.0	336.0
79739	80129	390	996.0	332.0
80219	80309	90	1029.0	362.0
80488	80598	110	1216.0	458.0
80618	80748	130	1200.0	439.0
80788	80878	90	876.0	443.0
81058	81448	390	919.0	431.0
81458	81858	400	961.0	497.0
81978	82597	620	850.0	512.0
82657	82897	240	902.0	536.0
83197	83437	240	886.0	591.0
83597	83747	150	864.0	539.0
83926	84776	850	794.0	468.0
84876	85336	460	907.0	498.0
85446	85715	270	1221.0	619.0
86135	86315	180	860.0	498.0
86335	86455	120	968.0	513.0
86475	86635	160	994.0	550.0
86795	87215	420	808.0	538.0
87654	87774	120	771.0	732.0
87794	88154	360	901.0	716.0
88174	88554	380	930.0	605.0
88574	88674	100	909.0	597.0
88904	89173	270	1148.0	197.0
89193	89303	110	1054.0	278.0
89343	89623	280	1114.0	459.0
89653	89783	130	1106.0	491.0
89803	89873	70	1117.0	450.0
90073	90143	70	854.0	335.0
90163	90303	140	835.0	217.0
90343	90503	160	700.0	325.0
90613	90683	70	1035.0	367.0
90723	90872	150	1165.0	196.0
90892	91002	110	1125.0	202.0
91292	91862	570	689.0	546.0
92212	92671	460	1120.0	299.0
92811	92941	130	955.0	163.0
92981	93181	200	727.0	198.0
93211	93331	120	879.0	229.0
93371	93601	230	989.0	216.0
93621	93921	300	1032.0	307.0
93961	94031	70	1006.0	318.0
94081	94250	170	1320.0	223.0
94480	95050	570	773.0	557.0
95070	95410	340	745.0	551.0
95510	95590	80	1513.0	403.0
95890	95959	70	956.0	416.0
96089	96369	280	655.0	590.0
96389	96489	100	795.0	549.0
96509	96869	360	934.0	541.0
96989	97169	180	1154.0	492.0
97199	97269	70	974.0	599.0
97309	97479	170	985.0	614.0
97579	97668	90	312.0	206.0
97718	97788	70	586.0	229.0
97828	97958	130	645.0	176.0
98108	98178	70	824.0	146.0
98218	98468	250	765.0	452.0
98478	98578	100	857.0	503.0
98618	98708	90	1084.0	591.0
98798	98888	90	725.0	356.0
99148	99377	230	828.0	418.0
99397	99707	310	802.0	382.0
99737	99877	140	865.0	518.0
99927	100337	410	911.0	227.0
100367	100507	140	822.0	407.0
100687	100817	130	976.0	411.0
100837	101256	420	1008.0	338.0
101306	101516	210	1308.0	511.0
101556	102126	570	929.0	435.0
102286	102716	430	911.0	525.0
102915	103055	140	1441.0	945.0
103065	103185	120	1313.0	949.0
103405	103525	120	1116.0	710.0
103545	103905	360	1090.0	655.0
103925	104155	230	936.0	675.0
104175	104285	110	1021.0	625.0
104305	104694	390	934.0	653.0
104714	104904	190	1002.0	658.0
104924	105204	280	968.0	655.0
105234	105484	250	930.0	517.0
105504	105664	160	909.0	435.0
105724	105804	80	906.0	327.0
105854	106044	190	1012.0	593.0
106144	106513	370	976.0	588.0
106553	106813	260	778.0	601.0
107063	107233	170	1045.0	332.0
107283	107443	160	641.0	223.0
107563	107703	140	935.0	553.0
107723	107833	110	988.0	538.0
107853	107983	130	1001.0	447.0
108012	108222	210	865.0	470.0
108262	108352	90	816.0	261.0
108562	108952	390	721.0	522.0
109222	109332	110	1156.0	438.0
109382	110111	730	1018.0	244.0
110161	110391	230	1157.0	548.0
110471	110681	210	1146.0	270.0
110851	111011	160	742.0	514.0
111131	111361	230	788.0	485.0
111570	111830	260	1224.0	269.0
111870	112090	220	1151.0	573.0
112130	112200	70	1183.0	240.0
112540	112960	420	656.0	518.0
113199	113509	310	1137.0	256.0
113739	113869	130	544.0	515.0
114009	114109	100	554.0	462.0
114289	114679	390	1076.0	279.0
114699	114899	200	1046.0	386.0
115128	115238	110	504.0	544.0
115408	115508	100	1137.0	365.0
116018	116098	80	575.0	237.0
116108	116228	120	634.0	209.0
116258	116408	150	551.0	205.0
116568	116807	240	931.0	277.0
116817	117057	240	872.0	294.0
117087	117307	220	855.0	500.0
117537	117637	100	1018.0	395.0
117667	117937	270	891.0	292.0
117997	118686	690	921.0	378.0
118906	119146	240	885.0	293.0
119156	119316	160	880.0	372.0
119346	119466	120	824.0	233.0
119476	119646	170	812.0	144.0
119676	119846	170	752.0	250.0
119866	119986	120	686.0	202.0
120036	120195	160	932.0	360.0
120215	120325	110	858.0	418.0
120345	120545	200	904.0	364.0
120665	120935	270	1098.0	501.0
120965	121125	160	880.0	429.0
121305	121485	180	1023.0	498.0
121505	122444	939	888.0	476.0
122794	122934	140	1230.0	628.0
122964	123154	190	1115.0	705.0
123174	123524	350	1083.0	619.0
123643	124363	720	953.0	552.0
124423	125153	730	899.0	548.0
125382	125452	70	1190.0	255.0
125742	125872	130	936.0	86.0
125982	126092	110	1066.0	17.0
126142	126262	120	1246.0	57.0
126512	126642	130	1303.0	187.0
126882	127041	160	726.0	633.0
127261	128191	929	890.0	573.0
128211	128431	220	911.0	469.0
128491	128830	340	923.0	598.0
128850	129100	250	884.0	708.0
129140	129230	90	887.0	755.0
129250	129330	80	781.0	736.0
129370	130090	720	895.0	627.0
130409	130769	360	1036.0	196.0
130839	130989	150	1033.0	180.0
131239	131439	200	951.0	626.0
131459	131709	250	982.0	620.0
131849	132089	240	884.0	633.0
132308	132468	160	1352.0	171.0
132768	133038	270	752.0	627.0
133288	133488	200	1323.0	166.0
133508	134147	640	1235.0	133.0
134227	134327	100	1307.0	139.0
134357	134507	150	1206.0	141.0
134537	134707	170	1311.0	228.0
134727	135067	340	1297.0	279.0
135736	135856	120	1317.0	143.0
135876	136646	770	1294.0	121.0
136906	137006	100	634.0	638.0
137026	137106	80	707.0	610.0
137166	137315	150	705.0	602.0
137575	137665	90	1378.0	145.0
137675	137765	90	1388.0	88.0
137805	137965	160	1242.0	375.0
138165	138305	140	1145.0	371.0
138335	138535	200	1047.0	592.0
138595	138955	360	834.0	253.0
139184	139544	360	778.0	553.0
139824	140084	260	977.0	542.0
140104	140394	290	960.0	514.0
140554	140664	110	680.0	490.0
140783	140963	180	718.0	484.0
141243	141723	480	1060.0	303.0
141883	141953	70	1100.0	356.0
142013	142163	150	697.0	330.0
142183	142333	150	619.0	335.0
142363	142473	110	726.0	440.0
142522	142802	280	1098.0	305.0
143292	143452	160	751.0	611.0
143712	143862	150	1264.0	496.0
144132	144371	240	814.0	286.0
144381	144511	130	818.0	354.0
144531	144881	350	899.0	317.0
145011	145361	350	934.0	440.0
145391	145661	270	1026.0	489.0
145821	146800	979	856.0	526.0
146960	147330	370	842.0	509.0
147340	147500	160	774.0	453.0
147799	147939	140	1022.0	877.0
147989	148099	110	1039.0	796.0
148139	148419	280	973.0	721.0
148429	148729	300	894.0	657.0
148859	149079	220	1000.0	606.0
149119	149289	170	933.0	451.0
149299	149428	130	861.0	473.0
149458	149928	470	952.0	470.0
150018	150108	90	1557.0	356.0
150128	150198	70	1351.0	340.0
150348	150698	350	972.0	231.0
150808	151147	340	1174.0	397.0
151197	151397	200	800.0	258.0
151757	151947	190	470.0	612.0
152077	152277	200	1312.0	110.0
152297	152637	340	1170.0	178.0
152797	152866	70	348.0	655.0
152886	153046	160	383.0	730.0
153456	153576	120	1175.0	249.0
153686	153836	150	460.0	638.0
153896	154166	270	480.0	588.0
154256	154735	480	1260.0	321.0
154775	155055	280	1404.0	568.0
155385	155875	490	455.0	523.0
156105	156195	90	1317.0	368.0
156215	156474	260	1176.0	426.0
156674	156984	310	633.0	504.0
157534	157604	70	618.0	331.0
157894	158093	200	815.0	515.0
158123	158203	80	972.0	526.0
158233	158423	190	1091.0	517.0
158453	158633	180	903.0	508.0
158823	159173	350	1086.0	689.0
159193	159852	660	990.0	476.0
159872	159972	100	984.0	473.0
160012	160172	160	948.0	472.0
160342	160532	190	850.0	508.0
160862	161152	290	1385.0	803.0
161172	161362	190	1166.0	827.0
161372	161501	130	1134.0	738.0
161521	161641	120	1057.0	671.0
161781	161911	130	948.0	598.0
161941	162231	290	833.0	609.0
162441	162551	110	1132.0	380.0
162591	162861	270	856.0	288.0
162911	163041	130	1004.0	65.0
163190	164680	1489	1098.0	143.0
165069	165409	340	730.0	727.0
165689	165979	290	1377.0	115.0
165989	166079	90	1267.0	93.0
166409	166479	70	586.0	717.0
166489	166708	220	574.0	650.0
166898	167268	370	1153.0	245.0
167318	167808	490	1305.0	370.0
167998	168078	80	315.0	851.0
168088	168377	290	242.0	826.0
168517	168607	90	1586.0	89.0
168697	168777	80	1353.0	121.0
169107	169357	250	224.0	846.0
169377	169457	80	332.0	803.0
169587	169817	230	797.0	680.0
170146	170306	160	806.0	227.0
170336	170576	240	867.0	463.0
170586	170696	110	968.0	486.0
170736	171016	280	1007.0	434.0
171026	171136	110	888.0	330.0
171376	171596	220	598.0	219.0
171626	171915	290	909.0	406.0
171925	172225	300	1103.0	408.0
172255	172425	170	1004.0	331.0
172445	172675	230	1000.0	238.0
172695	172795	100	970.0	242.0
172815	173195	380	1001.0	308.0
173205	173455	250	1137.0	381.0
173634	173774	140	1256.0	748.0
174034	174784	750	832.0	312.0
174804	174974	170	897.0	353.0
174994	175193	200	853.0	343.0
175423	175503	80	793.0	384.0
175653	175783	130	1385.0	676.0
175803	176153	350	1160.0	713.0
176353	176923	570	1004.0	661.0
177032	177102	70	953.0	544.0
177112	177182	70	938.0	486.0
177202	177432	230	915.0	416.0
177532	177622	90	922.0	444.0
177652	177902	250	811.0	466.0
177932	178162	230	890.0	571.0
178532	178711	180	779.0	359.0
178811	179101	290	863.0	413.0
179231	179511	280	909.0	421.0
179691	182159	2469	916.0	359.0
182169	182239	70	962.0	354.0
183749	183858	110	918.0	310.0
184028	186537	2509	913.0	300.0
