start_time	end_time	Block	Grid	IFU	Single Shape
0.305	0.485	1600.0	1600.0	206.0	1600.0
0.505	0.655	162.4	1600.0	0.0	1600.0
1.364	1.434	970.0	65.3	366.2	1600.0
1.454	1.524	960.9	21.5	326.7	1600.0
1.774	1.854	1600.0	0.0	784.3	1600.0
1.874	1.974	1600.0	0.0	977.5	1600.0
2.174	2.244	1600.0	0.0	1168.8	1600.0
2.444	2.514	1600.0	0.0	843.7	1600.0
2.603	2.723	1600.0	0.0	906.6	1600.0
2.923	3.023	1600.0	574.5	0.0	1600.0
3.103	3.213	1600.0	458.1	0.0	1600.0
3.313	3.403	1600.0	488.5	0.0	1600.0
3.423	3.653	1600.0	556.7	0.0	1600.0
3.823	3.933	1600.0	469.7	0.0	1600.0
3.953	4.083	1600.0	92.4	481.4	1600.0
4.402	4.522	1600.0	82.4	1600.0	1600.0
4.542	4.822	1600.0	154.0	1600.0	26.3
4.832	4.932	1600.0	127.1	1600.0	14.6
4.952	5.222	1600.0	2.0	1600.0	19.2
5.512	5.722	1600.0	264.4	230.9	1600.0
5.921	6.081	1600.0	85.8	1600.0	1600.0
6.121	6.581	1600.0	54.8	1600.0	1.0
6.601	6.751	1600.0	15.0	602.7	229.3
6.771	6.851	1022.6	153.0	288.0	328.7
7.311	7.471	0.0	1600.0	776.4	501.3
7.481	7.551	0.0	1600.0	775.4	441.9
7.65	7.86	0.0	1600.0	708.4	278.1
7.88	7.96	0.0	1600.0	647.1	193.8
8.14	8.24	0.0	1600.0	642.9	179.0
8.34	8.45	0.0	1600.0	597.9	121.0
8.47	8.68	62.0	1600.0	476.5	35.2
8.72	8.87	99.2	1600.0	380.6	0.0
8.89	9.18	64.5	1600.0	400.3	0.0
9.21	9.499	23.0	1600.0	425.6	1600.0
9.539	9.609	103.4	982.4	374.0	1600.0
9.679	9.749	741.3	312.5	17.7	1600.0
9.819	9.969	794.0	303.2	11.4	1600.0
9.989	10.069	894.5	272.2	49.8	1600.0
10.269	10.359	1600.0	84.1	310.4	1600.0
10.639	10.749	1600.0	72.7	1080.0	1600.0
10.809	11.048	1600.0	73.9	1019.4	1600.0
11.068	11.228	1600.0	85.2	935.4	25.6
11.338	11.448	1600.0	0.0	785.8	1600.0
11.488	11.708	1600.0	0.0	803.1	328.4
11.758	11.998	1600.0	130.9	1041.7	0.0
12.088	12.378	1600.0	165.0	602.4	276.0
12.907	12.997	0.0	1600.0	832.1	527.6
13.077	13.207	99.2	1600.0	948.0	524.4
13.287	13.597	3.2	1600.0	709.5	309.6
13.627	13.777	0.0	1600.0	463.7	193.6
13.787	13.927	0.0	1600.0	420.1	168.4
14.037	14.177	1.0	1600.0	377.0	36.7
14.336	14.576	279.6	773.3	124.8	1600.0
14.676	15.026	709.1	371.0	0.0	1600.0
15.066	15.306	762.0	557.3	33.4	1600.0
15.376	15.486	204.6	1066.8	328.7	1600.0
15.546	16.075	644.7	674.9	0.0	1600.0
16.095	16.335	678.7	651.0	36.0	1600.0
16.365	16.755	578.7	613.8	0.0	1600.0
16.785	17.315	815.0	333.9	8.0	1600.0
17.465	17.535	1600.0	0.0	944.9	1600.0
17.585	17.684	1600.0	0.0	931.3	1600.0
17.714	17.994	1600.0	38.9	1070.0	1600.0
18.014	18.224	1600.0	130.0	1266.5	1600.0
18.234	18.344	1600.0	74.7	1144.5	1600.0
18.394	19.284	1600.0	0.0	885.5	1600.0
19.314	19.423	1600.0	13.3	458.0	1600.0
19.513	19.603	1600.0	620.4	0.0	1600.0
19.633	20.013	1600.0	375.0	83.1	1600.0
20.183	21.252	1600.0	19.7	1135.0	40.0
21.502	21.702	17.0	1600.0	816.0	496.8
21.722	22.152	0.0	1600.0	657.9	309.7
22.172	22.342	0.0	1600.0	552.0	335.8
22.392	22.662	0.0	1600.0	549.4	113.0
22.692	23.321	0.0	1600.0	658.8	208.8
23.341	23.791	0.0	1600.0	548.4	60.0
23.811	24.071	56.8	1600.0	430.3	0.0
24.081	24.4	136.0	931.3	329.2	1600.0
24.52	24.8	731.3	233.0	56.6	1600.0
24.82	25.44	748.0	303.9	3.0	1600.0
25.55	25.65	1600.0	15.0	860.7	1600.0
25.7	26.09	1600.0	45.0	597.5	1600.0
26.239	26.829	728.0	555.4	0.0	1600.0
26.999	27.119	1600.0	115.4	1041.7	136.8
27.129	27.579	1600.0	118.1	878.0	1.0
27.729	27.848	545.5	742.5	25.0	1135.9
27.868	28.258	1600.0	528.0	0.0	879.8
28.338	28.658	1600.0	46.5	783.0	45.3
28.678	28.968	1088.0	149.7	313.8	257.4
28.988	29.288	399.9	1600.0	87.0	146.1
29.368	29.777	41.1	1600.0	854.8	375.1
29.817	30.287	3.0	1600.0	581.2	303.8
30.327	30.697	0.0	1600.0	571.5	151.9
30.717	31.176	47.2	1600.0	552.3	1600.0
31.186	31.696	79.9	1600.0	518.9	1600.0
31.876	31.976	706.8	263.0	35.8	1600.0
31.996	32.286	715.0	335.0	0.0	1600.0
32.306	32.566	941.7	250.1	94.0	1600.0
32.596	33.115	836.2	524.0	0.0	1600.0
33.125	33.905	1600.0	514.5	0.0	1600.0
33.925	34.195	1600.0	402.4	26.4	1600.0
34.265	34.854	1600.0	0.0	703.2	1600.0
34.914	35.054	1600.0	24.8	1600.0	1600.0
35.094	35.214	1600.0	0.0	1600.0	1600.0
35.264	35.404	1600.0	0.0	740.1	1600.0
35.444	35.534	1600.0	0.0	563.3	161.4
35.554	35.684	1600.0	0.0	625.8	147.6
35.734	35.904	1600.0	100.4	460.2	13.0
36.094	36.164	1600.0	71.1	898.5	331.3
36.373	36.523	1600.0	27.3	591.2	0.0
36.623	36.693	1600.0	7.2	799.5	235.5
36.733	36.873	1600.0	1.0	588.3	0.0
36.893	36.963	1600.0	0.0	658.0	1600.0
37.153	37.283	1600.0	92.6	914.3	3.0
37.343	37.453	1600.0	35.0	808.4	0.0
37.523	37.633	1600.0	0.0	514.2	20.0
37.773	37.872	456.2	1600.0	0.0	283.8
38.342	38.452	0.0	1600.0	749.2	279.6
38.472	38.602	0.0	1600.0	726.2	323.2
38.642	38.882	0.0	1600.0	660.4	359.9
38.962	39.152	4.0	1600.0	668.2	211.1
39.172	39.282	0.0	1600.0	581.2	98.7
39.302	39.422	0.0	1600.0	546.7	32.4
39.512	39.791	0.0	1600.0	574.3	70.0
39.851	40.041	0.0	1600.0	527.7	13.0
40.271	40.451	0.0	1600.0	608.2	168.9
40.471	40.651	4.0	1600.0	667.9	181.5
40.681	40.771	29.4	1600.0	771.1	331.8
40.791	40.921	0.0	1600.0	737.1	293.0
40.941	41.051	0.0	1600.0	673.7	221.6
41.141	41.22	0.0	1600.0	580.5	101.2
41.24	41.33	5.4	1600.0	590.2	131.9
41.47	41.57	82.3	1600.0	463.2	6.0
41.64	41.8	100.1	1600.0	490.8	1600.0
41.92	42.05	67.5	908.1	347.0	1600.0
42.24	42.35	637.7	292.6	0.0	1600.0
42.37	42.5	653.9	335.9	0.0	1600.0
42.56	42.75	703.0	384.8	0.0	1600.0
42.81	43.009	869.9	350.0	17.0	1600.0
43.069	43.329	1600.0	221.2	218.5	1600.0
44.069	44.299	1600.0	0.0	963.5	1600.0
44.339	44.539	1600.0	0.0	837.4	1600.0
44.569	44.848	1600.0	0.0	851.9	1600.0
45.108	45.398	1600.0	743.5	0.0	1600.0
45.418	45.648	1600.0	309.1	216.2	1600.0
46.118	46.228	1600.0	0.0	1600.0	1600.0
46.257	46.707	1600.0	0.0	1600.0	1600.0
46.737	46.937	1600.0	0.0	685.1	1600.0
47.327	47.457	500.4	781.2	0.0	1600.0
47.537	47.797	529.8	741.2	0.0	1600.0
47.817	47.946	131.0	1600.0	347.4	382.8
48.096	48.176	0.0	1600.0	825.9	452.2
48.186	48.576	0.0	1600.0	765.1	258.9
48.596	48.876	0.0	1600.0	672.1	108.5
48.896	49.056	0.0	1600.0	706.6	209.2
49.156	49.446	0.0	1600.0	595.2	377.6
49.466	49.655	0.0	1600.0	617.2	313.1
49.685	49.765	0.0	1600.0	461.6	118.7
49.785	49.885	0.0	1600.0	509.0	115.2
49.915	50.205	0.0	1600.0	519.6	90.4
50.225	50.315	0.0	1600.0	642.4	190.1
50.375	50.445	0.0	1600.0	608.0	134.1
50.505	50.585	0.0	1600.0	639.9	157.0
50.625	50.735	0.0	1600.0	490.7	138.0
50.755	50.985	0.0	1600.0	522.9	133.0
51.075	51.474	55.8	1600.0	497.7	0.0
51.504	51.654	0.0	1600.0	511.5	9.2
51.734	51.804	66.9	969.0	359.2	1600.0
51.914	52.054	844.7	220.5	104.6	1600.0
52.154	52.284	723.5	414.5	0.0	1600.0
52.424	52.594	954.6	351.9	94.3	1600.0
52.614	52.784	821.3	537.8	55.5	1600.0
52.834	53.063	773.4	739.0	0.0	1600.0
53.083	53.493	802.1	705.6	0.0	1600.0
53.503	53.623	842.8	582.8	0.0	1600.0
53.643	54.013	1600.0	268.3	179.2	1600.0
54.233	54.383	1600.0	0.0	1107.4	1600.0
54.403	54.652	1600.0	22.0	1037.4	1600.0
54.672	54.782	1600.0	0.0	937.1	1600.0
54.802	54.882	1600.0	0.0	937.3	1600.0
55.002	55.182	1600.0	69.7	1023.4	1600.0
55.212	55.372	1600.0	0.0	909.3	1600.0
55.422	55.512	1600.0	1.0	913.2	1600.0
55.572	55.822	1600.0	0.0	853.9	1600.0
55.842	56.082	1600.0	296.1	592.1	117.9
56.102	56.192	920.8	354.2	144.8	314.1
56.252	56.341	530.8	1600.0	0.0	277.6
56.801	57.091	76.2	1600.0	627.7	221.4
57.111	57.261	60.2	1600.0	413.8	36.7
57.291	57.451	226.3	1600.0	378.4	9.0
57.491	57.671	168.6	1600.0	474.5	0.0
57.821	57.901	0.0	1600.0	668.5	100.0
58.11	58.21	0.0	1600.0	720.5	133.4
58.25	58.6	0.0	1600.0	575.9	74.4
58.62	58.7	0.0	1600.0	609.2	108.2
58.72	58.82	0.0	1600.0	625.9	38.3
58.91	59.27	90.0	1600.0	534.5	31.0
59.36	59.45	0.0	1600.0	587.0	79.5
59.49	59.6	0.0	1600.0	651.6	100.7
59.62	59.749	0.0	1600.0	684.8	121.2
59.769	59.959	0.0	1600.0	698.9	149.0
60.069	60.319	43.1	1600.0	612.6	0.0
60.339	60.619	16.6	1600.0	634.6	0.0
60.639	60.789	41.3	1600.0	631.1	0.0
60.889	61.049	44.7	1600.0	564.3	0.0
61.089	61.269	79.6	1600.0	552.5	0.0
61.309	61.418	63.3	1600.0	586.1	0.0
61.438	61.568	56.4	1600.0	594.0	0.0
61.588	61.818	64.4	1600.0	582.4	0.0
61.838	61.948	127.8	1600.0	461.2	1600.0
61.988	62.098	300.1	965.1	267.9	1600.0
62.428	62.528	954.9	379.8	10.8	1600.0
62.568	62.658	1013.7	353.3	58.0	1600.0
62.718	62.948	1600.0	409.7	34.5	1600.0
62.968	63.087	876.3	552.8	0.0	1600.0
63.107	63.337	1600.0	372.9	121.5	1600.0
63.377	63.457	1600.0	63.2	505.5	1600.0
63.657	63.767	1600.0	131.0	1323.0	1600.0
63.937	64.087	1600.0	39.3	1192.8	1600.0
64.137	64.257	1600.0	50.6	1251.8	54.6
64.277	64.347	1600.0	80.1	1290.6	12.0
64.387	64.637	1600.0	82.3	989.7	0.0
64.657	64.836	768.2	1600.0	72.0	530.9
65.116	65.206	31.6	1600.0	955.2	643.5
65.386	65.516	0.0	1600.0	846.0	517.8
65.636	65.736	61.4	1600.0	631.9	291.9
65.806	65.906	238.3	1600.0	310.8	89.9
65.926	66.086	87.0	1600.0	431.8	177.2
66.106	66.286	0.0	1600.0	570.6	217.2
66.326	66.555	0.0	1600.0	673.0	211.3
66.605	66.785	0.0	1600.0	694.1	128.4
66.885	67.005	0.0	1600.0	536.8	85.6
67.175	67.295	0.0	1600.0	555.0	92.5
67.375	67.545	0.0	1600.0	582.5	205.3
67.605	67.715	0.0	1600.0	570.4	124.9
67.735	67.855	0.0	1600.0	600.0	127.7
67.875	68.324	0.0	1600.0	648.6	149.1
68.484	68.554	0.0	1600.0	660.6	316.9
68.624	68.834	0.0	1600.0	594.4	193.2
68.874	69.004	0.0	1600.0	587.2	151.2
69.014	69.134	0.0	1600.0	632.5	175.0
69.174	69.284	0.0	1600.0	720.1	343.7
69.324	69.474	59.6	1600.0	927.4	570.2
69.484	69.554	33.1	1600.0	887.1	508.1
69.704	69.813	0.0	1600.0	639.5	160.2
69.923	70.103	17.0	1600.0	469.7	0.0
70.143	70.273	14.4	1600.0	480.9	1600.0
70.313	70.823	43.3	1600.0	434.9	1600.0
71.053	71.213	372.3	1600.0	148.5	1600.0
71.323	71.403	0.0	1600.0	608.9	1600.0
71.732	71.842	940.2	295.2	60.8	1600.0
71.852	71.932	871.9	426.6	0.0	1600.0
72.102	72.212	944.8	437.4	39.1	1600.0
72.392	72.502	854.7	580.9	0.0	1600.0
72.522	72.782	807.3	611.4	0.0	1600.0
72.922	73.012	714.1	720.2	13.0	1600.0
73.052	73.121	734.3	693.6	0.0	1600.0
73.141	73.451	1600.0	501.9	6.0	1600.0
73.471	73.561	1600.0	45.5	487.0	1600.0
73.781	73.871	1600.0	0.0	984.8	1600.0
73.921	74.001	1600.0	0.0	863.3	1600.0
74.041	74.151	1600.0	65.1	872.2	1600.0
74.171	74.301	1600.0	77.3	859.3	1600.0
74.341	74.591	1600.0	0.0	826.9	13.5
74.611	74.711	1600.0	0.0	850.5	40.0
74.77	74.95	1600.0	40.6	957.6	33.6
74.97	75.11	1600.0	0.0	1121.2	1600.0
75.19	75.26	1600.0	43.1	1600.0	1600.0
75.31	75.39	1600.0	181.6	1600.0	1600.0
75.52	75.8	1600.0	89.9	1600.0	3.6
75.84	75.95	1600.0	104.0	1600.0	41.9
76.12	76.27	1600.0	147.8	312.5	350.1
76.709	76.839	213.0	1600.0	293.5	180.0
76.959	77.069	0.0	1600.0	580.0	246.0
77.119	77.239	42.0	1600.0	444.3	119.5
77.369	77.529	144.1	1600.0	452.6	18.0
77.659	77.769	0.0	1600.0	546.1	48.3
77.809	77.899	0.0	1600.0	576.9	76.0
78.089	78.298	0.0	1600.0	695.0	202.1
78.338	78.488	0.0	1600.0	728.1	221.7
78.638	78.728	0.0	1600.0	601.2	194.5
78.888	79.008	0.0	1600.0	565.8	147.0
79.038	79.248	0.0	1600.0	560.5	104.8
79.328	79.438	0.0	1600.0	500.0	119.9
79.458	79.748	0.0	1600.0	569.7	120.9
79.768	79.897	0.0	1600.0	585.5	174.0
79.967	80.077	0.0	1600.0	733.7	369.4
80.087	80.287	0.0	1600.0	673.0	274.1
80.407	80.517	31.4	1600.0	478.1	35.0
80.537	80.637	0.0	1600.0	541.4	1600.0
80.937	81.057	0.0	1600.0	562.3	1600.0
81.077	81.167	0.0	1600.0	545.2	1600.0
81.227	81.467	4.2	1600.0	500.0	1600.0
81.487	81.666	47.4	1600.0	468.4	1600.0
81.806	81.906	90.0	1600.0	446.3	1600.0
81.926	82.036	49.0	1240.1	472.9	1600.0
82.086	82.166	151.8	1066.6	385.4	1600.0
82.496	82.666	0.0	1600.0	618.0	1600.0
82.736	82.886	177.0	1113.4	323.5	1600.0
83.136	83.405	676.4	539.6	0.0	1600.0
83.575	83.665	681.6	556.0	0.0	1600.0
83.705	83.815	688.1	571.9	0.0	1600.0
83.915	84.105	1600.0	284.3	203.9	1600.0
84.125	84.205	1600.0	0.0	554.5	1600.0
84.495	84.635	1600.0	102.0	1331.3	1600.0
84.675	84.755	1600.0	135.1	1600.0	1600.0
84.974	85.064	1600.0	73.7	1600.0	15.8
85.084	85.194	1600.0	127.0	1600.0	12.4
85.234	85.454	1600.0	157.1	1600.0	0.0
85.524	85.704	902.8	389.1	164.4	1600.0
86.094	86.174	0.0	1600.0	839.2	513.4
86.204	86.274	79.4	1600.0	949.4	617.7
86.374	86.533	6.7	1600.0	862.0	469.7
86.643	86.903	87.0	1600.0	568.4	210.4
86.983	87.053	0.0	1600.0	580.5	122.0
87.093	87.183	0.0	1600.0	546.6	49.2
87.203	87.303	0.0	1600.0	582.4	15.5
87.343	87.453	13.3	1600.0	577.9	0.0
87.593	87.733	59.2	1600.0	511.6	1.0
87.803	87.873	107.5	1600.0	405.0	1600.0
87.893	88.003	4.0	1600.0	411.2	1600.0
88.043	88.153	19.4	1600.0	456.2	1600.0
88.173	88.662	0.0	1600.0	481.9	1600.0
88.722	88.832	0.0	1600.0	456.2	1600.0
88.892	89.102	60.7	1600.0	378.9	1600.0
89.692	89.832	789.2	1600.0	1600.0	1600.0
89.941	90.061	660.9	1600.0	1600.0	1600.0
90.121	90.371	713.4	1600.0	1600.0	1600.0
90.391	90.631	616.7	1600.0	1600.0	1600.0
90.651	90.741	598.8	1600.0	1600.0	1600.0
90.801	91.031	619.7	1600.0	1600.0	1600.0
91.071	91.311	704.9	1600.0	1600.0	1600.0
91.371	92.03	666.6	1600.0	1600.0	1600.0
92.07	92.17	677.3	1600.0	575.1	1600.0
92.19	92.43	687.7	1600.0	587.8	1600.0
92.47	92.62	690.6	1600.0	592.7	1600.0
92.64	92.74	683.6	1600.0	583.6	1600.0
92.76	93.17	678.2	1600.0	584.4	1600.0
93.309	93.419	44.0	1600.0	346.0	1600.0
93.509	93.769	676.9	1600.0	594.1	1600.0
93.789	94.998	701.8	1600.0	618.2	1600.0
