event_type	start_time	end_time	duration	saccade_amplitude
Fixation	0	195	195	
Fixation	295	1174	880	
Saccade	1174	1234	60	
Saccade	1244	1274	30	
Saccade	1604	1624	20	
Saccade	1634	1644	10	
Saccade	1674	1704	30	
Saccade	1734	1744	10	
Fixation	1744	1824	80	
Saccade	1824	1864	40	8.42
Fixation	1864	1984	120	
Saccade	1984	2044	60	
Saccade	2064	2134	70	
Saccade	2144	2174	30	
Saccade	2214	2234	20	
Saccade	2254	2274	20	
Fixation	2274	2394	120	
Saccade	2394	2404	10	
Saccade	2434	2454	20	
Fixation	2454	2763	310	
Saccade	2763	2853	90	8.16
Fixation	2853	2993	140	
Saccade	2993	3043	50	5.25
Fixation	3043	3193	150	
Saccade	3193	3233	40	
Saccade	3273	3333	60	
Fixation	3333	3403	70	
Saccade	3403	3423	20	1.85
Fixation	3423	3493	70	
Saccade	3493	3513	20	4.59
Fixation	3513	3603	90	
Fixation	3623	3773	150	
Saccade	3773	3813	40	5.05
Fixation	3813	3963	150	
Saccade	3963	3983	20	
Saccade	4003	4023	20	
Fixation	4023	4123	100	
Saccade	4123	4143	20	
Saccade	4163	4173	10	
Saccade	4213	4223	10	
Fixation	4223	4312	90	
Saccade	4312	4342	30	6.05
Fixation	4342	4462	120	
Saccade	4462	4492	30	
Saccade	4502	4532	30	
Saccade	4562	4582	20	
Fixation	4582	4692	110	
Saccade	4692	4742	50	6.95
Fixation	4742	5062	320	
Saccade	5062	5122	60	
Saccade	5162	5182	20	
Saccade	5202	5222	20	
Fixation	5222	5302	80	
Saccade	5302	5322	20	5.98
Fixation	5322	5502	180	
Saccade	5502	5562	60	
Saccade	5582	5602	20	
Saccade	5652	5682	30	
Fixation	5682	5962	280	
Saccade	5962	5981	20	
Saccade	5991	6051	60	
Fixation	6051	6281	230	
Saccade	6281	6311	30	
Saccade	6341	6371	30	
Fixation	6371	6541	170	
Saccade	6541	6561	20	4.49
Fixation	6561	6761	200	
Saccade	6761	6801	40	7.7
Fixation	6801	7081	280	
Saccade	7231	7261	30	
Fixation	7261	7571	310	
Saccade	7571	7641	70	3.52
Fixation	7641	7800	160	
Saccade	7800	7820	20	5.14
Fixation	7820	7960	140	
Saccade	7960	8050	90	
Saccade	8080	8100	20	
Saccade	8230	8260	30	
Fixation	8260	8590	330	
Saccade	8590	8600	10	2.87
Fixation	8600	8740	140	
Saccade	8740	8750	10	2.79
Fixation	8750	8820	70	
Saccade	8820	8840	20	
Saccade	8860	8880	20	
Fixation	8880	9000	120	
Saccade	9000	9020	20	
Saccade	9050	9100	50	
Fixation	9100	12867	3768	
Saccade	12867	12937	70	
Fixation	12947	13157	210	
Saccade	13157	13187	30	7.12
Fixation	13187	13277	90	
Saccade	13277	13327	50	
Saccade	13337	13347	10	
Fixation	13347	13427	80	
Saccade	13427	13447	20	7.35
Fixation	13447	13517	70	
Saccade	13517	13557	40	
Saccade	13607	13627	20	
Saccade	13667	13717	50	
Saccade	13747	13827	80	
Fixation	13827	13977	150	
Saccade	13977	13987	10	
Saccade	14037	14067	30	
Saccade	14077	14127	50	
Fixation	14127	14257	130	
Saccade	14257	14267	10	1.25
Fixation	14267	14487	220	
Saccade	14487	14517	30	
Saccade	14527	14636	110	
Saccade	14676	14716	40	
Saccade	14726	14736	10	
Fixation	14736	14896	160	
Saccade	14896	14936	40	13.12
Fixation	14936	15116	180	
Saccade	15116	15166	50	16.59
Fixation	15166	15286	120	
Saccade	15286	15336	50	14.43
Fixation	15336	15536	200	
Saccade	15536	15576	40	12.02
Fixation	15576	16056	480	
Saccade	16056	16096	40	14.45
Fixation	16096	16285	190	
Fixation	16296	16525	230	
Saccade	16525	16575	50	14.28
Fixation	16575	17715	1139	
Saccade	17715	17755	40	
Saccade	17805	17825	20	
Fixation	17825	17965	140	
Saccade	17965	18004	40	1.51
Fixation	18004	18154	150	
Saccade	18154	18204	50	19.44
Fixation	18204	18434	230	
Saccade	18434	18454	20	5.35
Fixation	18454	18634	180	
Saccade	18634	18654	20	5.22
Fixation	18654	18854	200	
Saccade	18854	18864	10	4.25
Fixation	18864	19044	180	
Saccade	19044	19074	30	
Saccade	19094	19134	40	
Fixation	19134	19284	150	
Saccade	19284	19314	30	8.7
Fixation	19314	19544	230	
Saccade	19544	19574	30	7.94
Fixation	19574	19883	310	
Saccade	19883	19933	50	19.7
Fixation	19933	20273	340	
Saccade	20273	20323	50	
Saccade	20333	20353	20	
Fixation	20353	20703	350	
Saccade	20703	20773	70	
Saccade	20833	20873	40	
Saccade	20883	20953	70	
Saccade	20973	20983	10	
Saccade	21043	21053	10	
Fixation	21053	21153	100	
Saccade	21153	21163	10	5.48
Fixation	21163	21682	520	
Saccade	21682	21712	30	14.58
Fixation	21712	21782	70	
Saccade	21782	21822	40	2.84
Fixation	21822	22052	230	
Saccade	22052	22082	30	4.82
Fixation	22082	22222	140	
Saccade	22222	22252	30	
Fixation	22292	23241	949	
Saccade	23241	23271	30	14.87
Fixation	23271	23371	100	
Saccade	23371	23411	40	0.7
Fixation	23411	23491	80	
Saccade	23491	23511	20	
Saccade	23541	23551	10	
Fixation	23551	24960	1409	
Saccade	24960	25000	40	1.94
Fixation	25000	25520	520	
Saccade	25520	25530	10	
Saccade	25560	25580	20	
Saccade	25590	25620	30	
Fixation	25620	26320	700	
Saccade	26320	26330	10	
Saccade	26350	26360	10	
Fixation	26360	27289	929	
Saccade	27289	27319	30	5.18
Fixation	27319	27639	320	
Saccade	27639	27659	20	7.38
Fixation	27659	27979	320	
Saccade	27979	28009	30	
Fixation	28029	28159	130	
Saccade	28159	28209	50	
Saccade	28229	28308	80	
Fixation	28308	28588	280	
Saccade	28588	28638	50	4.13
Fixation	28638	29298	660	
Saccade	29298	29328	30	12.85
Fixation	29328	29997	670	
Saccade	29997	30047	50	
Saccade	30087	30117	30	
Saccade	30127	30137	10	
Fixation	30137	30607	470	
Saccade	30607	30717	110	8.93
Fixation	30717	30897	180	
Saccade	30897	30927	30	7.27
Fixation	30927	31187	260	
Saccade	31187	31227	40	
Fixation	31307	31946	640	
Saccade	31946	31966	20	
Saccade	32126	32196	70	
Saccade	32256	32306	50	
Fixation	32306	32456	150	
Saccade	32456	32566	110	
Saccade	32596	32626	30	
Saccade	32646	32666	20	
Saccade	32676	32696	20	
Fixation	32696	32866	170	
Saccade	32866	32956	90	
Saccade	32986	33016	30	
Fixation	33016	33126	110	
Saccade	33126	33136	10	1.94
Fixation	33136	33286	150	
Saccade	33286	33316	30	10.09
Fixation	33316	33645	330	
Saccade	33645	33665	20	
Saccade	33705	33725	20	
Saccade	33765	33785	20	
Fixation	33785	34025	240	
Saccade	34025	34045	20	4.86
Fixation	34045	34125	80	
Saccade	34125	34135	10	
Saccade	34155	34165	10	
Saccade	34185	34235	50	
Fixation	34235	35384	1149	
Saccade	35384	35424	40	
Saccade	35444	35454	10	
Fixation	35454	36454	999	
Saccade	36454	36474	20	
Saccade	36484	36524	40	
Fixation	36524	36604	80	
Saccade	36604	36674	70	2.69
Fixation	36674	36764	90	
Saccade	36764	36844	80	
Saccade	37053	37093	40	
Saccade	37143	37153	10	
Fixation	37153	37303	150	
Fixation	37323	37393	70	
Saccade	37393	37423	30	7.61
Fixation	37423	37603	180	
Saccade	37603	37633	30	4.17
Fixation	37633	38103	470	
Saccade	38103	38153	50	16.71
Fixation	38153	38283	130	
Saccade	38283	38303	20	4.64
Fixation	38303	38732	430	
Saccade	38732	38772	40	13.95
Fixation	38772	38882	110	
Saccade	38882	38992	110	
Saccade	39022	39042	20	
Saccade	39052	39072	20	
Saccade	39112	39152	40	
Saccade	39192	39202	10	
Saccade	39212	39252	40	
Saccade	39272	39292	20	
Saccade	39352	39372	20	
Saccade	39422	39442	20	
Saccade	39452	39472	20	
Fixation	39522	39612	90	
Saccade	39612	39632	20	0.93
Fixation	39632	39822	190	
Saccade	39822	39842	20	
Saccade	39862	39882	20	
Saccade	39902	39922	20	
Saccade	39962	40062	100	
Saccade	40102	40112	10	
Saccade	40162	40232	70	
Saccade	40242	40252	10	
Fixation	40252	40621	370	
Saccade	40621	40661	40	
Saccade	40671	40691	20	
Saccade	40721	40741	20	
Saccade	40771	40821	50	
Fixation	40821	40981	160	
Saccade	41101	41161	60	
Saccade	41171	41191	20	
Fixation	41191	41581	390	
Saccade	41581	41641	60	
Fixation	41691	41861	170	
Saccade	41861	41871	10	1.06
Fixation	41871	42040	170	
Saccade	42040	42100	60	
Saccade	42120	42140	20	
Fixation	42140	42220	80	
Saccade	42220	42270	50	3.6
Fixation	42270	42400	130	
Saccade	42400	42480	80	27.76
Fixation	42480	42580	100	
Saccade	42580	42600	20	6.33
Fixation	42600	42670	70	
Saccade	42670	42690	20	
Saccade	42740	42760	20	
Fixation	42760	42880	120	
Saccade	42880	42900	20	2.95
Fixation	42900	43200	300	
Saccade	43200	43280	80	24.57
Fixation	43280	43540	260	
Saccade	43540	43580	40	
Saccade	43610	43630	20	
Fixation	43630	43749	120	
Saccade	43749	43769	20	2.25
Fixation	43769	43839	70	
Saccade	43839	43849	10	
Saccade	43859	43879	20	
Saccade	43929	44049	120	
Saccade	44059	44079	20	
Saccade	44089	44109	20	
Fixation	44109	44279	170	
Saccade	44279	44329	50	
Saccade	44359	44369	10	
Fixation	44369	45518	1149	
Saccade	45518	45528	10	8.29
Fixation	45528	46218	690	
Saccade	46218	46238	20	3.5
Fixation	46238	46488	250	
Saccade	46488	46568	80	
Saccade	46598	46628	30	
Saccade	46658	46698	40	
Saccade	46708	46728	20	
Saccade	46738	46758	20	
Fixation	46758	47028	270	
Saccade	47028	47068	40	
Saccade	47078	47098	20	
Saccade	47118	47127	10	
Fixation	47127	47247	120	
Saccade	47247	47277	30	3.35
Fixation	47277	47407	130	
Saccade	47407	47437	30	5.83
Fixation	47437	47587	150	
Saccade	47587	47617	30	4.49
Fixation	47617	47787	170	
Saccade	47787	47817	30	2.77
Fixation	47817	47957	140	
Saccade	47957	47987	30	
Saccade	48017	48057	40	
Saccade	48097	48117	20	
Saccade	48147	48177	30	
Saccade	48187	48207	20	
Saccade	48227	48247	20	
Fixation	48247	48367	120	
Saccade	48367	48427	60	
Fixation	48497	48647	150	
Saccade	48647	48687	40	9.32
Fixation	48687	48976	290	
Saccade	48976	49006	30	8.0
Fixation	49006	49166	160	
Saccade	49166	49206	40	
Saccade	49266	49306	40	
Fixation	49306	49876	570	
Saccade	49876	49966	90	
Saccade	49986	50026	40	
Saccade	50056	50076	20	
Fixation	50076	50156	80	
Saccade	50156	50176	20	14.51
Fixation	50176	53834	3658	
Saccade	53834	53844	10	1.65
Fixation	53844	54993	1149	
Saccade	54993	55023	30	
Saccade	55063	55103	40	
Saccade	55113	55133	20	
Saccade	55153	55223	70	
Saccade	55233	55253	20	
Saccade	55293	55313	20	
Fixation	55313	55383	70	
Saccade	55383	55403	20	5.8
Fixation	55403	55523	120	
Saccade	55523	55533	10	5.43
Fixation	55533	55792	260	
Saccade	55792	55822	30	8.36
Fixation	55822	55922	100	
Saccade	55922	55932	10	1.45
Fixation	55932	56042	110	
Saccade	56042	56082	40	8.61
Fixation	56082	56272	190	
Saccade	56272	56302	30	8.27
Fixation	56302	56542	240	
Saccade	56542	56572	30	7.17
Fixation	56572	56742	170	
Saccade	56742	56752	10	4.05
Fixation	56752	56912	160	
Saccade	56912	56962	50	
Saccade	57022	57052	30	
Fixation	57052	57152	100	
Saccade	57152	57192	40	
Saccade	57232	57262	30	
Saccade	57272	57282	10	
Fixation	57282	57352	70	
Saccade	57352	57372	20	
Saccade	57412	57431	20	
Saccade	57521	57571	50	
Saccade	57581	57601	20	
Fixation	57601	57741	140	
Saccade	57741	57801	60	4.69
Fixation	57801	57951	150	
Saccade	57951	58021	70	
Fixation	58061	58151	90	
Saccade	58151	58191	40	10.51
Fixation	58191	58391	200	
Saccade	58391	58421	30	4.16
Fixation	58421	58561	140	
Saccade	58561	58591	30	4.81
Fixation	58591	59180	590	
Saccade	59180	59200	20	8.87
Fixation	59200	59400	200	
Saccade	59400	59420	20	3.57
Fixation	59420	59620	200	
Saccade	59620	59650	30	9.87
Fixation	59650	59740	90	
Saccade	59740	59780	40	
Fixation	59860	60340	480	
Saccade	60340	60380	40	
Saccade	60390	60440	50	
Fixation	60440	60510	70	
Saccade	60510	60520	10	5.48
Fixation	60520	60859	340	
Saccade	60859	60909	50	5.69
Fixation	60909	61179	270	
Saccade	61179	61189	10	
Saccade	61219	61259	40	
Saccade	61359	61389	30	
Fixation	61389	61879	490	
Saccade	61879	61909	30	6.82
Fixation	61909	62049	140	
Saccade	62049	62059	10	2.13
Fixation	62059	62728	670	
Saccade	62728	62738	10	2.89
Fixation	62738	62948	210	
Saccade	63008	63028	20	
Fixation	63028	63238	210	
Fixation	63258	63748	490	
Saccade	63748	63768	20	
Saccade	63788	63828	40	
Fixation	63828	64068	240	
Saccade	64068	64098	30	
Saccade	64118	64138	20	
Fixation	64138	64387	250	
Saccade	64387	64407	20	
Saccade	64597	64607	10	
Fixation	64607	64717	110	
Saccade	64717	64727	10	6.78
Fixation	64727	65197	470	
Saccade	65197	65217	20	
Saccade	65367	65387	20	
Fixation	65387	65787	400	
Fixation	65847	66506	660	
Fixation	66526	66646	120	
Fixation	66766	66876	110	
Saccade	66876	66886	10	2.4
Fixation	66886	67626	740	
Fixation	67825	67975	150	
Saccade	67975	67995	20	
Saccade	68035	68055	20	
Saccade	68105	68165	60	
Saccade	68265	68305	40	
Saccade	68315	68345	30	
Saccade	68355	68375	20	
Saccade	68395	68435	40	
Saccade	68485	68515	30	
Saccade	68565	68595	30	
Saccade	68605	68625	20	
Saccade	68825	68865	40	
Saccade	68875	68895	20	
Saccade	68915	68935	20	
Fixation	68935	69075	140	
Saccade	69075	69085	10	
Saccade	69175	69195	20	
Fixation	69195	69265	70	
Saccade	69265	69285	20	
Saccade	69335	69355	20	
Saccade	69375	69434	60	
Saccade	69454	69494	40	
Saccade	69504	69564	60	
Saccade	69574	69634	60	
Saccade	69664	69724	60	
Saccade	70014	70074	60	
Saccade	70104	70134	30	
Saccade	70144	70184	40	
Saccade	70344	70374	30	
Saccade	70384	70414	30	
Saccade	70444	70474	30	
Saccade	70654	70684	30	
Saccade	70714	70764	50	
Saccade	70794	70804	10	
Fixation	70804	70874	70	
Saccade	70874	70894	20	
Saccade	70924	70944	20	
Saccade	70964	70984	20	
Fixation	70984	71103	120	
Saccade	71103	71123	20	
Saccade	71143	71163	20	
Fixation	71163	71233	70	
Saccade	71233	71243	10	
Saccade	71283	71343	60	
Saccade	71353	71363	10	
Fixation	71363	71483	120	
Saccade	71483	71523	40	
Saccade	71713	71733	20	
Fixation	71733	71873	140	
Saccade	71873	71893	20	
Saccade	71903	71913	10	
Fixation	71913	72073	160	
Saccade	72133	72153	20	
Saccade	72163	72233	70	
Saccade	72293	72363	70	
Saccade	72383	72473	90	
Saccade	72553	72583	30	
Saccade	72613	72623	10	
Fixation	72623	72992	370	
Saccade	72992	73022	30	5.83
Fixation	73022	73122	100	
Saccade	73122	73142	20	
Saccade	73272	73302	30	
Saccade	73322	73342	20	
Saccade	73402	73442	40	
Saccade	73502	73522	20	
Fixation	73522	73662	140	
Saccade	73762	73802	40	
Fixation	73802	74222	420	
Fixation	74422	74791	370	
Saccade	74861	74901	40	
Fixation	74901	75081	180	
Saccade	75081	75101	20	4.18
Fixation	75101	75261	160	
Saccade	75261	75301	40	1.74
Fixation	75301	75381	80	
Saccade	75381	75391	10	2.22
Fixation	75391	75641	250	
Saccade	75771	75781	10	
Saccade	75811	75821	10	
Saccade	75881	75901	20	
Saccade	75911	75931	20	
Saccade	75941	75961	20	
Fixation	75961	76141	180	
Fixation	76161	76560	400	
Fixation	76720	77560	840	
Saccade	77660	77680	20	
Fixation	77680	77959	280	
Fixation	78079	78399	320	
Saccade	78399	78409	10	2.86
Fixation	78409	78519	110	
Fixation	78659	79129	470	
Saccade	79129	79149	20	3.76
Fixation	79149	79619	470	
Fixation	79639	79858	220	
Fixation	79978	80448	470	
Saccade	80448	80568	120	
Saccade	80618	80658	40	
Saccade	80678	80718	40	
Fixation	80718	80798	80	
Saccade	80798	80808	10	4.55
Fixation	80808	80888	80	
Saccade	80888	80918	30	
Saccade	80928	80948	20	
Saccade	80958	80978	20	
Saccade	81108	81128	20	
Saccade	81148	81178	30	
Fixation	81178	81358	180	
Saccade	81358	81398	40	13.21
Fixation	81398	81467	70	
Saccade	81467	81567	100	
Saccade	81587	81657	70	
Saccade	81687	81727	40	
Fixation	81817	81977	160	
Fixation	81997	82097	100	
Fixation	82197	82617	420	
Fixation	82717	83027	310	
Fixation	83116	83296	180	
Fixation	83356	83626	270	
Saccade	83626	83656	30	8.57
Fixation	83656	83816	160	
Fixation	83956	84116	160	
Saccade	84116	84156	40	10.78
Fixation	84156	84456	300	
Fixation	84496	84716	220	
Saccade	84716	84756	40	9.73
Fixation	84756	84915	160	
Saccade	84915	84945	30	
Saccade	85175	85195	20	
Fixation	85195	85545	350	
Saccade	85545	85555	10	3.77
Fixation	85555	85845	290	
Saccade	85845	85855	10	2.84
Fixation	85855	86315	460	
Fixation	86375	86904	530	
Fixation	86944	87174	230	
Fixation	87214	87434	220	
Fixation	87574	87714	140	
Saccade	87714	87764	50	
Saccade	87874	88034	160	
Saccade	88064	88074	10	
Fixation	88074	88253	180	
Saccade	88303	88333	30	
Fixation	88333	88483	150	
Saccade	88483	88493	10	
Saccade	88593	88613	20	
Fixation	88613	88763	150	
Saccade	88763	88793	30	
Saccade	88823	88843	20	
Fixation	88843	88963	120	
Saccade	88963	88993	30	5.43
Fixation	88993	89063	70	
Saccade	89063	89113	50	
Fixation	89153	89303	150	
Saccade	89303	89333	30	
Saccade	89513	89553	40	
Saccade	89573	89593	20	
Saccade	89613	89643	30	
Saccade	89653	89673	20	
Saccade	89683	89743	60	
Fixation	89823	90072	250	
Fixation	90092	91292	1199	
Fixation	91312	91382	70	
Saccade	91442	91482	40	
Saccade	91502	91532	30	
Saccade	91552	91562	10	
Saccade	91572	91661	90	
Saccade	91671	91711	40	
Saccade	91751	91771	20	
Saccade	91791	91831	40	
Saccade	91841	91861	20	
Saccade	91871	91901	30	
Saccade	91911	91931	20	
Fixation	92161	92561	400	
Saccade	92561	92621	60	
Saccade	92691	92721	30	
Saccade	92741	92771	30	
Fixation	92771	93161	390	
Fixation	93360	93470	110	
Saccade	93470	93520	50	
Saccade	93560	93600	40	
Saccade	93610	93640	30	
Saccade	93680	93700	20	
Saccade	93710	93780	70	
Saccade	93790	93820	30	
Saccade	93870	93910	40	
Fixation	93930	94020	90	
Saccade	94020	94050	30	
Saccade	94060	94070	10	
Fixation	94070	94230	160	
Saccade	94230	94280	50	13.03
Fixation	94280	94520	240	
Saccade	94520	94570	50	
Saccade	94630	94650	20	
Saccade	94660	94680	20	
Fixation	94880	95269	390	
Saccade	95269	95299	30	
Saccade	95359	95399	40	
Fixation	95399	95719	320	
Saccade	95739	95769	30	
Fixation	95769	95839	70	
Fixation	96019	96109	90	
Saccade	96109	96139	30	7.31
Fixation	96139	96559	420	
Saccade	96709	96719	10	
Saccade	96778	96818	40	
Fixation	96818	96908	90	
Saccade	96908	96948	40	0.86
Fixation	96948	97108	160	
Saccade	97108	97168	60	10.15
Fixation	97168	97638	470	
Saccade	97638	97668	30	
Saccade	97828	97858	30	
Fixation	97858	98038	180	
Saccade	98038	98078	40	14.35
Fixation	98078	98258	180	
Saccade	98258	98298	40	
Saccade	98308	98318	10	
Saccade	98328	98348	20	
Saccade	98398	98418	20	
Saccade	98428	98457	30	
Saccade	98507	98537	30	
Saccade	98587	98617	30	
Saccade	98637	98657	20	
Saccade	98697	98737	40	
Saccade	98747	98767	20	
Fixation	98767	98847	80	
Saccade	98847	98887	40	11.32
Fixation	98887	99007	120	
Fixation	99167	99277	110	
Saccade	99277	99337	60	
Saccade	99357	99417	60	
Saccade	99477	99537	60	
Saccade	99547	99577	30	
Fixation	99577	99767	190	
Fixation	99807	99947	140	
Saccade	99947	99967	20	4.13
Fixation	99967	100176	210	
Saccade	100176	100206	30	5.66
Fixation	100206	100376	170	
Saccade	100376	100396	20	5.25
Fixation	100396	100486	90	
Fixation	100626	100896	270	
Saccade	100896	100936	40	9.69
Fixation	100936	101226	290	
Saccade	101226	101266	40	9.16
Fixation	101266	101456	190	
Saccade	101456	101476	20	5.03
Fixation	101476	101636	160	
Saccade	101636	101696	60	5.8
Fixation	101696	101836	140	
Saccade	101836	101856	20	4.21
Fixation	101856	102025	170	
Saccade	102045	102095	50	
Saccade	102285	102355	70	
Fixation	102355	102495	140	
Saccade	102495	102515	20	9.58
Fixation	102515	102785	270	
Fixation	102805	103035	230	
Fixation	103055	103235	180	
Fixation	103255	103555	300	
Fixation	103594	103884	290	
Saccade	103884	103894	10	3.28
Fixation	103894	104074	180	
Fixation	104234	104874	640	
Saccade	104874	104894	20	3.72
Fixation	104894	105154	260	
Saccade	105154	105244	90	
Saccade	105274	105284	10	
Fixation	105284	105373	90	
Saccade	105523	105533	10	
Saccade	105543	105553	10	
Saccade	105563	105593	30	
Saccade	105603	105623	20	
Fixation	105623	105723	100	
Saccade	105723	105743	20	
Saccade	105773	105793	20	
Fixation	105793	105933	140	
Saccade	105933	105953	20	
Fixation	105973	106073	100	
Saccade	106073	106143	70	24.94
Fixation	106143	106313	170	
Fixation	106413	106873	460	
Fixation	107052	107192	140	
Saccade	107192	107272	80	
Saccade	107312	107342	30	
Saccade	107392	107452	60	
Saccade	107472	107532	60	
Fixation	107532	107912	380	
Saccade	108152	108172	20	
Fixation	108172	108272	100	
Saccade	108272	108322	50	3.77
Fixation	108322	108522	200	
Saccade	108522	108542	20	
Saccade	108582	108622	40	
Fixation	108622	108731	110	
Saccade	108731	108791	60	1.48
Fixation	108791	108871	80	
Saccade	108871	108891	20	
Saccade	108911	108931	20	
Saccade	108941	108961	20	
Fixation	108961	109051	90	
Saccade	109051	109071	20	2.64
Fixation	109071	109231	160	
Fixation	109381	109501	120	
Saccade	109501	109541	40	
Saccade	109551	109571	20	
Saccade	109631	109651	20	
Fixation	109651	109801	150	
Saccade	109801	109831	30	
Saccade	109891	109911	20	
Fixation	109911	110211	300	
Saccade	110211	110271	60	
Saccade	110281	110341	60	
Fixation	110341	110600	260	
Saccade	110600	110620	20	
Saccade	110660	110700	40	
Saccade	110720	110750	30	
Fixation	110750	110870	120	
Saccade	110870	110910	40	
Saccade	110920	110940	20	
Fixation	110960	111080	120	
Saccade	111230	111240	10	
Fixation	111240	111330	90	
Saccade	111330	111360	30	5.22
Fixation	111360	111440	80	
Saccade	111440	111460	20	
Saccade	111490	111510	20	
Saccade	111520	111600	80	
Fixation	111600	112439	840	
Fixation	112619	113239	620	
Fixation	113359	113769	410	
Fixation	113829	114328	500	
Fixation	114488	115408	919	
Saccade	115408	115478	70	
Saccade	115488	115538	50	
Fixation	115538	115767	230	
Saccade	115767	115807	40	
Fixation	115987	116247	260	
Saccade	116247	116267	20	4.36
Fixation	116267	116417	150	
Saccade	116417	116447	30	
Saccade	116457	116477	20	
Fixation	116477	116627	150	
Saccade	116627	116637	10	4.25
Fixation	116637	116827	190	
Fixation	116957	117067	110	
Saccade	117067	117097	30	7.61
Fixation	117097	117286	190	
Saccade	117286	117306	20	4.56
Fixation	117306	117436	130	
Saccade	117436	117456	20	4.5
Fixation	117456	117596	140	
Saccade	117596	117626	30	4.14
Fixation	117626	117836	210	
Saccade	117836	117866	30	5.66
Fixation	117866	117996	130	
Saccade	117996	118026	30	
Saccade	118066	118086	20	
Fixation	118086	118566	480	
Saccade	118566	118586	20	8.82
Fixation	118586	118796	210	
Fixation	118876	119145	270	
Saccade	119145	119175	30	
Fixation	119235	119455	220	
Saccade	119655	119675	20	
Fixation	119675	119825	150	
Saccade	119825	119855	30	
Saccade	119885	119935	50	
Fixation	119935	120005	70	
Saccade	120005	120015	10	8.14
Fixation	120015	120235	220	
Fixation	120295	120515	220	
Fixation	120615	120784	170	
Saccade	120784	120824	40	11.37
Fixation	120824	120904	80	
Saccade	120904	120924	20	
Saccade	120934	120954	20	
Saccade	120964	121004	40	
Saccade	121044	121094	50	
Saccade	121124	121214	90	
Saccade	121224	121234	10	
Saccade	121354	121374	20	
Saccade	121414	121474	60	
Fixation	121534	121964	430	
Saccade	121964	122014	50	
Saccade	122024	122044	20	
Saccade	122054	122074	20	
Fixation	122074	122154	80	
Fixation	122234	122344	110	
Saccade	122344	122374	30	7.93
Fixation	122374	122603	230	
Saccade	122603	122613	10	
Saccade	122633	122643	10	
Saccade	122703	122723	20	
Fixation	122723	122953	230	
Saccade	122973	122993	20	
Fixation	122993	123133	140	
Saccade	123133	123173	40	
Saccade	123183	123213	30	
Saccade	123393	123413	20	
Saccade	123433	123443	10	
Saccade	123473	123483	10	
Saccade	123723	123753	30	
Fixation	123753	123823	70	
Saccade	123823	123833	10	1.14
Fixation	123833	123993	160	
Saccade	123993	124033	40	
Saccade	124073	124132	60	
Saccade	124152	124172	20	
Saccade	124222	124242	20	
Saccade	124282	124302	20	
Fixation	124302	124572	270	
Saccade	124852	124892	40	
Fixation	124892	124972	80	
Saccade	124972	125012	40	1.95
Fixation	125012	125082	70	
Saccade	125082	125102	20	4.53
Fixation	125102	125322	220	
Saccade	125322	125352	30	
Fixation	125432	125532	100	
Fixation	125672	125762	90	
Saccade	125762	125782	20	3.67
Fixation	125782	125941	160	
Saccade	125941	125981	40	9.64
Fixation	125981	126231	250	
Saccade	126231	126251	20	
Saccade	126301	126311	10	
Fixation	126311	126451	140	
Saccade	126451	126491	40	2.77
Fixation	126491	126731	240	
Fixation	126851	127111	260	
Saccade	127111	127131	20	3.94
Fixation	127131	127411	280	
Fixation	127511	127780	270	
Saccade	127780	127800	20	6.03
Fixation	127800	127990	190	
Saccade	127990	128020	30	7.33
Fixation	128020	128310	290	
Saccade	128310	128350	40	
Fixation	128670	128930	260	
Saccade	128930	128950	20	2.44
Fixation	128950	129789	839	
Fixation	129809	129949	140	
Fixation	130029	130109	80	
Saccade	130109	130229	120	
Saccade	130249	130269	20	
Fixation	130269	130339	70	
Saccade	130399	130419	20	
Fixation	130419	130599	180	
Saccade	130599	130619	20	
Fixation	130709	130939	230	
Saccade	130939	130978	40	
Fixation	131108	131458	350	
Saccade	131458	131478	20	5.47
Fixation	131478	131618	140	
Saccade	131638	131658	20	
Fixation	131658	131878	220	
Saccade	131878	131898	20	2.66
Fixation	131898	132028	130	
Saccade	132028	132108	80	20.12
Fixation	132108	132178	70	
Saccade	132178	132198	20	
Saccade	132208	132228	20	
Saccade	132328	132398	70	
Saccade	132458	132468	10	
Fixation	132468	132568	100	
Saccade	132568	132598	30	
Saccade	132747	132767	20	
Saccade	132807	132837	30	
Saccade	132857	132877	20	
Fixation	132877	132947	70	
Saccade	132947	132967	20	
Saccade	133017	133037	20	
Fixation	133037	133147	110	
Saccade	133147	133167	20	
Saccade	133227	133267	40	
Saccade	133307	133327	20	
Saccade	133617	133647	30	
Fixation	133647	133817	170	
Fixation	133837	134077	240	
Saccade	134077	134097	20	
Saccade	134346	134366	20	
Fixation	134366	134676	310	
Saccade	134676	134696	20	5.6
Fixation	134696	134926	230	
Saccade	134926	134946	20	5.15
Fixation	134946	135076	130	
Fixation	135196	135426	230	
Saccade	135426	135436	10	3.77
Fixation	135436	136085	650	
Saccade	136085	136165	80	
Saccade	136185	136195	10	
Saccade	136205	136225	20	
Saccade	136255	136275	20	
Fixation	136345	136565	220	
Saccade	136565	136625	60	
Saccade	136635	136705	70	
Saccade	136745	136765	20	
Saccade	136805	136835	30	
Saccade	136845	136925	80	
Saccade	137125	137135	10	
Fixation	137135	137295	160	
Saccade	137295	137325	30	5.54
Fixation	137325	137605	280	
Saccade	137605	137635	30	6.06
Fixation	137635	137854	220	
Saccade	137854	137884	30	
Fixation	138004	138154	150	
Saccade	138154	138164	10	
Saccade	138334	138344	10	
Fixation	138344	138554	210	
Saccade	138554	138594	40	12.47
Fixation	138594	138754	160	
Saccade	138754	138764	10	
Fixation	138844	139084	240	
Fixation	139104	139174	70	
Saccade	139174	139204	30	
Saccade	139224	139234	10	
Saccade	139254	139294	40	
Saccade	139304	139324	20	
Saccade	139344	139354	10	
Saccade	139553	139563	10	
Saccade	139613	139633	20	
Fixation	139633	139963	330	
Saccade	139963	140033	70	19.55
Fixation	140033	140133	100	
Saccade	140133	140143	10	
Saccade	140173	140193	20	
Saccade	140233	140243	10	
Fixation	140243	141073	830	
Saccade	141073	141093	20	7.33
Fixation	141093	141163	70	
Saccade	141182	141242	60	
Saccade	141382	141412	30	
Fixation	141412	141492	80	
Saccade	141492	141502	10	
Saccade	141522	141562	40	
Saccade	141572	141592	20	
Saccade	141642	141662	20	
Fixation	141662	141792	130	
Saccade	141792	141812	20	
Saccade	141852	141882	30	
Fixation	141882	141952	70	
Saccade	141952	141972	20	
Saccade	141992	142042	50	
Fixation	142142	142232	90	
Saccade	142232	142252	20	4.31
Fixation	142252	142472	220	
Saccade	142472	142492	20	
Saccade	142552	142612	60	
Fixation	142612	142931	320	
Saccade	142931	142951	20	
Fixation	143011	143271	260	
Saccade	143271	143291	20	5.32
Fixation	143291	143451	160	
Fixation	143551	143831	280	
Saccade	143831	143901	70	
Saccade	143951	143971	20	
Saccade	144181	144191	10	
Fixation	144191	144331	140	
Saccade	144331	144361	30	8.57
Fixation	144361	144561	200	
Saccade	144690	144740	50	
Fixation	144740	145190	450	
Saccade	145190	145240	50	
Saccade	145250	145270	20	
Fixation	145270	145430	160	
Fixation	145450	145670	220	
Saccade	145670	145710	40	
Saccade	145790	145810	20	
Fixation	145850	146100	250	
Saccade	146100	146120	20	4.15
Fixation	146120	146579	460	
Saccade	146579	146629	50	
Saccade	146649	146659	10	
Saccade	146679	146689	10	
Fixation	146689	146769	80	
Saccade	146769	146789	20	
Saccade	146899	146919	20	
Fixation	146919	147039	120	
Saccade	147039	147109	70	7.67
Fixation	147109	147199	90	
Saccade	147199	147219	20	
Saccade	147449	147469	20	
Fixation	147469	147549	80	
Saccade	147589	147599	10	
Fixation	147599	147689	90	
Saccade	147689	147719	30	7.77
Fixation	147719	147959	240	
Saccade	147959	147999	40	4.23
Fixation	147999	148108	110	
Saccade	148108	148138	30	
Saccade	148158	148178	20	
Saccade	148188	148208	20	
Saccade	148368	148398	30	
Fixation	148398	148678	280	
Saccade	148678	148738	60	6.31
Fixation	148738	148868	130	
Saccade	148868	148918	50	7.11
Fixation	148918	149328	410	
Fixation	149648	149877	230	
Saccade	149977	150017	40	
Fixation	150017	150227	210	
Fixation	150247	150457	210	
Saccade	150457	150477	20	5.97
Fixation	150477	150787	310	
Saccade	150787	150857	70	
Saccade	150897	150957	60	
Saccade	150977	150997	20	
Fixation	150997	151097	100	
Saccade	151097	151117	20	0.58
Fixation	151117	151247	130	
Saccade	151247	151287	40	1.88
Fixation	151287	151367	80	
Saccade	151367	151407	40	0.99
Fixation	151407	151476	70	
Fixation	151496	151626	130	
Saccade	151716	151736	20	
Fixation	151736	152206	470	
Fixation	152396	152486	90	
Saccade	152486	152516	30	
Saccade	152596	152676	80	
Saccade	152696	152726	30	
Saccade	152736	152766	30	
Saccade	152796	152816	20	
Fixation	152896	152986	90	
Fixation	153006	153126	120	
Fixation	153146	153385	240	
Saccade	153385	153395	10	3.81
Fixation	153395	153555	160	
Saccade	153555	153575	20	
Saccade	153585	153605	20	
Saccade	153635	153675	40	
Fixation	153675	153875	200	
Saccade	153915	153985	70	
Saccade	154065	154095	30	
Saccade	154115	154165	50	
Fixation	154165	154245	80	
Saccade	154245	154285	40	
Saccade	154295	154355	60	
Fixation	154395	154535	140	
Saccade	154535	154565	30	
Saccade	154575	154595	20	
Fixation	154595	154815	220	
Saccade	154815	154844	30	9.23
Fixation	154844	155004	160	
Fixation	155044	155354	310	
Saccade	155354	155374	20	
Saccade	155394	155414	20	
Fixation	155564	155744	180	
Fixation	155754	155974	220	
Fixation	155994	156194	200	
Saccade	156194	156204	10	3.41
Fixation	156204	156524	320	
Fixation	156544	156853	310	
Saccade	156853	156873	20	
Fixation	156893	157343	450	
Fixation	157393	157583	190	
Saccade	157583	157593	10	
Saccade	157753	157763	10	
Fixation	157763	158282	520	
Fixation	158382	158482	100	
Saccade	158502	158532	30	
Fixation	158532	158802	270	
Fixation	158922	159282	360	
Saccade	159282	159302	20	4.96
Fixation	159302	159402	100	
Saccade	159562	159582	20	
Saccade	159592	159602	10	
Fixation	159602	159822	220	
Saccade	159822	159882	60	
Saccade	159932	159981	50	
Saccade	160001	160021	20	
Saccade	160041	160111	70	
Fixation	160111	160221	110	
Saccade	160221	160241	20	
Saccade	160261	160281	20	
Saccade	160621	160631	10	
Saccade	160661	160711	50	
Fixation	160711	160861	150	
Saccade	160861	160871	10	2.02
Fixation	160871	161041	170	
Saccade	161041	161121	80	13.5
Fixation	161121	161301	180	
Saccade	161301	161311	10	3.25
Fixation	161311	161481	170	
Saccade	161481	161501	20	3.79
Fixation	161501	161650	150	
Fixation	161810	162300	490	
Saccade	162300	162340	40	13.35
Fixation	162340	162500	160	
Saccade	162500	162520	20	
Saccade	162530	162550	20	
Saccade	162570	162590	20	
Saccade	162610	162650	40	
Saccade	162680	162700	20	
Fixation	162700	162770	70	
Saccade	162770	162790	20	
Saccade	162800	162820	20	
Saccade	162850	162870	20	
Saccade	162880	162900	20	
Fixation	162900	163050	150	
Saccade	163050	163070	20	
Saccade	163120	163190	70	
Saccade	163240	163260	20	
Saccade	163280	163300	20	
Fixation	163300	163409	110	
Saccade	163409	163439	30	4.82
Fixation	163439	163579	140	
Saccade	163579	163619	40	
Fixation	163789	163959	170	
Saccade	163959	163979	20	3.59
Fixation	163979	164109	130	
Saccade	164109	164149	40	1.21
Fixation	164149	164269	120	
Fixation	164289	164669	380	
Saccade	164669	164709	40	0.83
Fixation	164709	164819	110	
Saccade	164859	164879	20	
Saccade	164899	164909	10	
Saccade	165068	165078	10	
Saccade	165088	165108	20	
Saccade	165118	165138	20	
Fixation	165138	165358	220	
Saccade	165358	165378	20	
Saccade	165418	165478	60	
Saccade	165498	165578	80	
Fixation	165578	165988	410	
Saccade	165988	166048	60	19.01
Fixation	166048	166478	430	
Fixation	166558	166718	160	
Saccade	166718	166758	40	
Saccade	166797	166807	10	
Saccade	166827	166837	10	
Fixation	166837	166907	70	
Saccade	166907	166947	40	
Saccade	167057	167097	40	
Fixation	167097	167537	440	
Fixation	167637	167767	130	
Saccade	167767	167777	10	
Saccade	167797	167807	10	
Saccade	167857	167877	20	
Saccade	167937	167957	20	
Fixation	167957	168047	90	
Saccade	168047	168087	40	4.32
Fixation	168087	168187	100	
Saccade	168187	168247	60	20.36
Fixation	168247	168327	80	
Saccade	168327	168347	20	
Saccade	168377	168387	10	
Fixation	168387	168477	90	
Saccade	168616	168666	50	
Saccade	168676	168706	30	
Fixation	168706	168806	100	
Saccade	168806	168866	60	16.51
Fixation	168866	169276	410	
Saccade	169276	169306	30	
Saccade	169376	169396	20	
Fixation	169396	169616	220	
Fixation	169736	170076	340	
Saccade	170076	170096	20	
Saccade	170235	170265	30	
Saccade	170275	170345	70	
Fixation	170345	170555	210	
Saccade	170555	170565	10	
Saccade	170595	170615	20	
Saccade	170625	170645	20	
Saccade	170655	170675	20	
Saccade	170705	170725	20	
Fixation	170725	170795	70	
Saccade	170795	170815	20	4.18
Fixation	170815	171105	290	
Fixation	171125	171305	180	
Saccade	171305	171335	30	
Saccade	171365	171385	20	
Fixation	171545	171655	110	
Saccade	171655	171665	10	
Saccade	171685	171695	10	
Saccade	171735	171745	10	
Saccade	171755	171775	20	
Saccade	171785	171805	20	
Saccade	171815	171845	30	
Fixation	171845	171954	110	
Saccade	171954	171974	20	
Saccade	172004	172024	20	
Saccade	172074	172094	20	
Saccade	172104	172124	20	
Saccade	172174	172194	20	
Saccade	172204	172224	20	
Saccade	172274	172324	50	
Saccade	172344	172384	40	
Saccade	172394	172414	20	
Saccade	172584	172624	40	
Fixation	172624	172694	70	
Saccade	172694	172754	60	
Saccade	172784	172814	30	
Saccade	172844	172874	30	
Fixation	172874	173014	140	
Saccade	173014	173074	60	
Saccade	173104	173124	20	
Saccade	173144	173184	40	
Saccade	173234	173254	20	
Saccade	173274	173294	20	
Saccade	173314	173334	20	
Saccade	173354	173414	60	
Fixation	173414	173653	240	
Fixation	173693	173823	130	
Saccade	173823	173843	20	
Saccade	173863	173883	20	
Saccade	173933	173963	30	
Saccade	174003	174013	10	
Saccade	174053	174073	20	
Fixation	174283	174373	90	
Saccade	174373	174393	20	
Saccade	174413	174433	20	
Saccade	174453	174483	30	
Saccade	174543	174563	20	
Saccade	174583	174653	70	
Saccade	174713	174733	20	
Saccade	174743	174753	10	
Fixation	174753	174833	80	
Saccade	174833	174853	20	4.65
Fixation	174853	174933	80	
Saccade	174933	174953	20	6.86
Fixation	174953	175063	110	
Saccade	175063	175083	20	
Saccade	175103	175123	20	
Saccade	175153	175173	20	
Fixation	175173	175352	180	
Saccade	175352	175372	20	5.04
Fixation	175372	175482	110	
Saccade	175562	175582	20	
Fixation	175582	175752	170	
Saccade	175772	175812	40	
Fixation	175812	175972	160	
Fixation	175992	176292	300	
Saccade	176292	176312	20	4.05
Fixation	176312	176412	100	
Fixation	176532	176852	320	
Saccade	176852	176902	50	
Fixation	176922	177021	100	
Saccade	177021	177041	20	2.9
Fixation	177041	177321	280	
Fixation	177421	177671	250	
Fixation	177691	178021	330	
Saccade	178151	178171	20	
Saccade	178331	178351	20	
Fixation	178391	178461	70	
Saccade	178471	178491	20	
Saccade	178531	178551	20	
Saccade	178591	178611	20	
Saccade	178641	178671	30	
Fixation	178770	178850	80	
Saccade	178850	178870	20	
Saccade	178920	178940	20	
Saccade	178970	178990	20	
Saccade	179040	179060	20	
Fixation	179060	179170	110	
Saccade	179170	179190	20	
Saccade	179200	179210	10	
Fixation	179210	179460	250	
Saccade	179460	179540	80	
Fixation	179690	180150	460	
Saccade	180150	180170	20	
Saccade	180180	180220	40	
Saccade	180240	180260	20	
Saccade	180280	180310	30	
Saccade	180330	180340	10	
Saccade	180350	180370	20	
Fixation	180370	180549	180	
Saccade	180549	180559	10	2.38
Fixation	180559	180839	280	
Saccade	180839	180879	40	
Saccade	180919	180939	20	
Fixation	180939	181089	150	
Fixation	181149	181399	250	
Saccade	181399	181469	70	
Saccade	181529	181559	30	
Saccade	181569	181609	40	
Saccade	181649	181659	10	
Saccade	181669	181689	20	
Saccade	181729	181739	10	
Fixation	181869	181969	100	
Saccade	181969	181999	30	4.55
Fixation	181999	182228	230	
Saccade	182228	182268	40	
Saccade	182298	182328	30	
Fixation	182328	182488	160	
Fixation	182508	182818	310	
Saccade	182818	182848	30	
Saccade	182898	182938	40	
Saccade	183138	183148	10	
Fixation	183148	183228	80	
Fixation	183248	183368	120	
Saccade	183368	183378	10	
Fixation	183548	183977	430	
Saccade	183977	184017	40	13.5
Fixation	184017	184187	170	
Saccade	184187	184197	10	3.29
Fixation	184197	184347	150	
Fixation	184367	184727	360	
Saccade	184727	184767	40	14.81
Fixation	184767	185307	540	
Saccade	185307	185337	30	8.76
Fixation	185337	185656	320	
Saccade	185656	185686	30	8.53
Fixation	185686	185946	260	
Saccade	185946	185966	20	
Saccade	185976	186026	50	
Saccade	186186	186206	20	
Fixation	186206	186466	260	
Saccade	186466	186506	40	10.82
Fixation	186506	186616	110	
Saccade	186616	186666	50	6.73
Fixation	186666	186846	180	
Saccade	186846	186876	30	9.35
Fixation	186876	187006	130	
Saccade	187006	187036	30	
Saccade	187046	187066	20	
Saccade	187086	187096	10	
Saccade	187146	187166	20	
Saccade	187176	187196	20	
Saccade	187235	187275	40	
Saccade	187425	187435	10	
Saccade	187595	187615	20	
Saccade	187625	187635	10	
Saccade	187695	187715	20	
Saccade	187725	187745	20	
Fixation	187745	187815	70	
Saccade	187815	187845	30	7.34
Fixation	187845	188055	210	
Saccade	188055	188075	20	3.57
Fixation	188075	188165	90	
Saccade	188165	188225	60	
Saccade	188265	188325	60	
Saccade	188335	188355	20	
Fixation	188365	188555	190	
Saccade	188555	188585	30	8.39
Fixation	188585	188765	180	
Fixation	188945	189064	120	
Saccade	189064	189074	10	3.47
Fixation	189074	189234	160	
Saccade	189234	189254	20	5.17
Fixation	189254	189384	130	
Saccade	189384	189424	40	10.22
Fixation	189424	189524	100	
Fixation	189544	190444	899	
Fixation	190504	190584	80	
Saccade	190584	190604	20	5.99
Fixation	190604	190903	300	
Saccade	190923	190943	20	
Saccade	190963	191033	70	
Saccade	191053	191093	40	
Saccade	191153	191193	40	
Fixation	191193	191263	70	
Saccade	191333	191353	20	
Fixation	191353	191843	490	
Fixation	191863	191953	90	
Fixation	191973	192193	220	
Fixation	192213	192392	180	
Fixation	192412	192512	100	
Fixation	192592	193102	510	
Fixation	193122	193262	140	
Fixation	193442	193672	230	
Fixation	193692	193802	110	
Fixation	193822	193902	80	
Saccade	193902	193952	50	
Saccade	194052	194101	50	
Saccade	194111	194161	50	
Saccade	194181	194211	30	
Fixation	194211	194321	110	
Saccade	194321	194351	30	
Saccade	194371	194391	20	
Saccade	194401	194411	10	
Fixation	194581	194711	130	
Saccade	194711	194751	40	
Saccade	194801	194821	20	
Saccade	194831	194851	20	
Saccade	194881	194931	50	
Saccade	194941	194951	10	
Saccade	195001	195021	20	
Fixation	195021	195091	70	
Saccade	195091	195111	20	3.5
Fixation	195111	195181	70	
Saccade	195181	195201	20	2.23
Fixation	195201	195361	160	
Saccade	195361	195401	40	
Saccade	195431	195451	20	
Saccade	195651	195711	60	
Fixation	195711	195990	280	
Saccade	195990	196030	40	
Saccade	196060	196080	20	
Saccade	196100	196120	20	
Fixation	196120	196210	90	
Saccade	196210	196220	10	
Saccade	196250	196270	20	
Saccade	196280	196300	20	
Saccade	196350	196370	20	
Saccade	196490	196500	10	
Fixation	196500	196740	240	
Saccade	196740	196780	40	3.42
Fixation	196780	197190	410	
Saccade	197190	197220	30	
Saccade	197260	197280	20	
Saccade	197310	197390	80	
Saccade	197449	197529	80	
Saccade	197559	197609	50	
Saccade	197639	197649	10	
Saccade	197669	197699	30	
Saccade	197749	197869	120	
Saccade	197939	197959	20	
Saccade	197979	198009	30	
Saccade	198029	198049	20	
Fixation	198049	198379	330	
Saccade	198459	198489	30	
Fixation	198489	198759	270	
Saccade	198759	198829	70	
Saccade	198889	198909	20	
Saccade	198949	198979	30	
Saccade	199009	199039	30	
Saccade	199059	199089	30	
Fixation	199089	199418	330	
Fixation	199538	199608	70	
Saccade	199608	199648	40	
Saccade	199658	199678	20	
Saccade	199688	199698	10	
Saccade	199748	199768	20	
Fixation	199768	199908	140	
Saccade	199908	199928	20	
Saccade	199948	199968	20	
Saccade	199998	200028	30	
Fixation	200028	200258	230	
Saccade	200258	200298	40	
Saccade	200328	200428	100	
Saccade	200448	200468	20	
Saccade	200508	200528	20	
Fixation	200528	200788	260	
Fixation	200937	201017	80	
Saccade	201017	201067	50	2.27
Fixation	201067	201147	80	
Saccade	201147	201167	20	
Saccade	201197	201217	20	
Fixation	201217	201337	120	
Saccade	201577	201587	10	
Saccade	201647	201687	40	
Fixation	201687	201777	90	
Saccade	201777	201807	30	
Saccade	201837	201867	30	
Fixation	201867	202347	480	
Saccade	202347	202367	20	5.11
Fixation	202367	202447	80	
Saccade	202447	202487	40	
Saccade	202527	202547	20	
Fixation	202547	203236	690	
Saccade	203496	203536	40	
Saccade	203586	203656	70	
Saccade	203676	203686	10	
Saccade	203726	203776	50	
Fixation	203856	203956	100	
Saccade	203956	203986	30	11.24
Fixation	203986	204196	210	
Saccade	204196	204216	20	2.19
Fixation	204216	204615	400	
Saccade	204805	204815	10	
Fixation	204815	205065	250	
Saccade	205065	205085	20	3.81
Fixation	205085	205265	180	
Saccade	205265	205295	30	
Fixation	205405	205475	70	
Saccade	205475	205505	30	12.32
Fixation	205505	205605	100	
Saccade	205605	205645	40	
Saccade	205705	205725	20	
Saccade	205775	205815	40	
Saccade	205825	205855	30	
Fixation	205855	205985	130	
Saccade	205985	206024	40	
Saccade	206044	206084	40	
Saccade	206124	206154	30	
Saccade	206164	206194	30	
Saccade	206254	206294	40	
Saccade	206304	206324	20	
Fixation	206324	206434	110	
Saccade	206434	206484	50	
Fixation	206644	206764	120	
Saccade	206764	206784	20	3.17
Fixation	206784	206874	90	
Saccade	206874	206914	40	
Saccade	206954	207014	60	
Saccade	207094	207164	70	
Saccade	207184	207204	20	
Fixation	207224	207544	320	
Saccade	207723	207743	20	
Fixation	207743	207943	200	
Saccade	207943	207983	40	4.14
Fixation	207983	208083	100	
Saccade	208083	208133	50	
Saccade	208183	208213	30	
Saccade	208223	208233	10	
Saccade	208243	208263	20	
Fixation	208263	208343	80	
Fixation	208443	208533	90	
Saccade	208543	208573	30	
Saccade	208583	208603	20	
Fixation	208603	208693	90	
Saccade	208723	208783	60	
Fixation	208783	209472	690	
Saccade	209472	209512	40	
Saccade	209572	209582	10	
Saccade	209862	209902	40	
Fixation	209902	210192	290	
Saccade	210192	210222	30	
Saccade	210332	210362	30	
Fixation	210362	210492	130	
Saccade	210492	210522	30	
Saccade	210582	210602	20	
Saccade	210682	210722	40	
Saccade	210732	210782	50	
Saccade	210842	210862	20	
Fixation	210862	211161	300	
Saccade	211161	211181	20	4.6
Fixation	211181	211261	80	
Fixation	211401	211631	230	
Saccade	211631	211651	20	4.78
Fixation	211651	211741	90	
Saccade	211741	211781	40	10.39
Fixation	211781	211911	130	
Saccade	211911	211921	10	2.81
Fixation	211921	212051	130	
Saccade	212051	212121	70	13.56
Fixation	212121	212601	480	
Saccade	212601	212641	40	2.96
Fixation	212641	212950	310	
Saccade	212950	212980	30	12.76
Fixation	212980	213170	190	
Fixation	213190	213460	270	
Saccade	213460	213490	30	6.9
Fixation	213490	213590	100	
Saccade	213760	213790	30	
Saccade	213800	213820	20	
Saccade	213840	213850	10	
Saccade	213860	213870	10	
Fixation	213870	214000	130	
Saccade	214000	214030	30	
Saccade	214050	214110	60	
Fixation	214110	214190	80	
Saccade	214190	214240	50	
Saccade	214280	214300	20	
Saccade	214340	214380	40	
Fixation	214380	215029	650	
Saccade	215029	215039	10	4.68
Fixation	215039	215229	190	
Saccade	215229	215269	40	
Fixation	215489	216069	580	
Fixation	216228	216768	540	
Saccade	216768	216798	30	
Saccade	216898	216938	40	
Saccade	216948	216978	30	
Saccade	216988	217048	60	
Saccade	217058	217078	20	
Saccade	217088	217098	10	
Saccade	217118	217138	20	
Fixation	217138	217228	90	
Saccade	217228	217248	20	
Saccade	217268	217288	20	
Fixation	217288	217418	130	
Saccade	217418	217448	30	11.06
Fixation	217448	217668	220	
Saccade	217728	217748	20	
Fixation	217808	218097	290	
Saccade	218097	218137	40	2.6
Fixation	218137	218277	140	
Saccade	218277	218297	20	
Saccade	218307	218337	30	
Fixation	218337	218437	100	
Saccade	218437	218477	40	
Saccade	218497	218597	100	
Saccade	218617	218627	10	
Saccade	218657	218677	20	
Saccade	218687	218727	40	
Fixation	218727	218907	180	
Saccade	219057	219067	10	
Fixation	219067	219277	210	
Saccade	219277	219297	20	4.32
Fixation	219297	219517	220	
Saccade	219706	219726	20	
Fixation	219726	219946	220	
Fixation	220126	221855	1729	
Fixation	221875	222365	490	
Saccade	222555	222565	10	
Fixation	222565	223094	530	
Fixation	223114	223624	510	
Saccade	223774	223784	10	
Fixation	223784	223954	170	
Saccade	223954	223974	20	
Saccade	223984	223994	10	
Fixation	223994	224464	470	
Fixation	224524	224983	460	
Fixation	225023	225403	380	
Fixation	225483	225903	420	
Saccade	225903	225983	80	
Saccade	226043	226063	20	
Saccade	226073	226083	10	
Saccade	226123	226153	30	
Saccade	226173	226223	50	
Saccade	226442	226472	30	
Fixation	226472	226582	110	
Saccade	226582	226612	30	8.44
Fixation	226612	226862	250	
Saccade	226862	226872	10	2.34
Fixation	226872	227102	230	
Saccade	227102	227142	40	12.55
Fixation	227142	227302	160	
Saccade	227302	227342	40	
Saccade	227362	227382	20	
Saccade	227442	227462	20	
Fixation	227462	227602	140	
Saccade	227602	227612	10	
Saccade	227812	227832	20	
Fixation	227832	227932	100	
Saccade	227932	227952	20	
Saccade	227962	227982	20	
Saccade	228002	228042	40	
Fixation	228092	228211	120	
Saccade	228371	228401	30	
Fixation	228401	228501	100	
Saccade	228501	228531	30	4.15
Fixation	228531	228601	70	
Saccade	228741	228791	50	
Saccade	228801	228831	30	
Saccade	228841	228861	20	
Saccade	228921	228941	20	
Saccade	229001	229041	40	
Saccade	229061	229081	20	
Saccade	229181	229201	20	
Saccade	229211	229261	50	
Fixation	229261	229551	290	
Saccade	229551	229571	20	3.08
Fixation	229571	229671	100	
Saccade	229671	229711	40	
Fixation	229940	230280	340	
Saccade	230280	230300	20	4.89
Fixation	230300	230650	350	
Saccade	230650	230700	50	10.5
Fixation	230700	230780	80	
Saccade	230780	230800	20	
Saccade	230820	230840	20	
Saccade	230880	230900	20	
Saccade	230910	230920	10	
Fixation	230920	231030	110	
Saccade	231030	231060	30	
Saccade	231180	231220	40	
Saccade	231400	231420	20	
Saccade	231460	231500	40	
Fixation	231500	231579	80	
Saccade	231619	231639	20	
Fixation	231639	231939	300	
Saccade	231939	231969	30	6.89
Fixation	231969	232419	450	
Saccade	232419	232469	50	11.17
Fixation	232469	232679	210	
Saccade	232679	232699	20	6.18
Fixation	232699	233139	440	
Saccade	233139	233159	20	
Saccade	233179	233219	40	
Saccade	233248	233268	20	
Saccade	233278	233298	20	
Saccade	233328	233348	20	
Fixation	233348	233458	110	
Fixation	233658	233758	100	
Saccade	233758	233768	10	
Saccade	233778	233818	40	
Fixation	233818	234578	760	
Fixation	234598	235357	760	
Fixation	235557	235807	250	
Saccade	235807	235837	30	2.54
Fixation	235837	236227	390	
Saccade	236227	236267	40	4.24
Fixation	236267	236397	130	
Saccade	236397	236427	30	
Saccade	236557	236577	20	
Saccade	236617	236656	40	
Fixation	236656	236746	90	
Saccade	236746	236786	40	1.94
Fixation	236786	236856	70	
Saccade	236856	236906	50	
Saccade	236946	236966	20	
Saccade	236996	237036	40	
Saccade	237056	237126	70	
Fixation	237126	237346	220	
Saccade	237346	237386	40	
Saccade	237406	237426	20	
Saccade	237436	237526	90	
Saccade	237576	237586	10	
Fixation	237586	238106	520	
Saccade	238106	238126	20	4.54
Fixation	238126	238286	160	
Saccade	238286	238316	30	4.86
Fixation	238316	238535	220	
Fixation	238695	239155	460	
Saccade	239155	239215	60	
Saccade	239225	239255	30	
Fixation	239255	239335	80	
Saccade	239335	239385	50	
Saccade	239395	239405	10	
Saccade	239435	239445	10	
Saccade	239465	239505	40	
Fixation	239505	240114	610	
Saccade	240114	240164	50	
Saccade	240214	240284	70	
Fixation	240454	240524	70	
Saccade	240524	240624	100	29.75
Fixation	240624	240764	140	
Saccade	240764	240784	20	
Saccade	240804	240814	10	
Fixation	240814	241174	360	
Saccade	241174	241264	90	
Saccade	241274	241294	20	
Fixation	241294	241414	120	
Saccade	241414	241434	20	4.72
Fixation	241434	241644	210	
Saccade	241644	241684	40	1.55
Fixation	241684	241753	70	
Saccade	241753	241833	80	23.69
Fixation	241833	242153	320	
Fixation	242333	242873	540	
Fixation	242923	242993	70	
Fixation	243013	243253	240	
Saccade	243253	243293	40	9.82
Fixation	243293	243642	350	
Saccade	243722	243752	30	
Saccade	243862	243882	20	
Saccade	243912	243972	60	
Saccade	243992	244032	40	
Saccade	244062	244082	20	
Saccade	244092	244132	40	
Fixation	244132	244262	130	
Saccade	244262	244332	70	19.58
Fixation	244332	244642	310	
Saccade	244822	244852	30	
Saccade	244872	244892	20	
Saccade	244902	244932	30	
Saccade	244992	245022	30	
Saccade	245042	245062	20	
Fixation	245062	245561	500	
Fixation	245661	245851	190	
Saccade	245851	245871	20	6.12
Fixation	245871	246051	180	
Saccade	246051	246091	40	11.92
Fixation	246091	246311	220	
Saccade	246311	246331	20	
Saccade	246431	246481	50	
Fixation	246501	246791	290	
Saccade	246791	246821	30	
Saccade	247030	247060	30	
Saccade	247120	247160	40	
Fixation	247160	247250	90	
Saccade	247250	247270	20	
Saccade	247280	247290	10	
Saccade	247310	247330	20	
Saccade	247370	247430	60	
Saccade	247510	247530	20	
Saccade	247560	247610	50	
Saccade	247650	247690	40	
Fixation	247690	247760	70	
Saccade	247760	247790	30	9.4
Fixation	247790	248040	250	
Saccade	248040	248090	50	15.71
Fixation	248090	248160	70	
Saccade	248160	248180	20	
Saccade	248200	248220	20	
Fixation	248220	248320	100	
Saccade	248320	248350	30	
Saccade	248599	248619	20	
Fixation	248619	248819	200	
Saccade	248819	248839	20	
Saccade	248859	248879	20	
Fixation	248879	249059	180	
Saccade	249059	249099	40	5.8
Fixation	249099	249299	200	
Saccade	249319	249359	40	
Saccade	249369	249379	10	
Fixation	249379	249479	100	
Saccade	249579	249589	10	
Fixation	249589	249789	200	
Saccade	249789	249819	30	10.76
Fixation	249819	250278	460	
Fixation	250338	250498	160	
Saccade	250498	250538	40	12.21
Fixation	250538	250718	180	
Saccade	250718	250738	20	4.86
Fixation	250738	251138	400	
Saccade	251138	251148	10	
Fixation	251458	251538	80	
Saccade	251538	251568	30	
Saccade	251628	251638	10	
Fixation	251638	251738	100	
Saccade	251738	251768	30	
Saccade	251828	251838	10	
Saccade	251848	251878	30	
Saccade	251937	251957	20	
Fixation	251957	252277	320	
Saccade	252277	252307	30	
Saccade	252357	252467	110	
Saccade	252527	252577	50	
Saccade	252597	252617	20	
Fixation	252617	252737	120	
Fixation	252757	253417	660	
Saccade	253607	253646	40	
Saccade	253656	253706	50	
Saccade	253716	253736	20	
Saccade	253746	253786	40	
Saccade	253806	253856	50	
Fixation	253856	254056	200	
Saccade	254056	254096	40	13.49
Fixation	254096	254326	230	
Saccade	254326	254346	20	3.69
Fixation	254346	254596	250	
Saccade	254596	254626	30	9.92
Fixation	254626	254786	160	
Saccade	254786	254816	30	4.43
Fixation	254816	255076	260	
Saccade	255206	255216	10	
Saccade	255246	255266	20	
Fixation	255266	255405	140	
Saccade	255405	255505	100	24.45
Fixation	255505	255595	90	
Saccade	255595	255615	20	
Saccade	255625	255635	10	
Fixation	255635	256635	999	
Fixation	256795	257234	440	
Saccade	257234	257244	10	3.79
Fixation	257244	257584	340	
Saccade	257584	257634	50	
Saccade	257774	257794	20	
Saccade	257824	257844	20	
Saccade	257854	257884	30	
Saccade	257914	257954	40	
Saccade	257984	258004	20	
Saccade	258034	258054	20	
Saccade	258294	258314	20	
Saccade	258344	258364	20	
Fixation	258364	258484	120	
Saccade	258484	258534	50	
Saccade	258554	258594	40	
Saccade	258614	258674	60	
Fixation	258674	258873	200	
Saccade	258873	258903	30	
Fixation	259033	259233	200	
Saccade	259233	259243	10	3.64
Fixation	259243	259403	160	
Saccade	259403	259433	30	5.8
Fixation	259433	259743	310	
Saccade	259743	259803	60	11.94
Fixation	259803	260083	280	
Saccade	260083	260113	30	
Fixation	260293	260433	140	
Saccade	260433	260472	40	9.85
Fixation	260472	261252	780	
Fixation	261292	261892	600	
Saccade	261892	261912	20	
Saccade	261942	261952	10	
Saccade	261962	262002	40	
Fixation	262002	262331	330	
Fixation	262411	262741	330	
Saccade	262741	262771	30	4.03
Fixation	262771	263041	270	
Saccade	263041	263111	70	
Fixation	263251	263401	150	
Saccade	263401	263461	60	
Saccade	263471	263481	10	
Saccade	263501	263541	40	
Fixation	263541	264010	470	
Fixation	264030	264140	110	
Saccade	264180	264260	80	
Fixation	264260	264350	90	
Saccade	264350	264390	40	1.55
Fixation	264390	264510	120	
Saccade	264510	264550	40	1.8
Fixation	264550	264780	230	
Saccade	264780	264800	20	6.05
Fixation	264800	264870	70	
Saccade	264870	264890	20	3.49
Fixation	264890	264970	80	
Fixation	265110	265340	230	
Saccade	265360	265390	30	
Fixation	265410	266419	1009	
Saccade	266419	266449	30	11.85
Fixation	266449	266619	170	
Saccade	266619	266669	50	
Fixation	266689	267229	540	
Saccade	267229	267278	50	
Saccade	267508	267528	20	
Fixation	267528	267628	100	
Saccade	267628	267648	20	
Saccade	267668	267688	20	
Saccade	267738	267778	40	
Fixation	267778	267938	160	
Saccade	267938	267968	30	5.96
Fixation	267968	268158	190	
Saccade	268158	268178	20	1.58
Fixation	268178	268288	110	
Saccade	268288	268318	30	6.67
Fixation	268318	268448	130	
Saccade	268448	268468	20	
Saccade	268478	268488	10	
Saccade	268518	268538	20	
Fixation	268538	268698	160	
Saccade	268698	268778	80	
Saccade	268798	268838	40	
Saccade	268858	268868	10	
Fixation	268868	269107	240	
Saccade	269127	269187	60	
Fixation	269207	269297	90	
Saccade	269297	269367	70	
Saccade	269407	269417	10	
Fixation	269417	269487	70	
Saccade	269557	269587	30	
Saccade	269657	269677	20	
Fixation	269677	269867	190	
Saccade	269867	269907	40	
Saccade	269927	269947	20	
Fixation	269947	270027	80	
Saccade	270027	270047	20	3.96
Fixation	270047	270237	190	
Saccade	270237	270277	40	13.39
Fixation	270277	270657	380	
Saccade	270657	270776	120	9.62
Fixation	270776	270976	200	
Saccade	270976	271046	70	
Saccade	271096	271136	40	
Saccade	271386	271486	100	
Saccade	271506	271556	50	
Fixation	271556	271856	300	
Saccade	271856	271886	30	
Saccade	271896	271946	50	
Saccade	271966	271976	10	
Saccade	272006	272046	40	
Saccade	272086	272126	40	
Saccade	272166	272176	10	
Saccade	272186	272206	20	
Saccade	272246	272256	10	
Fixation	272256	272336	80	
Saccade	272336	272366	30	
Saccade	272415	272445	30	
Saccade	272705	272745	40	
Saccade	272775	272795	20	
Saccade	272815	272825	10	
Saccade	272835	272875	40	
Fixation	272875	273005	130	
Fixation	273025	273125	100	
Saccade	273125	273145	20	
Fixation	273205	273415	210	
Saccade	273415	273455	40	
Saccade	273465	273485	20	
Fixation	273485	273655	170	
Saccade	273675	273715	40	
Saccade	273905	273925	20	
Fixation	273925	274154	230	
Saccade	274154	274164	10	
Saccade	274214	274244	30	
Saccade	274264	274304	40	
Saccade	274324	274344	20	
Fixation	274344	274444	100	
Saccade	274444	274454	10	
Saccade	274464	274484	20	
Fixation	274484	274564	80	
Saccade	274564	274574	10	
Saccade	274604	274694	90	
Fixation	274694	274774	80	
Saccade	274774	274794	20	
Saccade	274824	274844	20	
Saccade	274854	274874	20	
Fixation	274874	274954	80	
Saccade	275144	275214	70	
Saccade	275224	275244	20	
Saccade	275284	275304	20	
Fixation	275304	275524	220	
Saccade	275524	275564	40	
Saccade	275624	275684	60	
Fixation	275684	275893	210	
Saccade	275893	275903	10	
Saccade	275913	275933	20	
Fixation	275933	276093	160	
Saccade	276093	276133	40	3.4
Fixation	276133	276473	340	
Saccade	276473	276513	40	1.07
Fixation	276513	276813	300	
Saccade	276813	276823	10	
Saccade	276863	276883	20	
Saccade	276893	276913	20	
Fixation	276913	277153	240	
Saccade	277153	277193	40	13.16
Fixation	277193	277552	360	
Fixation	277592	277892	300	
Saccade	277892	277932	40	
Saccade	277982	278022	40	
Saccade	278052	278082	30	
Saccade	278122	278142	20	
Saccade	278392	278422	30	
Fixation	278422	278802	380	
Saccade	278802	278822	20	
Fixation	278842	278932	90	
Saccade	279141	279162	20	
Fixation	279162	279351	190	
Saccade	279351	279381	30	8.48
Fixation	279381	279831	450	
Saccade	279831	279881	50	
Saccade	279981	280011	30	
Saccade	280031	280041	10	
Fixation	280041	280291	250	
Saccade	280491	280511	20	
Saccade	280551	280571	20	
Fixation	280571	280841	270	
Saccade	280841	280860	20	1.95
Fixation	280860	281040	180	
Saccade	281040	281070	30	9.32
Fixation	281070	281230	160	
Saccade	281230	281240	10	2.47
Fixation	281240	281400	160	
Saccade	281560	281630	70	
Fixation	281630	281740	110	
Saccade	281740	281770	30	7.12
Fixation	281770	281940	170	
Saccade	281980	282010	30	
Fixation	282010	282170	160	
Saccade	282170	282180	10	
Saccade	282480	282520	40	
Fixation	282520	282729	210	
Saccade	282729	282759	30	6.6
Fixation	282759	283199	440	
Saccade	283199	283269	70	
Saccade	283279	283349	70	
Fixation	283389	283459	70	
Saccade	283459	283469	10	
Saccade	283479	283559	80	
Fixation	283559	283829	270	
Saccade	283829	283859	30	4.37
Fixation	283859	284139	280	
Saccade	284139	284149	10	2.35
Fixation	284149	284428	280	
Saccade	284428	284458	30	
Saccade	284608	284628	20	
Fixation	284708	284938	230	
Saccade	284938	285018	80	
Saccade	285038	285068	30	
Saccade	285078	285158	80	
Saccade	285218	285238	20	
Fixation	285238	285328	90	
Saccade	285348	285388	40	
Saccade	285408	285468	60	
Fixation	285588	285868	280	
Fixation	286007	286127	120	
Saccade	286127	286147	20	
Saccade	286177	286207	30	
Saccade	286237	286257	20	
Fixation	286257	286367	110	
Saccade	286367	286407	40	
Saccade	286427	286527	100	
Fixation	286527	286707	180	
Saccade	286707	286767	60	20.01
Fixation	286767	287017	250	
Saccade	287017	287057	40	
Saccade	287087	287107	20	
Fixation	287107	287227	120	
Saccade	287227	287247	20	
Saccade	287287	287307	20	
Saccade	287447	287477	30	
Fixation	287477	287816	340	
Fixation	287956	288446	490	
Saccade	288446	288466	20	
Saccade	288476	288536	60	
Fixation	288536	288686	150	
Saccade	288686	288706	20	4.96
Fixation	288706	288776	70	
Saccade	288776	288806	30	
Saccade	288816	288836	20	
Saccade	288856	288876	20	
Fixation	288876	288966	90	
Saccade	288966	289006	40	8.73
Fixation	289006	289236	230	
Saccade	289236	289256	20	6.29
Fixation	289256	289336	80	
Saccade	289336	289356	20	4.46
Fixation	289356	289545	190	
Saccade	289545	289565	20	
Saccade	289605	289615	10	
Saccade	289645	289705	60	
Fixation	289705	289875	170	
Fixation	290025	290455	430	
Saccade	290455	290485	30	4.29
Fixation	290485	290745	260	
Saccade	290875	290915	40	
Saccade	290925	290955	30	
Fixation	290965	291075	110	
Saccade	291075	291104	30	
Saccade	291134	291154	20	
Saccade	291204	291224	20	
Saccade	291244	291254	10	
Fixation	291254	291364	110	
Saccade	291364	291384	20	
Saccade	291404	291464	60	
Fixation	291464	291544	80	
Saccade	291544	291584	40	
Saccade	291604	291664	60	
Saccade	291684	291744	60	
Fixation	291744	291844	100	
Saccade	291844	291854	10	
Saccade	291864	291924	60	
Saccade	291944	291964	20	
Fixation	291964	292244	280	
Fixation	292264	292334	70	
Saccade	292334	292354	20	
Saccade	292364	292394	30	
Fixation	292394	292753	360	
Saccade	292753	292813	60	
Saccade	292913	292943	30	
Fixation	293013	293123	110	
Saccade	293243	293283	40	
Saccade	293303	293323	20	
Saccade	293353	293393	40	
Saccade	293413	293433	20	
Fixation	293433	293533	100	
Saccade	293533	293613	80	
Saccade	293673	293693	20	
Fixation	293763	294193	430	
Saccade	294193	294263	70	7.36
Fixation	294263	294363	100	
Saccade	294363	294403	40	
Saccade	294423	294493	70	
Saccade	294512	294532	20	
Fixation	294532	294732	200	
Saccade	294732	294752	20	
Saccade	294762	294782	20	
Saccade	294792	294812	20	
Fixation	294812	294922	110	
Saccade	294922	294962	40	18.18
Fixation	294962	295242	280	
Fixation	295262	295802	540	
Fixation	295822	296042	220	
Saccade	296042	296082	40	
Saccade	296142	296181	40	
Saccade	296221	296241	20	
Fixation	296241	296351	110	
Saccade	296351	296371	20	
Saccade	296411	296421	10	
Saccade	296481	296541	60	
Fixation	296541	296661	120	
Saccade	296661	296671	10	2.46
Fixation	296671	296741	70	
Saccade	296801	296841	40	
Saccade	296861	296871	10	
Saccade	296881	296921	40	
Saccade	297061	297091	30	
Fixation	297091	297491	400	
Fixation	297511	297611	100	
Saccade	297611	297691	80	
Saccade	297751	297791	40	
Saccade	297801	297871	70	
Fixation	297871	298020	150	
Saccade	298020	298080	60	
Saccade	298160	298210	50	
Fixation	298210	298570	360	
Saccade	298570	298600	30	
Saccade	298800	298840	40	
Saccade	298900	298920	20	
Fixation	298920	298990	70	
Fixation	299010	299230	220	
Saccade	299230	299240	10	
Saccade	299250	299270	20	
Saccade	299330	299340	10	
Fixation	299340	299450	110	
Saccade	299450	299470	20	
Saccade	299490	299520	30	
Fixation	299520	299709	190	
Saccade	299709	299739	30	
Saccade	299809	299829	20	
Fixation	299829	299899	70	
Saccade	299899	299919	20	1.32
Fixation	299919	300199	280	
Saccade	300199	300219	20	7.25
Fixation	300219	300429	210	
Saccade	300429	300469	40	10.72
Fixation	300469	300639	170	
Saccade	300679	300699	20	
Saccade	300759	300769	10	
Fixation	300769	300899	130	
Saccade	300899	300929	30	10.73
Fixation	300929	301069	140	
Saccade	301069	301159	90	17.54
Fixation	301159	301278	120	
Saccade	301278	301298	20	4.69
Fixation	301298	301688	390	
Saccade	301688	301728	40	2.59
Fixation	301728	301798	70	
Saccade	302098	302158	60	
Fixation	302158	302478	320	
Saccade	302478	302488	10	
Saccade	302538	302578	40	
Saccade	302588	302608	20	
Saccade	302618	302638	20	
Saccade	302658	302708	50	
Saccade	302718	302788	70	
Fixation	302788	302918	130	
Fixation	302958	303087	130	
Saccade	303087	303107	20	
Fixation	303337	303907	570	
Saccade	303907	303947	40	
Saccade	304007	304067	60	
Saccade	304127	304147	20	
Fixation	304147	304427	280	
Saccade	304427	304467	40	
Saccade	304487	304517	30	
Saccade	304597	304617	20	
Saccade	304656	304686	30	
Saccade	304696	304706	10	
Fixation	304706	304956	250	
Fixation	304996	305406	410	
Saccade	305406	305426	20	
Saccade	305456	305466	10	
Saccade	305496	305536	40	
Saccade	305576	305596	20	
Saccade	305656	305676	20	
Fixation	305676	305876	200	
Saccade	306056	306076	20	
Fixation	306076	306465	390	
Saccade	306465	306505	40	0.61
Fixation	306505	307095	590	
Saccade	307095	307135	40	2.04
Fixation	307135	307225	90	
Saccade	307225	307265	40	0.98
Fixation	307265	307435	170	
Saccade	307505	307575	70	
Fixation	307595	307845	250	
Saccade	307845	307865	20	2.0
Fixation	307865	307945	80	
Saccade	307945	307965	20	
Saccade	308025	308044	20	
Saccade	308094	308104	10	
Saccade	308124	308134	10	
Fixation	308134	308374	240	
Saccade	308584	308604	20	
Saccade	308634	308654	20	
Saccade	308664	308704	40	
Saccade	308724	308734	10	
Saccade	308754	308834	80	
Saccade	308864	308884	20	
Fixation	308884	309753	869	
Saccade	309753	309843	90	26.88
Fixation	309843	309913	70	
Saccade	309913	309923	10	
Saccade	309963	309993	30	
Saccade	310023	310043	20	
Saccade	310213	310233	20	
Saccade	310253	310273	20	
Saccade	310313	310333	20	
Saccade	310343	310393	50	
Saccade	310403	310443	40	
Fixation	310443	310533	90	
Saccade	310533	310543	10	6.5
Fixation	310543	310833	290	
Saccade	310833	310853	20	
Saccade	310863	310883	20	
Saccade	311143	311153	10	
Saccade	311203	311243	40	
Saccade	311293	311303	10	
Saccade	311353	311373	20	
Saccade	311413	311423	10	
Fixation	311423	311532	110	
Saccade	311532	311552	20	
Saccade	311612	311632	20	
Fixation	311632	311712	80	
Saccade	311712	311732	20	
Saccade	311742	311762	20	
Saccade	311782	311792	10	
Saccade	311832	311852	20	
Fixation	311852	311982	130	
Saccade	312022	312052	30	
Saccade	312092	312112	20	
Fixation	312112	312552	440	
Saccade	312552	312572	20	
Saccade	312592	312652	60	
Saccade	312662	312682	20	
Fixation	312682	312772	90	
Fixation	312812	313042	230	
Saccade	313042	313062	20	4.11
Fixation	313062	313411	350	
Fixation	313431	313641	210	
Fixation	313741	314221	480	
Fixation	314241	314601	360	
Fixation	314781	315200	420	
Saccade	315300	315350	50	
Fixation	315350	315710	360	
Saccade	315720	315750	30	
Fixation	315750	316020	270	
Saccade	316020	316040	20	
Fixation	316190	316819	630	
Saccade	316819	316899	80	2.35
Fixation	316899	317129	230	
Saccade	317199	317229	30	
Fixation	317229	317389	160	
Saccade	317549	317569	20	25.65
Fixation	317569	317639	70	
Saccade	317639	317649	10	3.3
Fixation	317649	317969	320	
Saccade	317969	318029	60	13.93
Fixation	318029	318109	80	
Saccade	318109	318119	10	5.09
Fixation	318119	318338	220	
Saccade	318338	318368	30	9.32
Fixation	318368	318548	180	
Saccade	318548	318568	20	4.71
Fixation	318568	319098	530	
Saccade	319098	319128	30	10.59
Fixation	319128	319388	260	
Saccade	319388	319408	20	8.54
Fixation	319408	319578	170	
Saccade	319578	319608	30	
Fixation	319927	320397	470	
Saccade	320397	320417	20	5.34
Fixation	320417	320697	280	
Saccade	320697	320747	50	6.71
Fixation	320747	321117	370	
Saccade	321117	321237	120	
Saccade	321257	321277	20	
Saccade	321287	321367	80	
Fixation	321367	321437	70	
Saccade	321437	321457	20	
Saccade	321487	321517	30	
Fixation	321517	321696	180	
Saccade	321696	321706	10	
Saccade	321736	321756	20	
Fixation	321766	321836	70	
Saccade	321836	321846	10	3.91
Fixation	321846	321916	70	
Saccade	321976	322016	40	
Saccade	322026	322046	20	
Saccade	322056	322066	10	
Saccade	322126	322136	10	
Saccade	322146	322206	60	
Fixation	322206	322306	100	
Saccade	322436	322476	40	
Fixation	322496	322706	210	
Saccade	322706	322736	30	
Fixation	322756	323006	250	
Saccade	323006	323086	80	
Saccade	323106	323136	30	
Saccade	323176	323196	20	
Saccade	323256	323276	20	
Fixation	323276	323775	500	
Saccade	323775	323795	20	3.12
Fixation	323795	324125	330	
Saccade	324125	324145	20	6.3
Fixation	324145	324315	170	
Saccade	324315	324375	60	28.31
Fixation	324375	324455	80	
Saccade	324455	324475	20	
Fixation	324495	324615	120	
Saccade	324655	324685	30	
Fixation	324915	325035	120	
Saccade	325035	325064	30	
Saccade	325074	325114	40	
Saccade	325154	325214	60	
Saccade	325274	325314	40	
Saccade	325374	325384	10	
Saccade	325414	325534	120	
Saccade	325574	325604	30	
Fixation	325604	325704	100	
Saccade	325704	325724	20	
Saccade	325764	325824	60	
Fixation	325824	325994	170	
Saccade	325994	326064	70	
Saccade	326204	326214	10	
Fixation	326254	326334	80	
Saccade	326334	326384	50	6.39
Fixation	326384	327243	860	
Fixation	327263	327493	230	
Fixation	327553	327993	440	
Fixation	328013	328153	140	
Fixation	328233	328552	320	
Saccade	328552	328572	20	6.06
Fixation	328572	328752	180	
Fixation	328792	329222	430	
Saccade	329222	329252	30	
Saccade	329312	329352	40	
Saccade	329372	329422	50	
Saccade	329432	329462	30	
Saccade	329492	329512	20	
Saccade	329532	329552	20	
Saccade	329602	329622	20	
Fixation	329642	329852	210	
Saccade	329852	329872	20	
Saccade	329912	329942	30	
Saccade	330221	330231	10	
Fixation	330231	330711	480	
Saccade	330711	330731	20	
Saccade	330761	330871	110	
Saccade	330881	330981	100	
Saccade	330991	331011	20	
Saccade	331021	331041	20	
Saccade	331051	331081	30	
Saccade	331131	331151	20	
Saccade	331171	331191	20	
Fixation	331191	331371	180	
Saccade	331371	331421	50	
Saccade	331631	331681	50	
Fixation	331681	332000	320	
Saccade	332000	332030	30	
Saccade	332070	332100	30	
Saccade	332130	332150	20	
Saccade	332190	332220	30	
Fixation	332220	332470	250	
Saccade	332470	332490	20	4.92
Fixation	332490	332610	120	
Saccade	332610	332670	60	17.29
Fixation	332670	332860	190	
Saccade	332860	332930	70	
Saccade	332940	332960	20	
Saccade	332980	333000	20	
Saccade	333010	333100	90	
Fixation	333100	333170	70	
Saccade	333360	333370	10	
Fixation	333370	333679	310	
Saccade	333679	333749	70	
Saccade	333779	333799	20	
Saccade	333839	333859	20	
Fixation	333859	334059	200	
Saccade	334059	334179	120	
Saccade	334209	334289	80	
Saccade	334309	334329	20	
Saccade	334349	334369	20	
Saccade	334749	334769	20	
Saccade	334809	334839	30	
Fixation	334839	335189	350	
Saccade	335189	335208	20	2.18
Fixation	335208	335448	240	
Saccade	335448	335488	40	9.79
Fixation	335488	335768	280	
Saccade	335768	335798	30	6.45
Fixation	335798	335988	190	
Saccade	335988	336048	60	13.81
Fixation	336048	336608	560	
Saccade	336608	336648	40	
Saccade	336658	336678	20	
Saccade	336718	336758	40	
Saccade	336788	336838	50	
Saccade	336898	336917	20	
Saccade	336977	337007	30	
Fixation	337107	337187	80	
Saccade	337187	337217	30	
Saccade	337247	337297	50	
Saccade	337317	337347	30	
Saccade	337357	337387	30	
Fixation	337387	337787	400	
Fixation	337807	337937	130	
Saccade	337937	337977	40	14.08
Fixation	337977	338167	190	
Saccade	338267	338287	20	
Fixation	338287	338397	110	
Saccade	338397	338457	60	
Saccade	338507	338567	60	
Fixation	338567	338786	220	
Saccade	338786	338806	20	3.31
Fixation	338806	338886	80	
Saccade	339136	339256	120	
Saccade	339296	339336	40	
Saccade	339366	339396	30	
Saccade	339416	339436	20	
Saccade	339486	339496	10	
Fixation	339496	339616	120	
Saccade	339616	339636	20	
Saccade	339686	339696	10	
Saccade	339746	339786	40	
Fixation	339786	339936	150	
Fixation	339956	340585	630	
Saccade	340585	340625	40	
Saccade	340905	340945	40	
Fixation	340945	341095	150	
Saccade	341095	341105	10	
Saccade	341115	341145	30	
Saccade	341275	341325	50	
Saccade	341345	341405	60	
Fixation	341405	341475	70	
Saccade	341475	341495	20	3.74
Fixation	341495	341855	360	
Saccade	341855	341915	60	10.59
Fixation	341915	342564	650	
Saccade	342564	342644	80	
Saccade	342674	342774	100	
Saccade	342834	342854	20	
Saccade	342864	342884	20	
Fixation	342884	342964	80	
Saccade	342964	342994	30	5.78
Fixation	342994	343244	250	
Saccade	343244	343274	30	
Saccade	343514	343534	20	
Saccade	343544	343564	20	
Saccade	343614	343664	50	
Fixation	343664	343803	140	
Saccade	343803	343823	20	
Saccade	343833	343863	30	
Saccade	343903	343923	20	
Saccade	343943	343963	20	
Saccade	343973	343983	10	
Fixation	343983	344103	120	
Saccade	344103	344133	30	5.5
Fixation	344133	344253	120	
Saccade	344253	344383	130	29.01
Fixation	344383	344513	130	
Saccade	344513	344533	20	
Fixation	344633	345013	380	
Saccade	345013	345103	90	
Saccade	345153	345173	20	
Fixation	345173	345273	100	
Saccade	345353	345382	30	
Saccade	345432	345492	60	
Saccade	345522	345542	20	
Saccade	345722	345742	20	
Fixation	345762	345892	130	
Saccade	345892	345912	20	4.49
Fixation	345912	346282	370	
Saccade	346282	346302	20	2.91
Fixation	346302	346412	110	
Saccade	346412	346492	80	21.22
Fixation	346492	346982	490	
Saccade	346982	347002	20	3.9
Fixation	347002	347151	150	
Fixation	347291	347611	320	
Saccade	347611	347661	50	10.04
Fixation	347661	347901	240	
Saccade	347901	347921	20	4.2
Fixation	347921	348061	140	
Saccade	348061	348101	40	
Saccade	348111	348141	30	
Fixation	348141	348351	210	
Fixation	348391	348641	250	
Saccade	348661	348691	30	
Fixation	348691	348960	270	
Fixation	349110	349320	210	
Saccade	349320	349350	30	
Saccade	349380	349430	50	
Saccade	349510	349530	20	
Fixation	349530	349790	260	
Saccade	349840	349870	30	
Fixation	349870	350050	180	
Fixation	350070	350270	200	
Saccade	350270	350300	30	
Fixation	350509	350629	120	
Saccade	350629	350669	40	
Saccade	350689	350739	50	
Fixation	350739	351209	470	
Saccade	351209	351279	70	13.32
Fixation	351279	351429	150	
Saccade	351429	351439	10	
Saccade	351459	351469	10	
Fixation	351469	351549	80	
Saccade	351549	351559	10	4.67
Fixation	351559	351839	280	
Saccade	351839	351879	40	11.09
Fixation	351879	351989	110	
Saccade	352179	352238	60	
Fixation	352238	352658	420	
Saccade	352658	352678	20	
Saccade	352718	352728	10	
Saccade	352768	352778	10	
Saccade	352788	352808	20	
Saccade	352818	352828	10	
Saccade	352878	352888	10	
Saccade	352908	352918	10	
Saccade	353048	353068	20	
Fixation	353068	353418	350	
Saccade	353418	353458	40	1.53
Fixation	353458	353588	130	
Fixation	353708	353907	200	
Saccade	353907	353927	20	
Fixation	353967	354137	170	
Saccade	354137	354147	10	
Saccade	354407	354427	20	
Fixation	354427	354947	520	
Saccade	354947	354987	40	11.82
Fixation	354987	355137	150	
Saccade	355137	355157	20	3.69
Fixation	355157	355297	140	
Saccade	355297	355427	130	
Saccade	355457	355507	50	
Saccade	355527	355547	20	
Saccade	355596	355646	50	
Saccade	355676	355686	10	
Fixation	355686	355776	90	
Fixation	355936	356226	290	
Saccade	356226	356306	80	
Saccade	356366	356386	20	
Fixation	356386	356706	320	
Saccade	356706	356726	20	
Saccade	356736	356776	40	
Fixation	356836	356986	150	
Saccade	356986	357046	60	20.25
Fixation	357046	357206	160	
Saccade	357206	357226	20	6.93
Fixation	357226	357405	180	
Saccade	357405	357435	30	
Saccade	357575	357595	20	
Fixation	357595	357665	70	
Saccade	357665	357695	30	
Saccade	357715	357735	20	
Saccade	357745	357765	20	
Fixation	357765	357895	130	
Saccade	357895	357915	20	7.3
Fixation	357915	358085	170	
Saccade	358085	358115	30	9.18
Fixation	358115	358355	240	
Saccade	358355	358385	30	5.97
Fixation	358385	358555	170	
Saccade	358555	358575	20	2.88
Fixation	358575	358765	190	
Saccade	358765	358795	30	6.65
Fixation	358795	359004	210	
Saccade	359004	359034	30	
Saccade	359194	359214	20	
Saccade	359224	359284	60	
Fixation	359284	359494	210	
Saccade	359694	359704	10	
Fixation	359704	359934	230	
Fixation	360064	360604	540	
Saccade	360604	360713	110	
Saccade	360773	360803	30	
Saccade	360823	360853	30	
Fixation	360853	360953	100	
Saccade	360953	360973	20	3.46
Fixation	360973	361093	120	
Saccade	361093	361113	20	
Saccade	361123	361143	20	
Fixation	361143	361253	110	
Saccade	361253	361273	20	
Saccade	361283	361303	20	
Saccade	361323	361353	30	
Saccade	361693	361723	30	
Saccade	361733	361753	20	
Saccade	361793	361813	20	
Saccade	361833	361863	30	
Saccade	361873	361883	10	
Fixation	361883	362013	130	
Saccade	362013	362043	30	
Saccade	362133	362173	40	
Saccade	362392	362452	60	
Saccade	362462	362482	20	
Saccade	362502	362522	20	
Fixation	362522	362772	250	
Saccade	362772	362802	30	
Saccade	362832	362872	40	
Fixation	362872	363432	560	
Saccade	363432	363482	50	3.62
Fixation	363482	363762	280	
Saccade	363762	363792	30	
Saccade	363812	363852	40	
Saccade	363872	363912	40	
Fixation	363912	364191	280	
Fixation	364211	364451	240	
Saccade	364451	364471	20	
Saccade	364671	364701	30	
Fixation	364701	364771	70	
Saccade	364771	364801	30	
Saccade	364811	364891	80	
Saccade	364951	364971	20	
Saccade	364981	365001	20	
Saccade	365071	365111	40	
Saccade	365131	365151	20	
Saccade	365181	365231	50	
Saccade	365291	365341	50	
Saccade	365361	365381	20	
Saccade	365391	365481	90	
Saccade	365541	365551	10	
Fixation	365551	365800	250	
Saccade	365800	365830	30	
Saccade	366030	366050	20	
Fixation	366050	366490	440	
Fixation	366670	367150	480	
Saccade	367150	367180	30	
Saccade	367609	367639	30	
Fixation	367639	367839	200	
Saccade	367839	367869	30	
Saccade	368319	368339	20	
Saccade	368559	368569	10	
Fixation	368569	368879	310	
Saccade	368879	368909	30	
Saccade	369049	369079	30	
Fixation	369079	369588	510	
Fixation	369628	369738	110	
Fixation	369758	369868	110	
Saccade	370108	370138	30	
Fixation	370138	370907	770	
