start_time	end_time	Block	Grid	IFU	Single Shape
0.365	0.974	1600.0	1600.0	672.2	1600.0
1.024	1.334	1600.0	1600.0	553.3	1600.0
1.354	1.994	1600.0	1600.0	1600.0	1600.0
2.743	2.843	481.2	912.6	575.2	1600.0
2.913	3.033	1600.0	619.5	313.0	1600.0
3.173	3.243	642.3	367.2	77.0	1600.0
3.463	3.733	851.1	251.8	63.5	1600.0
3.893	4.093	575.6	575.8	0.0	1600.0
4.123	4.502	702.5	495.3	0.0	1600.0
4.512	4.822	749.1	466.7	0.0	1600.0
4.842	5.822	737.8	568.1	0.0	1600.0
5.832	6.022	850.7	536.1	0.0	1600.0
6.041	6.341	790.4	551.7	0.0	1600.0
6.361	7.081	828.8	613.4	0.0	1600.0
7.111	7.291	789.1	702.9	0.0	1600.0
7.371	8.26	851.8	650.7	0.0	1600.0
8.28	9.18	1600.0	515.5	0.0	1600.0
9.21	9.34	1600.0	0.0	811.0	1600.0
9.719	10.019	1600.0	3.6	1115.7	1600.0
10.049	10.689	1600.0	0.0	1074.3	1600.0
10.719	10.839	1176.1	125.0	342.6	1600.0
10.889	11.119	1099.7	206.9	259.1	1600.0
11.408	12.158	1600.0	227.2	276.9	1600.0
12.228	12.478	1600.0	0.0	606.0	1600.0
12.498	12.828	1600.0	0.0	592.7	1600.0
12.997	13.267	1600.0	335.1	199.1	1600.0
13.607	14.147	1600.0	33.6	1098.9	1600.0
14.177	14.327	1600.0	0.0	1104.6	1600.0
14.357	14.527	1600.0	0.0	1221.7	1600.0
14.557	14.726	1600.0	0.0	1289.1	1600.0
14.746	14.876	1600.0	0.0	1216.3	1600.0
14.906	15.036	1600.0	0.0	1036.9	1600.0
15.086	15.346	1600.0	0.0	800.6	1600.0
15.366	15.546	1600.0	0.0	691.9	1600.0
15.566	15.766	1600.0	0.0	593.3	1600.0
15.796	15.956	1600.0	0.0	747.4	1600.0
15.966	16.126	1600.0	0.0	810.2	1600.0
16.166	16.296	1600.0	0.0	624.9	1600.0
16.365	16.685	1600.0	0.0	1600.0	1600.0
16.705	16.885	1600.0	0.0	1600.0	1600.0
16.925	17.085	1600.0	132.5	1600.0	1600.0
17.115	18.634	1600.0	64.1	1600.0	29.7
18.694	19.823	1600.0	203.9	1600.0	113.9
19.843	22.112	1600.0	123.4	1600.0	34.1
22.162	23.551	1600.0	53.7	1600.0	1600.0
23.571	23.741	1600.0	0.0	1600.0	56.0
23.761	23.971	1600.0	0.0	1600.0	114.1
23.991	24.261	1600.0	0.0	1074.2	1600.0
24.311	24.501	1600.0	0.0	711.6	1600.0
24.511	24.631	1600.0	0.0	808.9	1600.0
24.651	24.841	1600.0	0.0	730.0	1600.0
24.861	25.02	1600.0	0.0	808.3	1600.0
25.05	25.19	1600.0	0.0	744.8	1600.0
25.24	25.42	1600.0	0.0	908.4	1600.0
25.44	25.51	1600.0	0.0	893.9	1600.0
25.54	25.68	1600.0	0.0	1034.8	1600.0
25.74	26.22	1600.0	0.0	733.1	1600.0
26.23	26.31	1600.0	0.0	754.9	1600.0
26.33	26.51	1600.0	0.0	850.0	1600.0
26.54	27.019	1600.0	0.0	1011.7	1600.0
27.039	27.189	1600.0	0.0	1051.9	1600.0
27.279	28.089	1600.0	96.9	1241.9	1600.0
28.109	28.179	1600.0	22.7	1193.2	1600.0
28.199	28.309	1600.0	33.5	1178.9	1600.0
28.328	29.578	1600.0	67.0	1248.9	13.6
29.598	29.678	1600.0	123.2	1302.8	0.0
29.698	29.808	1600.0	138.1	1321.2	0.0
29.828	31.117	1600.0	0.0	885.5	205.5
31.387	31.467	91.0	1138.6	414.0	500.6
31.497	31.697	101.8	1600.0	454.5	327.8
31.707	31.946	4.0	1600.0	475.7	165.0
32.286	32.416	36.3	1600.0	855.6	465.4
32.446	32.566	0.0	1600.0	837.4	492.5
32.676	32.756	0.0	1600.0	696.6	350.4
32.826	33.056	279.9	1600.0	1088.3	821.3
33.126	33.216	290.6	1600.0	1600.0	1600.0
33.246	34.325	0.0	1600.0	705.5	327.8
34.345	34.655	30.9	1600.0	521.0	0.0
34.685	34.875	128.8	1600.0	391.2	1600.0
34.895	34.965	98.8	1600.0	421.0	1600.0
34.975	35.304	50.4	1600.0	474.9	1600.0
35.324	35.724	64.0	1600.0	487.8	1600.0
35.764	35.844	9.0	1011.7	403.1	1600.0
36.264	36.694	641.8	580.5	0.0	1600.0
37.203	37.343	658.0	677.1	0.0	1600.0
37.443	37.533	607.2	820.2	0.0	1600.0
37.633	37.753	709.8	719.4	17.9	1600.0
37.793	38.063	722.4	719.1	37.9	1600.0
38.103	38.373	676.4	652.4	0.0	1600.0
38.403	38.742	561.0	734.0	0.0	1600.0
38.862	39.122	614.9	677.1	0.0	1600.0
39.172	39.422	776.4	563.4	0.0	1600.0
39.482	39.922	717.2	717.6	0.0	1600.0
39.942	40.082	761.1	716.0	0.0	1600.0
40.142	40.451	865.5	789.4	0.0	1600.0
40.471	40.641	1600.0	775.7	0.0	1600.0
40.661	40.761	1600.0	797.9	0.0	1600.0
40.861	41.361	1600.0	724.9	0.0	1600.0
41.381	41.621	1600.0	105.6	373.0	1600.0
41.661	41.781	1600.0	0.0	531.6	1600.0
42.56	42.72	1600.0	142.2	1229.8	1600.0
42.77	43.09	1600.0	121.9	1367.7	1600.0
43.13	43.41	1600.0	0.0	1059.4	1600.0
43.53	43.72	1600.0	0.0	1007.1	1600.0
43.78	43.909	1600.0	0.0	632.0	1600.0
44.149	44.319	1600.0	0.0	654.6	1600.0
44.349	44.789	1600.0	0.0	525.9	1600.0
44.829	45.119	1600.0	0.0	579.3	1600.0
45.159	45.269	1600.0	0.0	729.0	1600.0
45.538	45.818	1600.0	40.5	784.0	209.0
45.878	46.148	1600.0	0.0	570.6	102.7
46.288	46.868	1600.0	41.0	692.9	0.0
46.888	47.227	1600.0	0.0	671.7	1600.0
47.407	47.577	1600.0	0.0	629.9	1600.0
47.597	48.187	1600.0	0.0	621.3	1600.0
48.257	48.367	1600.0	98.5	893.3	1600.0
48.377	48.547	1600.0	121.2	944.0	41.9
48.567	48.707	1600.0	57.2	905.3	0.0
48.727	49.066	1600.0	0.0	891.4	22.6
49.206	49.586	1600.0	26.9	910.8	2.2
49.786	50.386	561.2	669.7	256.3	672.8
50.506	50.656	123.0	1600.0	409.4	1600.0
50.975	51.075	70.6	1600.0	894.5	532.6
51.195	51.415	0.0	1600.0	757.5	1600.0
51.425	51.575	0.0	1600.0	631.5	1600.0
51.715	52.335	0.0	1600.0	528.4	1600.0
52.355	52.874	30.0	1600.0	447.1	1600.0
53.014	53.344	708.2	516.2	0.0	1600.0
53.554	53.654	954.3	386.8	48.0	1600.0
53.824	54.053	711.5	719.9	0.0	1600.0
54.074	54.233	708.0	691.5	0.0	1600.0
54.253	54.693	602.2	780.5	0.0	1600.0
54.713	55.313	608.8	692.9	22.4	1600.0
55.513	55.603	715.1	530.6	0.0	1600.0
55.643	56.012	555.2	629.3	0.0	1600.0
56.032	56.212	524.9	638.5	0.0	1600.0
56.242	56.582	699.9	463.2	5.1	1600.0
56.632	56.812	608.7	596.9	0.0	1600.0
56.952	57.022	613.5	617.2	0.0	1600.0
57.052	57.152	701.8	670.2	0.0	1600.0
57.172	58.531	638.6	685.5	0.0	1600.0
58.551	58.651	683.4	591.2	0.0	1600.0
58.671	58.881	680.1	617.0	0.0	1600.0
58.911	59.33	1600.0	174.3	242.6	1600.0
59.35	59.6	1600.0	0.0	582.5	1600.0
59.95	60.09	1600.0	0.0	1061.3	1600.0
60.26	60.77	1600.0	0.0	1600.0	1600.0
60.919	61.139	1600.0	0.0	1269.7	1600.0
61.159	61.259	1600.0	0.0	1208.3	1600.0
61.299	61.429	1600.0	16.4	948.8	1600.0
61.459	61.539	1600.0	0.0	795.9	1600.0
61.599	61.779	1600.0	0.0	667.8	1600.0
61.939	63.018	1600.0	0.0	790.8	81.0
63.288	63.808	1600.0	0.0	700.5	1600.0
63.818	64.088	1600.0	246.3	586.8	1600.0
64.138	64.258	1600.0	329.9	449.0	90.3
64.477	66.186	1600.0	277.4	573.3	47.1
66.496	66.826	1600.0	376.9	552.2	1600.0
66.866	67.026	1600.0	0.0	843.9	1600.0
67.056	67.366	1600.0	193.6	1060.3	1600.0
67.406	67.516	1600.0	242.8	1600.0	1600.0
67.845	67.995	1600.0	0.0	1600.0	1600.0
68.025	68.255	1600.0	7.8	1321.8	1600.0
68.305	68.465	1600.0	0.0	1124.2	1600.0
68.485	68.685	1600.0	0.0	1012.5	1600.0
68.715	68.835	1600.0	0.0	1051.9	1600.0
68.875	69.115	1600.0	0.0	887.5	1600.0
69.135	69.275	1600.0	0.0	916.0	1600.0
69.505	69.624	1600.0	0.0	1009.8	1600.0
69.644	69.814	1600.0	0.0	1069.6	1600.0
69.864	70.054	1600.0	0.0	973.7	1600.0
70.074	70.154	1600.0	0.0	954.1	1600.0
70.174	70.294	1600.0	0.0	957.1	1600.0
70.494	70.564	1600.0	0.0	752.0	1600.0
70.584	70.934	1600.0	0.0	705.5	1600.0
70.964	71.134	1600.0	0.0	543.0	1600.0
71.184	71.413	826.3	320.2	171.2	1600.0
71.553	71.723	688.4	465.0	164.0	1600.0
71.753	71.823	604.4	548.0	133.7	1600.0
72.113	72.313	628.7	640.1	0.0	1600.0
72.533	73.062	1600.0	249.1	253.6	1600.0
73.392	73.492	1600.0	73.4	892.9	1600.0
73.612	73.892	1600.0	0.0	629.7	1600.0
73.932	74.072	1600.0	43.8	872.7	0.0
74.112	74.731	1600.0	17.0	911.5	0.0
74.851	75.371	1600.0	0.0	805.9	1600.0
75.471	75.681	1600.0	0.0	693.1	1600.0
75.691	76.051	1600.0	0.0	578.1	1600.0
76.071	76.251	1600.0	392.7	445.8	174.8
76.49	76.57	1600.0	375.0	446.2	39.1
76.59	76.69	1600.0	361.2	481.4	33.5
76.71	77.39	1600.0	241.1	607.1	3.2
77.51	77.78	1600.0	43.9	636.7	13.0
77.8	77.99	1600.0	253.0	620.4	0.0
78.169	78.569	1600.0	183.9	623.1	46.8
78.609	79.149	1600.0	273.6	495.9	47.1
79.189	79.349	1600.0	0.0	590.0	1600.0
79.449	79.619	1600.0	0.0	678.8	1600.0
79.649	79.998	1600.0	215.2	331.0	1600.0
80.028	80.268	1050.6	315.0	221.9	1600.0
80.588	81.008	1600.0	414.7	23.0	1600.0
81.188	81.328	1600.0	28.0	522.6	1600.0
81.418	81.657	1600.0	69.0	1600.0	1600.0
81.687	81.917	1600.0	0.0	1600.0	1600.0
81.957	82.187	1600.0	4.2	1600.0	1600.0
82.427	82.677	1600.0	0.0	903.2	1600.0
82.697	82.837	1600.0	0.0	789.6	1600.0
82.877	83.107	1600.0	0.0	718.9	1600.0
83.117	83.326	1600.0	0.0	688.4	1600.0
83.346	83.526	1600.0	0.0	736.6	1600.0
83.546	83.796	1600.0	0.0	1600.0	1600.0
83.826	83.946	1600.0	0.0	1600.0	1600.0
83.976	84.116	1600.0	0.0	1600.0	1600.0
84.376	84.686	1600.0	9.9	1600.0	1600.0
84.716	85.005	1600.0	0.0	1600.0	1600.0
85.035	85.365	981.7	173.6	292.0	1600.0
85.395	85.595	821.0	449.5	70.0	1600.0
86.095	86.994	1600.0	107.6	458.8	1600.0
87.434	87.904	1600.0	19.1	1600.0	1600.0
87.914	88.024	1600.0	0.0	1600.0	1600.0
88.034	88.164	1600.0	0.0	1600.0	1600.0
88.184	88.254	1600.0	0.0	1600.0	1600.0
88.453	90.053	1600.0	2.2	1600.0	1600.0
90.212	90.682	373.1	727.1	51.5	1600.0
91.092	91.252	282.0	1600.0	1093.4	1600.0
91.342	91.462	0.0	1600.0	779.3	1600.0
91.502	91.682	42.0	1600.0	461.0	523.9
91.702	91.851	118.7	1600.0	378.9	627.3
91.871	92.001	256.9	1600.0	238.3	588.3
92.021	92.511	93.7	1600.0	432.3	1600.0
92.531	92.731	16.4	1600.0	611.3	1600.0
92.781	92.891	0.0	1600.0	659.5	750.7
93.051	93.71	0.0	1600.0	592.1	386.8
93.72	93.83	5.0	1600.0	483.5	117.2
93.85	93.98	41.3	1600.0	450.4	280.0
94.0	94.31	0.0	1600.0	488.7	217.8
94.59	95.03	0.0	1600.0	641.2	209.3
95.289	95.689	37.3	1600.0	557.0	1600.0
95.709	96.869	96.0	963.8	342.2	1600.0
97.158	97.318	619.9	704.3	0.0	1600.0
97.338	98.328	661.1	771.7	4.5	1600.0
98.488	98.867	1600.0	243.7	250.0	1600.0
98.947	99.267	1600.0	19.1	503.6	1600.0
99.427	99.637	1600.0	0.0	963.3	1600.0
99.677	99.767	1600.0	0.0	860.2	1600.0
99.887	100.247	1600.0	0.0	832.2	1600.0
100.277	100.386	1600.0	0.0	836.5	1600.0
100.426	100.646	1600.0	66.3	706.6	1600.0
100.666	100.826	1600.0	83.6	593.4	1600.0
100.986	101.196	1600.0	88.1	606.2	1600.0
101.216	101.496	1600.0	0.0	507.5	1600.0
101.516	101.986	1600.0	49.0	552.9	75.0
102.165	103.065	1600.0	125.4	747.1	32.5
103.115	103.285	1600.0	0.0	543.4	1600.0
103.405	103.844	1600.0	0.0	587.3	1600.0
103.864	103.984	1600.0	0.0	610.0	109.1
104.064	104.154	1600.0	0.0	714.8	171.5
104.184	104.424	1600.0	54.6	915.2	15.0
104.444	104.704	1600.0	19.2	897.8	68.8
104.884	105.743	506.0	1600.0	150.8	1600.0
106.193	106.323	219.8	1600.0	1029.9	1600.0
106.623	106.783	56.4	1600.0	858.7	1600.0
106.823	107.053	0.0	1600.0	600.7	1600.0
107.073	107.192	0.0	1600.0	602.7	1600.0
107.202	107.322	0.0	1600.0	634.7	1600.0
107.352	107.782	0.0	1600.0	792.5	1600.0
107.962	108.172	0.0	1600.0	686.1	1600.0
108.202	108.462	0.0	1600.0	793.0	1600.0
108.642	108.732	0.0	1600.0	775.3	1600.0
108.742	108.961	18.6	1600.0	840.3	1600.0
108.981	109.181	61.0	1600.0	731.7	1600.0
109.211	109.421	0.0	1600.0	734.1	370.3
109.441	109.701	0.0	1600.0	677.2	189.9
109.881	110.501	0.0	1600.0	755.2	1600.0
110.521	111.3	17.0	1600.0	645.1	1600.0
111.66	111.98	682.5	537.6	0.0	1600.0
112.27	112.489	865.1	504.1	0.0	1600.0
112.519	113.069	817.6	605.9	0.0	1600.0
113.089	113.339	730.2	573.2	0.0	1600.0
113.359	113.529	570.1	678.8	0.0	1600.0
113.559	113.819	652.5	571.1	32.2	1600.0
113.859	113.929	647.0	602.3	0.0	1600.0
113.979	114.538	623.3	619.0	0.0	1600.0
114.568	114.728	622.4	650.1	0.0	1600.0
114.748	115.048	674.5	622.3	0.0	1600.0
115.088	115.168	792.3	654.6	0.0	1600.0
115.178	116.227	713.1	666.2	0.0	1600.0
116.237	116.397	775.2	559.1	0.0	1600.0
116.417	116.727	627.3	666.3	0.0	1600.0
116.747	116.887	566.9	722.5	0.0	1600.0
116.907	117.237	783.2	481.1	0.0	1600.0
117.267	117.706	1600.0	210.3	222.0	1600.0
117.866	118.306	1600.0	0.0	525.1	1600.0
118.386	118.616	359.3	524.9	0.0	1600.0
118.686	118.786	1600.0	495.3	0.0	1600.0
119.056	119.215	1600.0	281.6	489.7	0.0
119.225	120.135	1600.0	208.5	612.3	0.0
120.275	120.515	1600.0	184.1	561.5	61.9
120.545	121.464	1600.0	0.0	734.5	1600.0
121.514	121.654	1600.0	74.1	965.0	1600.0
121.694	122.813	1600.0	0.0	729.4	89.3
122.993	123.633	1600.0	5.4	406.3	358.9
123.903	123.973	264.0	1600.0	798.1	1212.3
124.033	124.113	260.8	1600.0	831.5	1600.0
124.642	124.932	0.0	1600.0	782.9	820.0
124.982	125.522	137.4	1600.0	460.2	213.4
125.542	125.672	0.0	1600.0	795.1	1600.0
125.722	126.591	0.0	1600.0	698.6	1600.0
126.601	127.291	131.5	1600.0	531.2	67.9
128.67	129.05	137.0	1600.0	462.0	0.0
129.19	129.609	95.6	1600.0	490.1	1600.0
129.649	131.059	58.7	1600.0	529.4	1600.0
131.278	131.458	963.9	441.7	83.2	1600.0
131.478	131.668	826.0	686.9	0.0	1600.0
131.688	132.218	782.7	708.1	0.0	1600.0
132.238	132.378	768.6	623.4	0.0	1600.0
132.418	133.147	695.4	779.3	0.0	1600.0
133.167	133.667	1600.0	169.8	319.8	1600.0
133.827	133.957	1600.0	77.1	474.3	1600.0
133.977	134.177	1600.0	153.3	357.0	1600.0
134.277	134.407	1600.0	443.2	55.0	1600.0
134.427	134.786	1600.0	90.4	387.5	1600.0
135.086	135.196	1600.0	0.0	1600.0	1600.0
135.246	135.386	1600.0	0.0	1600.0	1600.0
135.426	135.626	1600.0	0.0	1600.0	1600.0
135.646	135.716	1600.0	12.7	1600.0	1600.0
135.806	136.036	1600.0	0.0	1600.0	1600.0
136.066	136.335	1600.0	0.0	1600.0	1600.0
136.365	137.875	1600.0	0.0	832.7	12.0
137.895	138.474	288.5	1600.0	318.0	110.0
138.654	138.754	135.2	1069.6	452.4	384.3
138.774	138.974	351.4	831.2	224.9	324.5
139.014	139.214	0.0	1600.0	698.4	518.4
139.604	139.713	386.8	1600.0	276.2	18.2
139.993	140.203	0.0	1600.0	849.0	490.2
140.283	140.433	235.6	1600.0	451.2	22.2
140.493	140.633	0.0	1600.0	781.8	1600.0
140.653	140.903	55.9	1600.0	578.8	1600.0
141.163	141.343	0.0	1600.0	625.9	380.9
141.353	141.732	4.2	1600.0	904.2	1600.0
141.802	141.872	226.7	1600.0	1064.0	562.7
141.892	142.202	0.0	1600.0	787.3	246.7
142.212	142.632	0.0	1600.0	809.0	1600.0
142.692	143.062	179.5	1600.0	568.0	1600.0
143.101	143.291	0.0	1600.0	708.0	1600.0
143.321	143.651	59.9	1600.0	599.3	1600.0
143.691	143.791	32.5	1600.0	648.5	1600.0
143.801	144.711	396.5	732.1	145.1	1600.0
144.88	144.95	1254.0	259.9	221.4	1600.0
145.02	145.46	1030.6	393.1	68.0	1600.0
145.53	145.63	823.7	521.1	0.0	1600.0
145.65	145.99	681.5	695.5	0.0	1600.0
146.02	146.51	731.5	631.6	0.0	1600.0
146.619	146.799	713.4	644.7	0.0	1600.0
146.859	147.609	534.2	866.4	0.0	1600.0
147.749	148.278	753.1	647.9	0.0	1600.0
148.288	148.488	819.7	658.3	0.0	1600.0
148.508	149.358	1600.0	231.0	229.0	1600.0
149.508	149.658	1600.0	339.6	1420.0	1600.0
149.838	150.027	1600.0	21.9	1143.2	1600.0
150.067	150.647	1600.0	0.0	904.8	1600.0
150.807	150.897	1600.0	1.4	919.7	1600.0
150.927	151.177	1600.0	6.0	1105.9	1600.0
151.227	151.437	1600.0	0.0	766.0	104.4
151.477	152.586	1600.0	0.0	863.5	66.6
152.606	152.686	256.6	1600.0	330.6	1600.0
152.726	152.826	181.7	1600.0	497.1	1600.0
153.206	153.336	192.9	1600.0	1140.1	1600.0
153.425	153.525	14.6	1600.0	794.2	1600.0
153.645	153.765	18.4	1600.0	650.4	664.6
153.825	153.925	116.3	1600.0	523.0	520.6
153.985	154.565	0.0	1600.0	658.8	395.8
154.795	155.005	0.0	1600.0	688.8	394.8
155.035	155.484	0.0	1600.0	662.3	417.3
155.494	155.684	0.0	1600.0	651.0	438.8
155.704	155.874	0.0	1600.0	616.5	356.6
155.904	156.084	0.0	1600.0	653.0	456.1
156.144	156.424	0.0	1600.0	647.7	305.6
156.434	156.624	0.0	1600.0	634.3	318.1
156.684	156.943	0.0	1600.0	620.9	263.3
156.983	157.203	233.6	1600.0	478.3	0.0
157.363	157.653	0.0	1600.0	687.3	429.1
157.673	157.843	0.0	1600.0	905.0	595.7
158.023	158.163	0.0	1600.0	920.5	565.1
158.193	158.752	0.0	1600.0	931.1	637.3
158.762	158.902	0.0	1600.0	880.3	633.5
158.932	159.282	0.0	1600.0	740.8	509.8
159.312	159.482	0.0	1600.0	635.0	325.8
159.512	159.762	0.0	1600.0	635.5	314.9
159.812	160.042	183.0	1600.0	339.9	165.6
160.341	160.741	242.4	1600.0	407.6	0.0
160.791	161.021	0.0	1600.0	679.5	385.7
161.041	161.321	0.0	1600.0	637.1	455.9
161.351	161.651	0.0	1600.0	737.3	458.1
161.691	162.14	0.0	1600.0	569.3	423.1
162.16	162.38	0.0	1600.0	666.7	549.9
162.41	162.71	21.4	1600.0	769.8	576.9
162.72	163.4	0.0	1600.0	629.5	496.3
163.52	164.109	0.0	1600.0	564.8	382.1
164.129	164.719	0.0	1600.0	604.0	427.4
164.919	165.009	0.0	1600.0	598.1	442.7
165.039	165.578	0.0	1600.0	661.7	358.6
165.608	165.938	0.0	1600.0	532.8	346.2
165.948	167.397	0.0	1600.0	579.3	373.5
167.477	167.717	0.0	1600.0	565.3	328.0
167.847	167.947	0.0	1600.0	556.9	365.3
167.967	168.627	0.0	1600.0	616.7	312.1
168.667	168.776	209.1	1600.0	398.9	80.0
169.026	169.566	0.0	1600.0	593.0	41.0
169.596	169.816	0.0	1600.0	559.0	55.9
170.076	170.545	80.1	1600.0	449.1	1600.0
170.565	171.655	295.0	825.1	180.0	1600.0
171.745	171.815	1048.7	397.4	152.0	1600.0
171.875	171.965	920.8	561.3	39.3	1600.0
172.005	172.294	723.6	701.3	0.0	1600.0
172.324	172.394	758.6	736.8	54.0	1600.0
172.414	173.014	646.1	709.7	0.0	1600.0
173.254	176.112	1600.0	885.4	0.0	1600.0
176.142	176.612	1600.0	1010.7	0.0	1600.0
176.662	176.972	1600.0	834.2	0.0	1600.0
177.172	178.191	1600.0	808.0	0.0	1600.0
178.231	179.63	914.5	796.0	0.0	1600.0
179.85	180.49	1600.0	525.0	58.0	1600.0
180.53	180.769	1600.0	0.0	660.7	1600.0
181.459	181.559	1600.0	8.5	1262.1	1600.0
181.839	182.109	1600.0	0.0	946.1	1600.0
182.129	182.329	1600.0	0.0	878.4	1600.0
182.349	182.618	1600.0	0.0	819.1	1600.0
182.658	182.848	1600.0	0.0	648.6	1600.0
182.868	183.058	1600.0	0.0	518.1	1600.0
183.078	183.338	1600.0	360.5	111.2	1600.0
183.378	183.558	745.1	552.7	0.0	1600.0
183.578	183.788	752.7	609.8	0.0	1600.0
184.107	184.497	716.5	323.3	209.7	1600.0
184.747	185.007	1600.0	0.0	823.8	1600.0
185.037	185.307	1600.0	84.5	405.0	1600.0
185.337	185.747	1600.0	505.0	140.0	1600.0
185.886	185.996	1600.0	1148.0	88.3	1600.0
186.156	186.496	1600.0	890.2	0.0	1600.0
186.526	186.756	1600.0	1015.0	0.0	1600.0
186.786	187.555	1600.0	890.0	0.0	1600.0
187.575	187.795	1600.0	868.0	0.0	1600.0
187.995	189.594	1600.0	919.4	0.0	1600.0
189.714	190.304	1600.0	906.4	0.0	1600.0
190.444	190.524	1600.0	880.3	0.0	1600.0
190.544	190.943	1600.0	896.3	0.0	1600.0
190.963	191.163	1600.0	912.7	0.0	1600.0
191.183	191.803	1600.0	908.3	0.0	1600.0
191.963	192.373	1600.0	84.0	501.9	1600.0
192.912	192.982	1600.0	138.2	1300.0	1600.0
193.002	193.182	1600.0	34.9	1306.5	1600.0
193.482	193.642	1600.0	0.0	728.8	1600.0
193.652	193.942	1600.0	310.6	246.7	1600.0
193.982	194.082	1600.0	212.0	366.0	1600.0
194.122	194.202	1600.0	333.2	240.0	1600.0
194.451	194.761	1600.0	0.0	1600.0	1600.0
195.171	195.481	1600.0	240.4	348.0	1600.0
195.721	196.5	1600.0	865.1	0.0	1600.0
196.54	197.04	753.8	1600.0	61.0	1600.0
197.08	197.34	1600.0	1600.0	0.0	1600.0
197.44	197.779	1600.0	1600.0	0.0	1600.0
197.979	199.538	1600.0	1600.0	0.0	1600.0
199.698	200.148	1600.0	284.6	292.0	1600.0
200.188	200.538	1600.0	62.9	502.8	1600.0
200.898	201.497	1600.0	0.0	717.8	1600.0
201.587	201.767	1600.0	39.2	1156.3	308.7
201.787	201.877	1600.0	46.0	1070.7	273.5
201.947	202.577	1600.0	0.0	728.2	56.0
202.617	202.837	1600.0	6.3	795.8	0.0
202.956	203.436	1600.0	44.8	743.9	1600.0
203.476	203.686	1600.0	21.8	706.6	1600.0
203.726	203.846	1600.0	10.3	623.4	1600.0
203.866	203.966	1600.0	0.0	559.4	1600.0
204.086	204.715	1600.0	359.5	177.0	1600.0
204.845	205.065	1600.0	248.1	415.6	1600.0
205.405	205.555	1600.0	21.8	1600.0	1600.0
205.585	205.735	1600.0	86.4	1600.0	1600.0
205.775	205.885	1600.0	0.0	1600.0	1600.0
206.185	206.354	1600.0	0.0	1059.8	1600.0
206.394	206.524	1600.0	213.0	288.6	1600.0
206.574	206.864	1600.0	591.4	16.0	1600.0
207.014	207.094	1600.0	0.0	724.7	1600.0
207.274	207.534	1600.0	127.6	528.1	1600.0
207.934	208.003	1600.0	0.0	1205.2	1600.0
208.043	208.113	1600.0	69.8	1362.3	1600.0
208.243	208.373	1600.0	27.8	1600.0	1600.0
208.423	208.573	1600.0	59.8	1600.0	1600.0
208.593	208.713	1600.0	120.7	1600.0	1600.0
208.753	208.863	1600.0	0.0	1600.0	1600.0
209.063	209.333	1600.0	3.2	1600.0	1600.0
209.393	209.633	1600.0	0.0	1600.0	1600.0
209.663	209.862	1600.0	0.0	1600.0	1600.0
210.062	210.352	1600.0	0.0	1600.0	1600.0
210.392	210.842	1600.0	0.0	1600.0	1600.0
210.882	211.292	1600.0	0.0	1600.0	1600.0
211.312	211.471	1600.0	0.0	1275.6	1600.0
211.491	211.631	1600.0	0.0	1319.7	1600.0
211.661	211.861	1600.0	0.0	976.0	1600.0
211.911	212.021	1600.0	0.0	834.6	1600.0
212.401	212.681	514.6	863.1	0.0	1600.0
212.781	212.861	604.6	934.0	0.0	1600.0
212.881	212.981	734.2	885.0	0.0	1600.0
213.17	213.38	784.7	999.1	0.0	1600.0
213.54	214.64	929.1	815.0	0.0	1600.0
214.78	215.299	1600.0	876.5	0.0	1600.0
215.479	216.638	1600.0	817.1	0.0	1600.0
216.778	217.378	1600.0	815.0	0.0	1600.0
217.498	217.898	1600.0	847.3	0.0	1600.0
218.078	219.217	1600.0	825.2	0.0	1600.0
219.337	220.616	1600.0	837.2	0.0	1600.0
220.696	221.296	1600.0	103.5	513.0	1600.0
221.356	221.476	1600.0	0.0	1600.0	1600.0
221.715	221.795	1600.0	188.6	1448.6	1600.0
221.825	222.035	1600.0	24.0	497.5	1600.0
222.195	222.445	948.5	494.8	100.6	1600.0
222.705	223.225	1600.0	324.2	249.0	1600.0
223.245	223.584	1600.0	0.0	1600.0	1600.0
223.994	224.134	1600.0	114.2	1520.4	1600.0
224.204	224.394	1600.0	0.0	1106.1	1600.0
224.414	224.604	1600.0	0.0	1139.3	1600.0
224.654	224.824	1600.0	0.0	757.1	1600.0
224.884	225.054	1600.0	0.0	730.2	1600.0
225.083	225.313	1600.0	0.0	639.2	1600.0
225.373	225.513	1600.0	0.0	745.4	1600.0
225.663	225.853	1600.0	0.0	755.0	1600.0
225.893	226.033	1600.0	0.0	930.0	1600.0
226.063	226.223	1600.0	0.0	1052.6	1600.0
226.263	226.373	1600.0	0.0	730.2	1600.0
226.543	226.892	1600.0	0.0	718.8	1600.0
226.922	227.052	1600.0	0.0	888.4	1600.0
227.072	227.242	1600.0	0.0	957.7	1600.0
227.272	227.372	1600.0	0.0	1103.7	1600.0
227.392	227.592	1600.0	0.0	983.9	1600.0
227.632	227.972	1600.0	0.0	1181.7	1600.0
228.172	228.252	1600.0	0.0	1111.9	1600.0
228.272	228.501	1600.0	0.0	1186.9	1600.0
228.551	229.141	1285.0	94.6	466.5	1600.0
229.671	230.59	1600.0	909.1	0.0	1600.0
230.61	230.71	1600.0	889.0	0.0	1600.0
230.87	231.24	1600.0	0.0	765.2	1600.0
231.3	231.49	1600.0	0.0	798.2	1600.0
231.84	232.169	1600.0	550.4	181.0	1600.0
232.399	232.999	1600.0	1011.0	0.0	1600.0
233.029	233.149	1600.0	962.6	0.0	1600.0
233.189	233.489	1600.0	943.2	0.0	1600.0
233.608	233.988	1600.0	0.0	1600.0	1600.0
234.048	234.268	1600.0	0.0	878.1	1600.0
234.608	234.918	895.8	677.5	0.0	1600.0
235.198	235.527	1600.0	644.0	0.0	1600.0
235.547	235.817	1600.0	0.0	820.5	375.0
235.857	236.127	1600.0	0.0	1600.0	555.3
236.367	236.857	1136.9	257.0	289.8	1600.0
237.166	237.416	726.2	838.4	0.0	746.9
237.556	237.866	1051.9	439.8	150.0	209.3
237.936	238.396	1600.0	69.1	512.1	400.2
238.416	238.486	1600.0	0.0	1600.0	420.6
238.775	238.925	1600.0	0.0	515.8	1600.0
238.945	239.195	947.2	509.7	76.0	1600.0
239.215	239.485	1129.2	315.6	243.1	1600.0
239.775	240.095	1600.0	0.0	703.0	1600.0
240.295	240.534	1600.0	51.6	1174.9	1600.0
240.614	240.754	1600.0	0.0	1162.0	1600.0
240.764	240.844	1600.0	0.0	1137.5	1600.0
240.854	241.164	1600.0	0.0	1204.0	1600.0
241.214	241.454	1600.0	0.0	883.7	1600.0
241.634	241.714	1600.0	155.8	344.9	1600.0
241.754	242.163	1600.0	124.3	403.0	1600.0
242.183	242.293	1600.0	185.7	354.0	1600.0
242.513	242.593	1600.0	457.9	97.0	1157.5
242.613	243.233	1600.0	121.0	1600.0	753.1
243.453	243.533	1600.0	69.0	440.0	1600.0
243.713	243.962	445.0	1600.0	144.0	1600.0
244.262	244.362	138.4	1600.0	870.4	793.1
244.612	244.932	204.8	1600.0	1067.0	1600.0
244.942	245.571	0.0	1600.0	777.8	1600.0
245.651	246.141	865.6	404.3	0.0	1600.0
246.391	246.631	1600.0	701.9	230.3	1600.0
246.751	247.23	1600.0	1600.0	0.0	1600.0
247.24	247.61	1600.0	1600.0	0.0	1600.0
247.73	248.39	1600.0	814.6	0.0	1600.0
248.41	248.57	866.2	588.4	0.0	1600.0
248.73	248.999	814.6	672.5	0.0	1600.0
249.019	249.119	854.6	671.5	0.0	1600.0
249.149	249.319	824.9	666.6	0.0	1600.0
249.369	249.549	939.6	689.2	0.0	1600.0
249.589	249.789	960.2	646.9	0.0	1600.0
249.819	250.119	679.6	769.7	0.0	1600.0
250.399	250.758	637.0	635.0	0.0	1600.0
250.768	251.078	1600.0	51.6	422.9	1600.0
251.098	251.418	1600.0	0.0	709.9	1600.0
251.748	251.868	1600.0	0.0	950.6	1600.0
252.188	253.867	1600.0	0.0	757.7	65.1
254.086	254.186	1600.0	27.5	885.4	1600.0
254.196	254.516	1600.0	0.0	1600.0	1600.0
254.566	254.786	1600.0	0.0	1600.0	1600.0
254.826	255.106	1600.0	38.0	1600.0	1600.0
255.136	255.206	1600.0	67.7	1600.0	1600.0
255.326	256.365	1600.0	0.0	1044.8	29.1
256.465	256.625	191.9	1600.0	289.9	1600.0
257.095	257.594	61.8	1600.0	980.7	672.5
257.624	257.774	0.0	1600.0	719.0	1600.0
257.784	257.904	0.0	1600.0	723.5	1600.0
257.934	258.064	0.0	1600.0	614.8	1600.0
258.284	258.354	0.0	1600.0	701.5	1600.0
258.384	258.714	0.0	1600.0	718.9	1600.0
258.744	258.934	108.2	1600.0	394.1	1600.0
258.974	259.423	16.2	1600.0	510.0	1600.0
259.623	260.603	543.9	561.1	0.0	1600.0
260.813	260.982	971.4	508.5	11.0	1600.0
261.052	261.142	754.5	713.8	0.0	1600.0
261.162	261.332	683.5	735.5	0.0	1600.0
261.352	261.522	705.2	716.0	0.0	1600.0
261.552	262.422	651.5	846.7	0.0	1600.0
262.581	263.911	605.1	767.1	0.0	1600.0
263.931	264.231	615.7	762.6	0.0	1600.0
264.24	264.48	556.3	824.7	0.0	1600.0
264.64	265.08	1600.0	228.4	316.7	1600.0
265.1	265.36	1600.0	0.0	722.2	1600.0
265.56	265.66	1600.0	0.0	1112.5	1600.0
265.87	266.079	1600.0	0.0	769.0	1600.0
266.179	266.459	1600.0	21.4	1600.0	1600.0
266.509	266.639	1600.0	0.0	1600.0	1600.0
266.659	266.979	1600.0	0.0	1600.0	1600.0
266.989	267.099	1600.0	13.3	1600.0	1600.0
267.129	267.489	1600.0	178.7	1214.7	1600.0
267.539	267.858	1600.0	6.4	887.5	1600.0
268.038	268.978	1600.0	0.0	1013.3	54.0
269.138	269.278	1600.0	0.0	1059.0	1600.0
269.308	269.917	1600.0	0.0	1600.0	1600.0
269.967	270.187	1600.0	57.7	1600.0	1600.0
270.497	271.366	535.6	1600.0	126.2	1600.0
271.816	271.936	390.7	1600.0	1282.3	1600.0
272.096	272.216	237.8	1600.0	1118.0	1600.0
272.246	272.776	138.6	1600.0	861.5	450.8
272.785	273.135	0.0	1600.0	709.5	355.2
273.175	273.395	0.0	1600.0	666.5	321.5
273.555	273.775	0.0	1600.0	713.1	339.1
273.785	274.335	0.0	1600.0	615.5	78.2
274.514	274.984	25.6	1600.0	471.0	1600.0
275.014	275.374	678.0	495.1	0.0	1600.0
275.394	275.494	892.3	491.3	0.0	1600.0
275.514	275.644	1600.0	545.5	0.0	1600.0
275.874	275.974	1109.5	454.9	100.3	1600.0
275.994	276.074	1010.9	543.4	71.0	1600.0
276.213	276.593	698.0	724.1	0.0	1600.0
276.613	276.853	696.2	620.6	0.0	1600.0
276.873	277.113	605.4	670.6	0.0	1600.0
277.133	277.323	690.7	583.8	0.0	1600.0
277.383	277.453	690.6	571.3	0.0	1600.0
277.473	277.803	689.4	602.6	300.8	1600.0
277.813	278.032	966.0	1600.0	1600.0	1600.0
278.052	278.232	761.1	1600.0	1600.0	1600.0
278.742	278.902	722.4	1004.4	829.6	1600.0
279.102	279.422	716.0	882.5	733.2	1600.0
279.522	280.361	760.6	907.9	770.6	1600.0
280.511	280.701	786.1	941.6	809.7	1600.0
280.881	282.89	802.4	955.3	825.9	1600.0
