Event Start Trial Time [ms]	Event End Trial Time [ms]	Event Duration [ms]
1124	1154	30
1794	1864	70
1874	1904	30
1974	1984	10
2014	2044	30
2174	2204	30
2294	2314	20
2394	2444	50
2583	2603	20
2703	2743	40
2753	2773	20
2783	2803	20
3483	3513	30
5472	5502	30
5822	5842	20
6151	6231	80
6371	6391	20
6471	6481	10
6491	6511	20
6651	6661	10
6841	6871	30
7031	7051	20
7111	7121	10
7191	7201	10
7231	7251	20
7271	7281	10
7461	7511	50
7641	7671	30
8450	8470	20
8540	8570	30
8580	8610	30
8850	8910	60
8960	8970	10
9000	9020	20
9150	9160	10
9170	9190	20
9469	9519	50
9539	9579	40
9589	9609	20
9669	9679	10
9739	9759	20
10249	10299	50
10329	10349	20
10369	10389	20
10419	10439	20
10819	10829	10
11298	11338	40
11718	11788	70
12628	12688	60
13277	13297	20
13667	13717	50
13787	13807	20
13847	13857	10
13877	13887	10
14017	14037	20
14117	14167	50
14237	14257	20
14347	14397	50
14556	14616	60
14816	14916	100
15136	15146	10
15616	15646	30
16106	16156	50
16965	17075	110
17105	17125	20
17185	17205	20
17255	17285	30
17425	17435	10
17465	17475	10
17505	17515	10
17545	17555	10
17605	17615	10
18304	18344	40
18354	18374	20
18504	18524	20
18614	18624	10
18644	18664	20
18764	18784	20
19054	19074	20
19124	19154	30
19264	19274	10
19883	19963	80
19973	19993	20
20253	20293	40
20683	20703	20
21093	21133	40
21153	21173	20
21742	21772	30
22572	22632	60
23231	23271	40
24541	24621	80
24711	24731	20
25210	25230	20
25320	25380	60
25540	25560	20
25680	25700	20
25720	25750	30
25760	25770	10
25820	25830	10
25970	26000	30
26370	26390	20
26400	26489	90
26569	26599	30
27149	27169	20
27439	27469	30
27509	27529	20
27539	27549	10
27559	27579	20
27589	27609	20
27629	27649	20
27669	27689	20
27839	27869	30
28558	28598	40
29048	29088	40
29578	29608	30
29658	29688	30
29818	29838	20
30087	30117	30
30337	30387	50
32306	32356	50
32376	32396	20
32736	32756	20
33076	33126	50
33875	33915	40
33975	33985	10
34075	34105	30
34245	34265	20
34875	34905	30
35424	35444	20
35744	35774	30
37013	37083	70
37103	37123	20
37463	37483	20
37543	37573	30
37773	37793	20
37953	37973	20
38572	38602	30
38622	38642	20
38762	38782	20
38802	38812	10
38852	38872	20
39002	39042	40
39052	39072	20
39092	39132	40
39212	39232	20
39592	39622	30
40161	40181	20
40211	40231	20
40491	40521	30
40621	40691	70
40711	40731	20
40751	40771	20
40821	40841	20
41541	41571	30
41930	41990	60
42340	42390	50
42770	42800	30
43160	43180	20
43240	43270	30
43310	43320	10
43380	43420	40
43470	43500	30
43520	43539	20
43569	43579	10
43819	43839	20
44009	44029	20
44229	44249	20
44619	44639	20
45029	45059	30
45109	45129	20
45398	45458	60
45848	45868	20
46318	46368	50
46388	46418	30
48027	48117	90
48247	48257	10
48487	48497	10
48527	48557	30
48607	48647	40
48786	48816	30
48866	48926	60
48936	48966	30
49026	49046	20
49476	49496	20
49536	49556	20
49566	49576	10
49596	49606	10
49626	49656	30
49846	49886	40
49896	49916	20
49926	49946	20
49996	50016	20
50176	50226	50
50246	50286	40
50435	50485	50
50545	50565	20
50585	50615	30
50655	50695	40
50785	50805	20
51135	51165	30
51225	51265	40
51895	51905	10
52284	52314	30
52374	52404	30
52574	52584	10
53204	53234	30
53464	53504	40
53524	53554	30
53624	53644	20
54143	54173	30
54463	54503	40
54623	54633	10
55043	55073	30
55083	55123	40
55462	55492	30
55822	55852	30
55922	55942	20
56472	56502	30
56662	56682	20
56902	56932	30
57052	57062	10
57072	57092	20
57231	57301	70
57351	57381	30
57491	57521	30
57871	57901	30
58181	58221	40
58671	58731	60
58861	58871	10
59340	59360	20
59630	59650	20
59770	59790	20
60070	60090	20
60609	60629	20
61339	61369	30
61519	61549	30
61589	61619	30
61819	61839	20
62139	62169	30
62179	62219	40
62458	62518	60
63378	63408	30
63418	63488	70
63508	63528	20
63538	63558	20
63648	63668	20
63987	64007	20
64257	64277	20
64457	64487	30
64637	64677	40
65537	65557	20
66546	66576	30
66776	66876	100
66956	66976	20
66996	67016	20
67076	67116	40
67286	67306	20
68145	68175	30
68795	68815	20
69074	69104	30
69144	69164	20
69444	69514	70
69614	69634	20
70304	70354	50
70374	70404	30
71083	71103	20
71273	71293	20
71563	71593	30
72502	72532	30
72952	72962	10
73472	73502	30
73712	73742	30
73752	73782	30
74521	74551	30
74671	74701	30
74831	74851	20
75051	75091	40
75631	75651	20
75910	75930	20
75940	75960	20
76370	76390	20
76470	76500	30
76670	76700	30
77050	77060	10
77629	77649	20
78039	78059	20
78139	78179	40
78299	78319	20
78329	78339	10
78669	78689	20
79079	79119	40
79209	79239	30
79488	79508	20
79828	79858	30
79898	79938	40
80038	80058	20
80208	80248	40
80988	81007	20
81517	81557	40
81877	81917	40
81927	81957	30
82816	82846	30
82886	82926	40
82936	82976	40
83136	83156	20
84196	84226	30
84346	84376	30
84455	84475	20
84695	84725	30
84875	84895	20
85155	85185	30
85195	85215	20
85225	85255	30
85295	85325	30
85385	85405	20
85425	85445	20
85515	85535	20
85575	85585	10
85645	85665	20
85675	85695	20
85765	85795	30
85995	86035	40
86154	86194	40
86204	86224	20
86464	86474	10
86484	86504	20
87004	87024	20
87064	87084	20
87304	87364	60
87953	87983	30
88043	88083	40
88093	88113	20
88603	88633	30
88753	88783	30
88983	89013	30
89033	89053	20
89083	89123	40
89183	89193	10
89383	89403	20
89802	89852	50
89892	89922	30
89932	89942	10
89992	90022	30
90062	90082	20
90142	90162	20
90182	90192	10
90412	90432	20
90482	90502	20
90762	90802	40
90832	90852	20
91391	91421	30
91511	91531	20
91841	91871	30
91921	91941	20
91991	92011	20
92521	92551	30
92571	92581	10
92601	92621	20
92691	92721	30
92741	92761	20
92801	92821	20
92861	92900	40
92990	93020	30
93660	93700	40
93860	93880	20
94520	94540	20
94869	94899	30
95319	95349	30
95699	95719	20
96069	96089	20
96348	96388	40
96858	96898	40
97428	97448	20
97558	97578	20
97808	97838	30
97848	97868	20
98067	98097	30
98377	98417	40
98907	98967	60
99107	99147	40
99187	99217	30
99527	99547	20
100486	100526	40
100546	100566	20
100796	100826	30
100836	100866	30
101675	101765	90
101885	101915	30
102385	102395	10
102445	102465	20
103494	103534	40
103774	103804	30
104554	104584	30
104853	104883	30
105093	105113	20
105163	105183	20
105203	105253	50
105343	105363	20
106173	106203	30
106922	106942	20
107072	107102	30
107162	107192	30
107442	107462	20
108162	108192	30
108431	108471	40
109031	109091	60
110420	110450	30
110950	110980	30
111020	111050	30
111090	111140	50
111520	111540	20
111889	111909	20
112039	112079	40
112179	112189	10
112249	112269	20
112289	112309	20
113308	113388	80
113428	113448	20
113578	113588	10
113708	113728	20
113888	113918	30
114958	114998	40
115567	115587	20
116127	116157	30
116177	116207	30
116337	116357	20
116597	116617	20
116637	116657	20
116677	116696	20
117636	117656	20
118186	118226	40
118246	118266	20
118845	118895	50
120454	120534	80
120764	120784	20
121224	121254	30
121384	121404	20
121464	121494	30
122393	122463	70
122483	122503	20
123722	123762	40
123822	123842	20
123862	123892	30
123912	123932	20
124222	124242	20
124542	124562	20
125241	125281	40
125431	125461	30
125531	125561	30
125801	125831	30
125841	125861	20
125921	126041	120
126221	126241	20
126271	126291	20
126311	126321	10
126361	126381	20
126431	126451	20
126621	126661	40
127120	127150	30
127190	127240	50
127350	127360	10
127410	127430	20
127470	127490	20
127530	127540	10
127970	127990	20
128310	128400	90
129049	129079	30
129149	129169	20
129199	129229	30
129239	129249	10
129889	129909	20
130009	130049	40
130069	130099	30
130249	130269	20
130588	130618	30
130658	130668	10
130728	130748	20
131038	131098	60
131158	131188	30
131238	131258	20
131498	131508	10
132037	132057	20
132627	132657	30
132777	132797	20
133457	133477	20
134616	134636	20
135146	135166	20
135346	135366	20
137444	137484	40
137804	137844	40
138104	138144	40
139673	139703	30
140033	140053	20
140323	140343	20
140363	140383	20
140722	140742	20
140912	140932	20
140982	141022	40
141062	141082	20
141132	141152	20
141372	141412	40
141892	141932	40
142501	142541	40
142651	142701	50
142731	142741	10
142811	142831	20
143201	143251	50
143621	143651	30
144270	144290	20
144420	144440	20
144680	144700	20
144770	144820	50
145030	145050	20
146289	146319	30
146359	146399	40
146469	146489	20
146509	146529	20
146549	146569	20
146579	146629	50
146649	146669	20
146779	146829	50
146869	146889	20
146899	146959	60
147139	147169	30
147189	147238	50
147388	147398	10
147408	147438	30
147588	147608	20
147628	147658	30
147758	147788	30
147798	147828	30
147928	147948	20
148038	148068	30
148118	148138	20
148358	148378	20
148388	148398	10
148408	148438	30
149517	149537	20
149577	149607	30
149697	149727	30
149967	150027	60
150577	150607	30
151906	151996	90
152395	152435	40
152605	152635	30
152665	152705	40
152725	152745	20
152755	152775	20
152815	152835	20
153315	153365	50
153645	153725	80
153745	153765	20
153775	153805	30
157243	157273	30
157502	157532	30
157582	157632	50
157672	157692	20
157742	157752	10
157802	157822	20
157862	157932	70
158062	158072	10
158442	158482	40
158522	158542	20
159161	159201	40
159841	159901	60
159951	159971	20
160191	160201	10
160341	160361	20
160571	160601	30
160781	160791	10
160910	160950	40
161110	161150	40
161220	161240	20
161380	161400	20
161630	161650	20
161800	161810	10
162020	162040	20
162160	162200	40
162410	162440	30
162659	162689	30
162889	162899	10
162959	162989	30
163399	163419	20
163649	163669	20
163859	163909	50
164079	164109	30
164159	164169	10
164298	164318	20
164598	164618	20
164738	164758	20
164938	164968	30
165228	165248	20
165398	165418	20
165608	165658	50
166187	166267	80
166307	166367	60
166917	166957	40
167557	167597	40
167736	167756	20
167926	167956	30
168296	168316	20
168646	168676	30
169006	169036	30
169076	169096	20
169146	169166	20
169186	169206	20
169276	169306	30
170105	170135	30
171194	171214	20
171234	171284	50
171344	171364	20
171614	171654	40
172294	172324	30
173353	173383	30
173453	173483	30
173633	173653	20
173893	173903	10
174113	174143	30
174153	174203	50
174662	174682	20
174722	174742	20
174962	174982	20
175022	175052	30
175082	175122	40
175212	175232	20
175252	175272	20
176351	176371	20
176471	176491	20
176641	176671	30
176771	176801	30
176841	176871	30
176951	176971	20
177321	177351	30
177391	177431	40
177451	177471	20
177541	177561	20
177631	177651	20
177721	177741	20
178190	178200	10
178530	178570	40
178670	178690	20
178890	178930	40
178990	179010	20
179030	179050	20
179070	179080	10
179619	179639	20
179959	179989	30
180369	180399	30
180609	180629	20
180659	180669	10
180689	180709	20
180739	180749	10
181129	181169	40
181208	181228	20
181428	181448	20
181488	181518	30
181558	181588	30
181748	181758	10
181848	181888	40
182078	182108	30
183197	183217	20
183227	183247	20
183317	183347	30
183657	183687	30
183727	183747	20
184007	184037	30
184626	184676	50
184726	184746	20
184776	184816	40
184836	184866	30
185006	185036	30
185306	185326	20
185426	185446	20
186036	186056	20
187145	187175	30
187275	187305	30
187325	187345	20
187405	187435	30
187515	187545	30
187695	187735	40
187925	187944	20
187954	187974	20
187984	188014	30
188264	188324	60
188394	188414	20
188904	188934	30
188954	188964	10
189234	189264	30
189284	189314	30
189354	189374	20
189624	189653	30
189663	189733	70
190453	190473	20
190643	190713	70
191083	191103	20
191203	191233	30
191592	191612	20
191742	191762	20
192362	192382	20
192482	192502	20
192902	192932	30
193041	193061	20
193481	193501	20
193721	193761	40
193941	193991	50
194401	194421	20
194731	194750	20
194960	194980	20
195090	195120	30
195140	195170	30
195190	195210	20
195930	195950	20
196170	196230	60
197439	197479	40
197679	197759	80
197979	197999	20
198248	198338	90
198888	198908	20
199348	199368	20
199508	199528	20
199538	199558	20
199847	199887	40
199907	199927	20
200037	200067	30
200167	200207	40
200217	200247	30
200287	200357	70
200477	200497	20
200537	200547	10
200817	200837	20
201397	201417	20
201756	201766	10
202096	202116	20
202296	202326	30
202366	202386	20
202496	202516	20
202636	202666	30
202706	202766	60
203295	203325	30
203345	203385	40
203495	203525	30
203685	203705	20
203755	203785	30
203845	203865	20
203955	203975	20
204395	204425	30
204465	204485	20
204605	204625	20
204984	205024	40
205044	205074	30
205084	205104	20
205224	205254	30
205514	205524	10
205564	205574	10
205644	205664	20
205814	205834	20
205874	205934	60
205974	205984	10
206454	206484	30
206574	206594	20
206693	206713	20
207293	207323	30
207573	207583	10
207773	207803	30
207913	207933	20
208153	208173	20
208362	208382	20
208392	208422	30
208522	208542	20
208672	208692	20
209492	209522	30
209722	209772	50
209792	209852	60
209972	210001	30
210191	210211	20
210491	210511	20
210771	210801	30
211561	211581	20
211760	211800	40
211810	211850	40
212200	212210	10
212470	212500	30
212570	212590	20
212610	212630	20
212820	212850	30
212890	212920	30
212990	213040	50
213080	213100	20
213190	213200	10
213479	213509	30
213549	213579	30
214129	214169	40
214699	214729	30
214789	214819	30
214889	214929	40
215088	215118	30
215278	215298	20
215708	215728	20
216887	216907	20
216917	216937	20
217507	217537	30
217557	217587	30
