Event Start Trial Time [ms]	Event End Trial Time [ms]	Event Duration [ms]	Visual Intake Position X [px]	Visual Intake Position Y [px]
0	185	185	937.0	516.0
265	645	380	849.0	494.0
2434	2504	70	365.0	674.0
2613	2693	80	1039.0	641.0
2713	2783	70	1005.0	625.0
2863	3013	150	933.0	673.0
3033	3133	100	896.0	660.0
3183	3293	110	874.0	663.0
3413	3543	130	873.0	603.0
3613	3683	70	927.0	645.0
3703	3783	80	954.0	649.0
3853	3963	110	974.0	570.0
4003	4113	110	996.0	453.0
4153	4382	230	986.0	435.0
4402	4642	240	1012.0	443.0
4662	4932	270	997.0	501.0
4952	5072	120	1024.0	564.0
5132	5242	110	1052.0	544.0
5262	5382	120	1043.0	529.0
5402	5502	100	1024.0	517.0
5532	5902	370	912.0	526.0
5962	6311	350	941.0	513.0
6401	6471	70	1348.0	521.0
6701	6781	80	1184.0	420.0
6851	7061	210	1191.0	454.0
7161	7331	170	1207.0	532.0
7351	7750	400	1146.0	608.0
7770	7900	130	1126.0	668.0
8180	8310	130	1003.0	533.0
8370	8470	100	971.0	522.0
8540	8610	70	1132.0	646.0
8630	9030	400	1106.0	599.0
9070	9459	390	1124.0	569.0
10069	10949	879	1125.0	563.0
11079	11278	200	1104.0	568.0
11318	11578	260	1051.0	528.0
11618	11908	290	1037.0	511.0
11928	12158	230	1032.0	525.0
12178	12258	80	1030.0	541.0
12298	12518	220	1042.0	519.0
12608	12748	140	841.0	486.0
12768	12858	90	854.0	495.0
13087	13297	210	891.0	498.0
13397	13617	220	894.0	499.0
13697	13877	180	908.0	504.0
13897	14037	140	942.0	518.0
14097	14217	120	953.0	524.0
14267	14367	100	966.0	530.0
14387	14646	260	993.0	534.0
14666	14906	240	1024.0	487.0
14946	15296	350	1062.0	481.0
15686	15796	110	813.0	552.0
16106	16585	480	710.0	464.0
16615	16725	110	822.0	632.0
16765	16875	110	867.0	670.0
17065	17145	80	879.0	544.0
17185	17315	130	885.0	555.0
17335	17405	70	886.0	574.0
17465	17535	70	889.0	595.0
17555	17725	170	955.0	631.0
17745	17855	110	948.0	567.0
17895	18015	120	985.0	535.0
18034	18144	110	920.0	582.0
18164	18324	160	964.0	585.0
18344	18424	80	972.0	569.0
18444	18544	100	976.0	611.0
18754	18834	80	1230.0	746.0
18914	18984	70	1130.0	734.0
19034	19114	80	830.0	659.0
19204	19274	70	860.0	669.0
19334	19594	260	929.0	671.0
19614	19863	250	924.0	642.0
19883	19973	90	913.0	653.0
20033	20243	210	906.0	576.0
20303	20443	140	907.0	591.0
20463	20563	100	914.0	526.0
20863	21113	250	1151.0	534.0
21133	21243	110	1084.0	583.0
21263	21542	280	1000.0	602.0
21582	21782	200	934.0	610.0
21882	22062	180	921.0	602.0
22102	22322	220	828.0	597.0
22422	22612	190	1261.0	591.0
22762	23032	270	1209.0	733.0
23052	23142	90	1173.0	707.0
23182	23331	150	1183.0	716.0
23381	23591	210	1195.0	706.0
23761	24031	270	619.0	585.0
24051	24161	110	593.0	583.0
24231	24411	180	1172.0	636.0
24451	24581	130	1161.0	607.0
24601	24681	80	1155.0	587.0
24751	24970	220	1116.0	562.0
25050	25140	90	1553.0	664.0
25180	25260	80	1505.0	652.0
25330	25410	80	1269.0	679.0
25450	25580	130	988.0	638.0
25730	25850	120	977.0	508.0
25890	26060	170	1128.0	415.0
26080	26360	280	1117.0	424.0
26430	26610	180	1130.0	445.0
26629	26959	330	1141.0	493.0
27029	27599	570	1146.0	516.0
27699	27929	230	1131.0	478.0
27969	28119	150	1174.0	479.0
28678	28778	100	792.0	634.0
28798	28908	110	764.0	636.0
28948	29128	180	880.0	607.0
29148	29228	80	919.0	582.0
29248	29438	190	1021.0	613.0
29498	29568	70	1028.0	672.0
29628	29798	170	1017.0	692.0
29898	30067	170	1012.0	739.0
30287	30367	80	948.0	599.0
30487	30567	80	872.0	625.0
30767	30867	100	1307.0	505.0
31037	31207	170	1221.0	509.0
31217	31297	80	1223.0	589.0
31337	31577	240	1183.0	591.0
31597	31936	340	1139.0	594.0
31956	32066	110	1020.0	632.0
32146	32296	150	968.0	651.0
32316	32446	130	948.0	661.0
32466	32546	80	941.0	677.0
32586	32766	180	932.0	692.0
32846	33026	180	955.0	682.0
33046	33276	230	946.0	581.0
33466	33545	80	997.0	564.0
33565	33695	130	1005.0	572.0
33715	33825	110	1018.0	585.0
33885	34095	210	1046.0	589.0
34165	34275	110	1023.0	573.0
34325	34525	200	919.0	561.0
34755	35055	300	974.0	571.0
35135	35874	740	931.0	570.0
35894	36434	540	829.0	571.0
36454	36564	110	888.0	577.0
36604	36694	90	854.0	567.0
36714	36804	90	787.0	559.0
36904	37113	210	1158.0	534.0
37133	37313	180	1066.0	522.0
37333	37453	120	1056.0	544.0
37493	37703	210	873.0	518.0
37733	38033	300	1017.0	673.0
38133	38243	110	1034.0	752.0
38263	38463	200	1115.0	765.0
38513	38852	340	1101.0	482.0
38932	39032	100	1171.0	572.0
39052	39562	510	1024.0	583.0
39632	39812	180	1059.0	598.0
40282	40411	130	1074.0	539.0
40451	40551	100	1083.0	531.0
40731	40841	110	709.0	575.0
40861	41111	250	724.0	546.0
41131	41331	200	704.0	544.0
41481	41681	200	1292.0	562.0
41771	41961	190	1224.0	566.0
41981	42230	250	1208.0	560.0
42380	42540	160	1051.0	569.0
42580	42650	70	1010.0	544.0
42670	42780	110	997.0	532.0
42800	42910	110	981.0	515.0
43010	43180	170	964.0	616.0
43230	43520	290	998.0	759.0
43540	43740	200	994.0	861.0
43770	43949	180	1084.0	774.0
43999	44159	160	1198.0	662.0
44199	44289	90	1262.0	612.0
44329	44879	550	1231.0	611.0
44919	45578	660	1224.0	590.0
45618	45718	100	1235.0	562.0
45968	46108	140	633.0	523.0
46288	46448	160	920.0	535.0
46828	46908	80	821.0	607.0
46928	47058	130	809.0	618.0
47118	47247	130	927.0	603.0
47267	47477	210	943.0	514.0
47497	47737	240	1004.0	467.0
47747	48047	300	1035.0	487.0
48117	48297	180	916.0	604.0
48387	48567	180	960.0	666.0
48587	48777	190	970.0	685.0
48797	48877	80	966.0	711.0
48986	49306	320	1036.0	584.0
49386	49496	110	933.0	653.0
49516	49616	100	950.0	641.0
49636	49966	330	934.0	597.0
50166	50346	180	960.0	580.0
50456	50626	170	893.0	563.0
50646	50975	330	928.0	569.0
51065	51305	240	924.0	530.0
51455	51575	120	963.0	435.0
51635	51705	70	941.0	489.0
51725	51895	170	899.0	439.0
51955	52045	90	981.0	474.0
52195	52464	270	955.0	571.0
52614	52964	350	898.0	547.0
52984	53144	160	983.0	605.0
53204	53384	180	995.0	595.0
53434	53694	260	946.0	545.0
54253	54363	110	920.0	574.0
54663	54733	70	1191.0	462.0
54753	54933	180	1114.0	523.0
54953	55093	140	1022.0	528.0
55113	55513	400	977.0	559.0
55533	55643	110	972.0	587.0
55663	55763	100	979.0	580.0
55802	55922	120	956.0	596.0
55942	56062	120	859.0	611.0
56102	56242	140	819.0	608.0
56362	56482	120	1251.0	591.0
56502	56892	390	1091.0	496.0
56912	57032	120	1013.0	432.0
57052	57162	110	968.0	424.0
57202	57312	110	921.0	438.0
57332	57482	150	923.0	466.0
57502	57591	90	981.0	471.0
57631	57721	90	957.0	507.0
57761	57861	100	981.0	516.0
57901	58141	240	970.0	505.0
58161	58311	150	999.0	443.0
58381	58691	310	1025.0	431.0
58731	58851	120	973.0	474.0
58871	59111	240	983.0	529.0
59151	59260	110	998.0	539.0
59280	59450	170	1016.0	532.0
59460	59680	220	1078.0	497.0
59700	60230	530	1054.0	488.0
60270	60480	210	1041.0	463.0
60550	60660	110	1028.0	427.0
60680	60790	110	1047.0	410.0
60830	60940	110	1058.0	397.0
60999	61249	250	1092.0	374.0
61269	61429	160	1107.0	375.0
61579	61759	180	576.0	686.0
61799	62009	210	775.0	670.0
62199	62329	130	658.0	580.0
62349	62519	170	797.0	536.0
62539	62728	190	917.0	564.0
62748	62858	110	916.0	592.0
62878	63048	170	924.0	614.0
63068	63238	170	921.0	628.0
63318	63498	180	905.0	627.0
63598	63758	160	862.0	625.0
63868	64088	220	911.0	641.0
64258	64328	70	1492.0	549.0
64427	64577	150	1307.0	482.0
64597	64697	100	1269.0	465.0
64737	64827	90	1243.0	495.0
64867	64977	110	1151.0	483.0
64997	65097	100	1121.0	480.0
65137	65247	110	1066.0	511.0
65267	65377	110	1021.0	563.0
65417	65527	110	900.0	598.0
65547	65667	120	886.0	604.0
65687	65947	260	903.0	624.0
65967	66256	290	936.0	642.0
66266	66346	80	948.0	579.0
66386	66626	240	941.0	572.0
66786	67226	440	982.0	573.0
67336	67566	230	889.0	554.0
67576	67875	300	942.0	550.0
67915	68255	340	918.0	552.0
68275	68405	130	836.0	556.0
68445	68575	130	851.0	549.0
68785	68865	80	1294.0	540.0
68905	68995	90	1165.0	531.0
69015	69225	210	1033.0	524.0
69265	69475	210	922.0	567.0
69704	70024	320	1409.0	731.0
70074	70194	120	1034.0	615.0
70214	70344	130	1078.0	630.0
70404	70494	90	1058.0	652.0
70554	70634	80	1011.0	647.0
70654	70964	310	981.0	618.0
70984	71144	160	992.0	621.0
71204	71863	660	1009.0	615.0
71903	72283	380	1015.0	562.0
72303	72543	240	1041.0	508.0
72583	72683	100	1053.0	521.0
73132	73212	80	1117.0	602.0
73252	73322	70	1278.0	618.0
73432	73642	210	707.0	474.0
73702	73812	110	960.0	435.0
73842	74072	230	891.0	565.0
74132	74242	110	952.0	592.0
74262	74332	70	956.0	603.0
74562	74642	80	961.0	425.0
74662	74791	130	940.0	457.0
74831	74941	110	878.0	468.0
75041	75401	360	923.0	576.0
75421	75561	140	891.0	577.0
75651	75781	130	882.0	553.0
75831	75931	100	956.0	592.0
76081	76231	150	1039.0	576.0
76251	76331	80	991.0	571.0
76620	76760	140	943.0	585.0
76780	76880	100	986.0	647.0
76900	77060	160	978.0	633.0
77120	77540	420	962.0	628.0
77580	77700	120	943.0	618.0
77720	77980	260	935.0	609.0
78000	78080	80	911.0	619.0
78429	78559	130	1082.0	559.0
78699	78829	130	1014.0	552.0
78849	78959	110	1016.0	570.0
78979	79339	360	954.0	559.0
79379	79489	110	902.0	568.0
79529	79799	270	844.0	587.0
79868	80058	190	955.0	571.0
80118	80328	210	971.0	559.0
80368	80508	140	902.0	540.0
80908	81028	120	875.0	515.0
81068	81148	80	917.0	512.0
81188	81308	120	1090.0	503.0
81398	81587	190	1031.0	494.0
81647	81757	110	1018.0	517.0
81847	82027	180	1045.0	543.0
82087	82247	160	1003.0	482.0
82287	82467	180	1068.0	565.0
82517	82997	480	1075.0	579.0
83366	83476	110	904.0	565.0
83896	84196	300	622.0	464.0
84296	84386	90	783.0	445.0
84406	84526	120	777.0	487.0
84566	84676	110	847.0	540.0
84696	84945	250	951.0	577.0
84995	85115	120	1020.0	479.0
85265	85495	230	950.0	521.0
85535	85665	130	945.0	610.0
85685	85795	110	901.0	639.0
85815	85885	70	885.0	641.0
86215	86325	110	912.0	630.0
86515	86635	120	977.0	641.0
86694	87064	370	924.0	543.0
87084	87164	80	851.0	670.0
87204	87314	110	846.0	685.0
87354	87554	200	813.0	649.0
87614	87704	90	789.0	576.0
87714	87854	140	810.0	655.0
87914	88144	230	935.0	586.0
88184	88294	110	887.0	592.0
88354	88433	80	902.0	587.0
88453	88563	110	916.0	585.0
88603	88863	260	942.0	584.0
88883	89043	160	938.0	595.0
89133	89383	250	912.0	607.0
89433	89513	80	923.0	589.0
89533	89613	80	932.0	578.0
89663	89863	200	897.0	638.0
90073	90342	270	1249.0	531.0
90362	90462	100	1123.0	510.0
90482	90612	130	1148.0	471.0
90632	90892	260	1012.0	510.0
90962	91082	120	965.0	547.0
91102	91332	230	921.0	586.0
91352	91562	210	888.0	654.0
91602	91921	320	914.0	659.0
91941	92131	190	967.0	566.0
92181	92361	180	982.0	557.0
92371	92511	140	987.0	609.0
92551	92801	250	975.0	619.0
92951	93131	180	936.0	540.0
93141	93211	70	980.0	514.0
93231	93331	100	991.0	517.0
93371	93550	180	996.0	531.0
93680	94110	430	906.0	552.0
94120	94190	70	956.0	540.0
94270	94480	210	926.0	548.0
94500	94720	220	887.0	545.0
94850	95030	180	1159.0	615.0
95100	95329	230	1087.0	635.0
95349	95449	100	1019.0	596.0
95599	95769	170	931.0	545.0
95789	95879	90	912.0	458.0
95899	95979	80	927.0	474.0
96019	96129	110	953.0	472.0
96169	96409	240	1008.0	467.0
96429	96579	150	1050.0	470.0
96619	96699	80	1059.0	647.0
96719	97108	390	1016.0	650.0
97128	97328	200	1044.0	558.0
97398	97908	510	1074.0	559.0
97988	98158	170	1009.0	665.0
98198	99077	879	1035.0	487.0
99097	99197	100	1048.0	516.0
99347	99567	220	1065.0	458.0
99637	99747	110	1079.0	479.0
100337	100406	70	653.0	472.0
100466	100556	90	802.0	487.0
100616	100766	150	812.0	529.0
100916	101076	160	1027.0	516.0
101186	101316	130	918.0	547.0
101336	101576	240	877.0	548.0
101596	101726	130	900.0	554.0
101766	101856	90	942.0	555.0
101896	102165	270	1000.0	565.0
102185	102425	240	969.0	543.0
102445	102595	150	923.0	559.0
102615	102825	210	908.0	571.0
102865	103075	210	880.0	587.0
103195	103265	70	1354.0	669.0
103315	103395	80	1235.0	625.0
103415	103545	130	1178.0	604.0
103565	103735	170	1135.0	621.0
103814	104094	280	1061.0	576.0
104134	104224	90	983.0	558.0
104264	104544	280	881.0	554.0
104564	104714	150	974.0	593.0
104804	104934	130	1027.0	626.0
104954	105044	90	1016.0	632.0
105084	105563	480	983.0	628.0
105783	106013	230	954.0	596.0
106053	106293	240	836.0	561.0
106353	106483	130	788.0	555.0
106493	106733	240	863.0	560.0
106753	107772	1019	885.0	573.0
108022	108212	190	1314.0	443.0
108252	108512	260	1269.0	484.0
108692	108782	90	713.0	631.0
108961	109151	190	874.0	595.0
109171	109261	90	889.0	588.0
109281	109401	120	795.0	589.0
109671	109831	160	1319.0	538.0
109851	110081	230	1231.0	548.0
110151	110331	180	1080.0	485.0
110371	110491	120	1056.0	487.0
110511	110611	100	1092.0	562.0
110650	110780	130	1105.0	537.0
110820	111330	510	1110.0	519.0
111740	111810	70	617.0	562.0
111830	111910	80	743.0	540.0
111930	112050	120	772.0	541.0
112070	112350	280	851.0	498.0
112369	112509	140	933.0	423.0
112629	112709	80	963.0	581.0
112769	113099	330	975.0	623.0
113169	113309	140	979.0	592.0
113429	113539	110	993.0	585.0
113579	113699	120	954.0	572.0
114019	114128	110	1242.0	626.0
114168	114308	140	1170.0	593.0
114328	114538	210	1132.0	560.0
114578	114658	80	1013.0	566.0
114698	114948	250	953.0	596.0
114968	115118	150	954.0	646.0
115128	115228	100	912.0	580.0
115248	115458	210	946.0	589.0
115518	115628	110	969.0	685.0
115688	115897	210	960.0	639.0
115917	116047	130	966.0	616.0
116087	116157	70	952.0	538.0
116197	116447	250	931.0	525.0
116467	116567	100	994.0	548.0
116617	116997	380	969.0	549.0
117007	117127	120	870.0	540.0
117147	117427	280	852.0	543.0
117447	117656	210	822.0	556.0
117666	117826	160	879.0	559.0
117866	118116	250	865.0	540.0
118246	118356	110	1173.0	570.0
118516	118656	140	875.0	484.0
118756	118946	190	1083.0	601.0
118966	119096	130	1070.0	637.0
119116	119365	250	1084.0	684.0
119505	119645	140	815.0	490.0
119665	119745	80	826.0	509.0
119815	120035	220	1092.0	726.0
120215	120335	120	1095.0	688.0
120385	120585	200	1122.0	670.0
120665	120914	250	1135.0	674.0
121214	121284	70	644.0	489.0
121354	121614	260	848.0	518.0
121864	122044	180	734.0	498.0
122184	122324	140	852.0	482.0
122364	122873	510	928.0	588.0
122933	123213	280	1051.0	760.0
123353	123543	190	947.0	635.0
123663	123793	130	971.0	658.0
123953	124133	180	968.0	619.0
124153	124243	90	956.0	602.0
124353	124592	240	964.0	676.0
124632	124742	110	909.0	698.0
124912	125082	170	1203.0	480.0
125182	125292	110	1033.0	460.0
125312	125442	130	969.0	489.0
125482	126012	530	950.0	562.0
126121	126241	120	867.0	625.0
126301	126401	100	858.0	584.0
126421	126931	510	863.0	559.0
126971	127211	240	908.0	564.0
127281	127451	170	943.0	568.0
127531	128590	1059	846.0	549.0
128630	128730	100	853.0	558.0
128770	129030	260	865.0	564.0
129180	129450	270	900.0	595.0
129470	129599	130	854.0	580.0
129619	129869	250	775.0	582.0
130219	130429	210	1164.0	508.0
130519	130599	80	1341.0	603.0
130619	130979	360	1284.0	626.0
130999	131278	280	1266.0	638.0
131338	131578	240	1020.0	547.0
131608	131718	110	1194.0	585.0
131738	131928	190	1191.0	560.0
131968	132238	270	1180.0	550.0
132648	132748	100	780.0	595.0
132788	132878	90	949.0	604.0
133067	133197	130	721.0	534.0
133217	133327	110	720.0	480.0
133367	133477	110	831.0	499.0
133637	133767	130	891.0	582.0
133817	134007	190	923.0	578.0
134137	134217	80	944.0	546.0
134497	134567	70	1126.0	796.0
134786	134896	110	855.0	431.0
134916	135026	110	928.0	498.0
135146	135526	380	952.0	661.0
135636	135726	90	969.0	608.0
135766	135936	170	973.0	600.0
136036	136276	240	951.0	554.0
136296	136375	80	986.0	573.0
136435	136835	400	1003.0	580.0
136845	136945	100	1034.0	576.0
137145	137235	90	1151.0	700.0
137335	137425	90	922.0	592.0
137465	137695	230	926.0	618.0
137735	137865	130	927.0	638.0
138134	138264	130	1270.0	510.0
138334	138544	210	1219.0	515.0
138614	138694	80	1140.0	532.0
138714	138814	100	1102.0	551.0
138854	138944	90	993.0	534.0
139004	139074	70	956.0	536.0
139154	139284	130	1024.0	585.0
139304	139414	110	1017.0	617.0
139464	139744	280	948.0	691.0
139773	140073	300	878.0	596.0
140263	140383	120	920.0	612.0
140423	140513	90	922.0	564.0
140533	140623	90	993.0	609.0
141103	141233	130	1133.0	496.0
141253	141343	90	1109.0	491.0
141363	141612	250	1056.0	447.0
141652	141742	90	1024.0	420.0
141782	141892	110	1004.0	403.0
141912	142012	100	1001.0	382.0
142062	142142	80	1005.0	353.0
142202	142442	240	1007.0	324.0
142482	142642	160	1037.0	306.0
142762	142862	100	1024.0	290.0
142902	143581	680	1014.0	300.0
