start_time	end_time	Block	Grid	IFU	Single Shape
0.295	0.405	1600.0	1600.0	1600.0	1600.0
0.605	0.725	1600.0	45.9	1600.0	1600.0
1.864	1.954	342.7	775.8	246.0	1600.0
1.974	2.094	402.4	712.5	105.1	1600.0
2.114	2.194	536.5	647.3	0.0	1600.0
2.274	2.394	705.2	628.2	28.4	1600.0
2.414	2.524	742.8	602.3	80.0	1600.0
2.544	2.743	658.7	547.0	2.8	1600.0
2.823	2.953	652.6	543.5	0.0	1600.0
3.113	3.233	643.3	563.2	0.0	1600.0
3.443	3.523	679.1	570.7	0.0	1600.0
3.563	3.663	673.5	634.1	0.0	1600.0
3.723	3.843	686.4	632.0	0.0	1600.0
3.863	4.033	669.8	596.6	0.0	1600.0
4.053	4.253	685.9	586.4	0.0	1600.0
4.293	4.402	729.5	540.1	0.0	1600.0
4.442	4.542	755.0	532.5	0.0	1600.0
4.562	4.672	775.0	523.4	0.0	1600.0
4.692	4.902	810.6	509.4	0.0	1600.0
5.002	5.122	956.5	400.0	0.0	1600.0
5.142	5.242	977.3	395.5	0.0	1600.0
5.262	5.372	1600.0	404.1	0.0	1600.0
5.392	5.512	1600.0	391.3	0.0	1600.0
5.532	5.622	1600.0	283.2	92.3	1600.0
5.662	5.772	1600.0	168.8	220.0	1600.0
5.792	5.872	1600.0	146.6	226.9	1600.0
5.982	6.061	1600.0	7.1	371.9	1600.0
6.511	6.611	1600.0	0.0	892.7	1600.0
6.831	6.911	1600.0	0.0	636.3	1600.0
7.231	7.341	1600.0	0.0	322.0	1600.0
7.91	7.99	1600.0	5.4	319.0	1600.0
8.06	8.16	1600.0	0.0	704.4	1600.0
8.18	8.25	1600.0	0.0	1600.0	1600.0
8.33	8.55	1600.0	0.0	1600.0	1600.0
8.78	8.86	1600.0	59.5	1600.0	1600.0
9.06	9.24	1600.0	0.0	1600.0	1600.0
9.31	9.529	1600.0	0.0	1600.0	172.0
9.739	9.829	1600.0	59.9	1600.0	28.2
10.009	10.119	1600.0	0.0	1221.4	1600.0
10.149	10.419	1600.0	0.0	1066.4	1600.0
10.439	10.539	1600.0	0.0	1025.3	1600.0
10.589	10.669	1600.0	0.0	862.0	1600.0
10.709	10.879	1600.0	0.0	864.7	1600.0
10.899	10.979	1600.0	0.0	905.3	1600.0
10.999	11.109	1600.0	0.0	929.3	1600.0
11.149	11.238	1600.0	0.0	922.5	1600.0
11.258	11.358	1600.0	0.0	878.1	1600.0
11.398	11.598	1166.1	0.0	361.1	1600.0
11.678	11.808	1600.0	201.4	65.0	1600.0
12.288	12.358	657.2	535.4	0.0	1600.0
12.378	12.508	593.6	561.6	21.0	1600.0
12.528	12.618	511.0	636.6	83.2	1600.0
12.658	12.788	411.3	744.0	166.0	1600.0
12.947	13.077	196.5	1600.0	438.5	1600.0
13.127	13.197	21.2	1600.0	637.2	1600.0
13.257	13.457	118.7	1600.0	548.0	434.3
13.997	14.137	69.3	1600.0	993.5	526.0
14.197	14.337	128.8	1600.0	1039.5	559.9
14.357	14.447	114.5	1600.0	987.8	510.6
14.497	14.607	0.0	1600.0	852.8	424.9
14.627	14.776	0.0	1600.0	841.1	464.6
15.276	15.406	0.0	1600.0	799.8	579.7
15.476	15.586	0.0	1600.0	911.2	611.2
15.776	15.846	0.0	1600.0	799.0	355.0
15.906	16.126	0.0	1600.0	739.3	222.0
16.196	16.375	0.0	1600.0	686.3	92.4
16.495	16.595	190.5	840.1	339.0	16.8
16.775	16.895	390.0	658.8	160.9	70.7
16.915	17.025	371.5	679.6	177.7	70.0
17.375	17.555	277.0	1600.0	249.3	326.4
17.595	17.685	251.1	1600.0	267.4	1600.0
18.025	18.134	6.0	1600.0	742.7	1600.0
18.174	18.254	0.0	1600.0	533.2	1600.0
18.314	18.554	265.3	748.0	270.1	1600.0
18.624	18.844	500.3	575.2	106.0	1600.0
19.174	19.244	1256.2	76.4	180.3	1600.0
19.314	19.424	1600.0	185.0	56.0	1600.0
19.714	19.823	1600.0	410.1	0.0	1600.0
19.843	19.953	1600.0	459.7	0.0	1600.0
19.973	20.523	1600.0	444.3	0.0	1600.0
20.543	20.733	1600.0	430.6	0.0	1600.0
20.823	20.903	1600.0	224.5	103.0	1600.0
20.993	21.073	1600.0	24.0	315.4	1600.0
21.113	21.223	1600.0	12.0	335.1	1600.0
21.243	21.353	1600.0	18.0	345.1	1600.0
21.672	21.792	1600.0	0.0	498.4	1600.0
21.942	22.102	1600.0	1.0	306.1	1600.0
22.112	22.192	1600.0	33.6	281.4	1600.0
22.332	22.452	1600.0	274.0	1.0	1600.0
22.812	22.892	1600.0	216.5	96.2	1600.0
22.912	22.992	1600.0	103.7	226.1	1600.0
23.082	23.291	1600.0	0.0	515.7	1600.0
23.881	23.961	1600.0	0.0	667.0	1600.0
24.051	24.121	1600.0	0.0	779.4	1600.0
24.291	24.421	1600.0	0.0	471.1	1600.0
24.481	24.631	1600.0	0.0	208.0	1600.0
24.711	24.781	1600.0	0.0	353.6	1600.0
24.851	24.94	1600.0	84.6	130.3	1600.0
25.23	25.32	1600.0	38.0	207.3	1600.0
25.36	25.44	1600.0	65.8	178.1	1600.0
25.53	25.68	1600.0	124.2	113.5	1600.0
25.94	26.04	1600.0	46.4	258.3	1600.0
26.08	26.18	1600.0	71.4	184.6	1600.0
26.23	26.34	1600.0	90.0	306.1	1600.0
26.53	26.64	1600.0	161.6	77.9	1600.0
26.689	27.049	1600.0	97.6	156.7	1600.0
27.089	27.169	1600.0	128.4	99.7	1600.0
27.379	27.469	1600.0	103.0	754.1	1600.0
27.489	27.609	1600.0	118.9	674.6	90.0
27.629	27.759	1600.0	92.6	663.2	67.2
27.799	27.909	1600.0	19.0	671.0	8.1
27.969	28.089	1600.0	50.6	730.0	9.1
28.209	28.389	1600.0	0.0	530.4	157.8
28.508	28.578	1600.0	0.0	234.3	482.4
28.648	28.758	1600.0	108.0	283.0	447.8
28.778	29.028	1600.0	86.1	247.4	312.4
29.208	29.308	1600.0	672.1	121.2	436.6
29.348	29.528	1600.0	552.1	38.9	298.9
29.688	29.878	1600.0	363.0	0.0	184.4
29.948	30.038	938.3	410.5	0.0	199.6
30.327	30.577	600.1	638.6	139.0	410.8
30.647	31.037	109.8	1600.0	636.0	480.3
31.647	31.727	0.0	1600.0	758.8	168.0
31.747	31.836	195.5	986.3	489.4	77.8
31.876	32.036	193.8	1025.0	488.6	98.1
32.076	32.156	228.0	1600.0	447.9	107.2
32.196	32.336	180.3	1600.0	538.3	107.5
32.506	32.596	609.8	1600.0	105.7	1600.0
33.026	33.116	32.1	1600.0	638.0	1600.0
33.346	33.535	467.5	683.3	252.2	1600.0
33.575	33.705	823.2	490.9	81.8	1600.0
34.505	34.575	1600.0	226.9	0.0	1600.0
34.715	34.825	850.8	533.0	0.0	1600.0
34.845	34.945	802.0	599.1	13.6	1600.0
35.015	35.105	808.6	632.8	9.0	1600.0
35.274	35.374	1600.0	578.1	0.0	1600.0
35.394	35.524	1600.0	641.4	0.0	1600.0
35.814	35.944	1600.0	537.9	0.0	1600.0
35.964	36.324	1600.0	447.5	0.0	1600.0
36.364	36.604	1600.0	426.4	0.0	1600.0
36.624	36.714	1600.0	424.2	0.0	1600.0
36.774	37.023	1600.0	293.7	0.0	1600.0
37.063	37.253	1600.0	203.9	44.4	1600.0
37.403	37.583	1600.0	44.3	213.2	1600.0
37.923	37.993	1600.0	0.0	425.5	1600.0
38.113	38.183	1600.0	0.0	464.0	1600.0
38.663	38.782	1600.0	164.7	0.0	1600.0
38.842	38.942	1600.0	5.0	169.5	1600.0
38.992	39.152	1600.0	0.0	182.8	1600.0
39.512	39.872	1600.0	0.0	226.7	1600.0
39.972	40.042	1600.0	570.6	82.4	1600.0
40.132	40.322	1600.0	210.2	0.0	1600.0
40.392	40.461	1600.0	113.0	47.5	1600.0
40.541	40.641	1600.0	112.9	40.6	1600.0
41.081	41.151	1600.0	0.0	356.8	1600.0
41.251	41.341	1600.0	0.0	357.8	1600.0
41.381	41.551	1600.0	0.0	394.7	1600.0
41.561	41.701	1600.0	22.6	601.2	1600.0
41.911	42.041	1600.0	95.3	65.5	1600.0
42.111	42.19	1600.0	114.4	49.4	1600.0
42.4	42.47	1600.0	0.0	685.9	1600.0
42.66	42.82	1600.0	0.0	536.0	1600.0
43.04	43.11	1600.0	78.9	749.0	1600.0
43.6	43.82	1600.0	0.0	279.5	1600.0
43.859	44.059	1600.0	0.0	227.7	1600.0
44.319	44.389	1600.0	380.6	0.0	1600.0
44.409	44.539	1600.0	165.7	0.0	1600.0
44.589	44.659	1600.0	0.0	250.0	1600.0
44.809	44.939	1600.0	0.0	388.5	1600.0
45.019	45.179	1600.0	0.0	251.2	1600.0
45.708	45.838	1600.0	0.0	184.0	23.0
46.108	46.188	1600.0	519.0	80.0	1600.0
46.208	46.298	1600.0	477.2	35.0	1600.0
46.348	46.428	1600.0	417.8	0.0	1600.0
46.508	46.678	1600.0	375.8	0.0	1600.0
46.758	46.988	775.0	487.8	58.0	1600.0
47.278	47.567	239.8	1600.0	539.0	1600.0
48.077	48.177	136.7	1600.0	1226.6	508.4
48.197	48.307	47.0	1600.0	1131.7	425.0
48.367	48.437	0.0	1600.0	1204.2	556.9
48.607	48.697	102.0	1600.0	1179.1	640.6
48.757	48.837	0.0	1600.0	1132.9	591.1
48.897	48.996	4.0	1600.0	1006.5	487.6
49.086	49.306	0.0	1600.0	996.9	279.6
49.326	49.446	0.0	1600.0	933.8	206.1
49.526	49.626	0.0	1600.0	953.9	181.4
50.626	50.925	652.8	1600.0	117.8	1600.0
51.115	51.235	68.8	1600.0	808.8	1600.0
51.275	51.455	120.1	956.6	565.9	1600.0
51.465	51.545	411.5	660.3	300.7	1600.0
51.695	51.845	1600.0	378.4	26.9	1600.0
51.865	51.985	1600.0	195.9	0.0	1600.0
52.435	52.514	1600.0	0.0	471.0	1600.0
52.844	52.954	1600.0	0.0	335.9	1600.0
53.024	53.104	1600.0	0.0	188.3	1600.0
53.124	53.274	1600.0	0.0	162.3	1600.0
53.294	53.364	1600.0	0.0	162.2	1600.0
53.564	53.774	1600.0	470.6	22.5	1600.0
53.814	53.894	1600.0	374.2	0.0	1600.0
53.974	54.273	1600.0	273.7	0.0	1600.0
54.573	54.743	1600.0	120.9	81.0	1600.0
55.013	55.193	1600.0	17.7	93.6	1600.0
55.213	55.353	1600.0	13.5	101.8	1600.0
55.523	55.603	1600.0	0.0	342.5	1600.0
55.673	55.773	1600.0	215.5	0.0	1600.0
55.853	55.942	1600.0	212.4	0.0	1600.0
55.962	56.172	1600.0	273.0	0.0	1600.0
56.252	56.362	1600.0	77.0	383.7	1600.0
56.432	56.622	1600.0	76.0	233.2	1600.0
56.762	56.982	1600.0	54.0	184.0	1600.0
57.102	57.172	1600.0	56.0	406.0	1600.0
57.192	57.292	1600.0	63.0	481.1	1600.0
57.482	57.572	1600.0	243.6	0.0	1600.0
58.031	58.161	1600.0	9.8	411.6	55.9
58.181	58.401	1600.0	11.4	359.0	102.4
58.531	58.641	1600.0	221.2	577.0	50.6
58.821	59.241	1600.0	265.7	0.0	647.0
59.35	59.54	1600.0	227.2	610.8	48.8
59.58	59.82	1600.0	272.8	647.1	1600.0
59.94	60.08	1600.0	343.9	640.8	1600.0
60.29	60.4	1600.0	42.6	338.5	47.2
60.44	60.86	1600.0	24.0	304.2	78.5
60.88	60.95	1600.0	38.0	298.6	38.3
61.069	61.139	1600.0	212.0	458.0	1600.0
61.159	61.229	1600.0	242.4	493.8	1600.0
61.329	61.529	1600.0	366.3	0.0	1600.0
61.879	61.989	1600.0	0.0	347.3	124.0
62.039	62.249	1600.0	668.9	0.0	434.2
62.359	62.499	1600.0	604.4	0.0	367.0
62.748	62.838	1600.0	166.8	348.5	1600.0
62.878	62.968	1600.0	118.0	257.3	1600.0
63.158	63.228	1600.0	356.9	0.0	1600.0
63.578	63.718	1600.0	194.2	0.0	1600.0
63.928	64.038	886.9	314.7	0.0	1600.0
65.377	65.467	178.8	1600.0	1262.1	752.1
65.527	65.637	55.0	1600.0	1199.0	646.3
65.857	65.987	0.0	1600.0	1076.7	545.6
66.176	66.306	41.0	1600.0	1099.0	555.8
66.486	66.586	0.0	1600.0	960.1	361.1
66.606	66.686	0.0	1600.0	957.6	355.3
66.726	66.836	1.0	1600.0	907.6	285.4
66.856	66.966	4.0	1600.0	890.7	280.4
67.026	67.126	28.0	1600.0	986.0	344.6
67.296	67.406	0.0	1600.0	1087.7	460.9
67.596	67.726	0.0	1600.0	1093.9	455.9
67.766	67.836	0.0	1600.0	1050.7	427.1
67.875	68.045	0.0	1600.0	1116.8	481.7
68.175	68.295	40.3	1600.0	1174.6	601.3
68.315	68.385	0.0	1600.0	1166.9	624.3
68.445	68.705	0.0	1600.0	1064.1	1600.0
68.785	68.855	0.0	1600.0	1143.5	461.6
68.895	68.965	0.0	1600.0	1081.7	413.6
69.025	69.125	0.0	1600.0	1074.4	330.7
69.165	69.275	19.1	1600.0	1056.3	339.3
69.315	69.495	22.0	1600.0	703.7	216.5
70.274	70.404	562.9	1600.0	265.0	1600.0
70.564	70.674	0.0	1600.0	1079.9	1600.0
70.694	70.774	52.8	1600.0	993.1	1600.0
70.864	71.234	80.0	1600.0	667.1	1600.0
71.274	71.403	485.1	658.4	289.9	1600.0
71.443	71.523	667.1	528.4	173.5	1600.0
71.563	71.753	1600.0	429.9	89.5	1600.0
72.143	72.253	1600.0	0.0	202.0	1600.0
72.273	72.383	1600.0	15.2	166.5	1600.0
72.423	72.513	1600.0	173.2	76.4	1600.0
72.543	72.653	1600.0	450.7	5.0	1600.0
73.422	73.662	1600.0	314.4	7.1	1600.0
73.682	73.812	1600.0	309.6	0.0	1600.0
73.862	74.262	1600.0	146.0	10.8	1600.0
74.382	74.592	1600.0	334.3	0.0	1600.0
74.692	74.881	1600.0	0.0	228.2	1600.0
75.021	75.171	1600.0	272.9	0.0	1600.0
75.361	75.471	1600.0	251.9	0.0	1600.0
75.631	75.841	1600.0	0.0	230.5	1600.0
76.281	76.451	1600.0	139.1	0.0	1600.0
76.51	76.69	1600.0	229.6	0.0	1600.0
76.86	77.02	1600.0	41.0	216.9	163.5
77.04	77.16	1600.0	6.4	216.9	1600.0
77.18	77.3	1600.0	0.0	171.4	1600.0
77.44	77.7	1600.0	402.1	0.0	1600.0
78.03	78.12	1600.0	191.3	23.4	1600.0
78.289	78.639	1600.0	82.4	0.0	1600.0
78.829	79.029	1600.0	265.1	0.0	1600.0
79.129	79.429	1600.0	22.0	47.0	1600.0
79.559	79.639	1600.0	290.0	0.0	258.9
80.158	80.248	1600.0	173.7	0.0	122.3
80.548	80.938	1600.0	22.2	115.1	20.6
81.048	81.578	1600.0	0.0	55.0	1600.0
81.627	81.697	1600.0	96.8	13.0	10.0
82.047	82.247	1051.0	202.1	0.0	1600.0
82.307	82.457	963.0	256.1	0.0	1600.0
82.837	82.947	218.5	1600.0	560.5	250.4
83.037	83.107	234.7	1600.0	574.0	0.0
83.127	83.217	207.2	1600.0	621.3	20.5
83.976	84.076	71.2	1600.0	1600.0	411.8
84.096	84.226	0.0	1600.0	1178.3	383.8
84.266	84.386	0.0	1600.0	1104.1	275.6
84.556	84.776	0.0	1600.0	947.0	77.1
84.816	84.926	0.0	1600.0	955.9	73.2
84.946	85.036	0.0	1600.0	986.1	89.4
85.075	85.175	0.0	1600.0	1082.1	194.0
85.595	85.735	64.4	1600.0	1600.0	0.0
85.795	86.055	0.0	1600.0	1600.0	232.5
86.075	86.235	61.0	1600.0	1600.0	264.8
86.335	86.455	0.0	1600.0	1181.9	337.0
86.495	86.754	0.0	1600.0	1124.7	312.7
87.074	87.274	0.0	1600.0	957.4	96.8
87.804	87.874	0.0	1600.0	971.3	1600.0
87.914	88.134	0.0	1600.0	960.2	1600.0
88.174	88.344	0.0	1600.0	877.2	1600.0
88.473	88.553	27.2	1600.0	802.2	1600.0
88.573	88.653	14.1	1600.0	764.5	1600.0
88.763	88.963	126.1	925.6	560.3	1600.0
89.023	89.143	272.0	816.3	454.8	1600.0
89.163	89.253	385.4	712.7	360.8	1600.0
89.793	89.863	1600.0	0.0	266.4	1600.0
90.083	90.262	1600.0	78.4	63.5	1600.0
90.362	90.482	1600.0	254.7	0.0	1600.0
90.492	90.562	1600.0	296.3	0.0	1600.0
90.672	90.782	1600.0	206.3	0.0	1600.0
90.882	91.122	1600.0	116.2	44.0	1600.0
91.182	91.262	1600.0	118.5	15.5	1600.0
91.582	91.752	1600.0	0.0	641.8	1600.0
91.792	91.862	1600.0	0.0	582.7	1600.0
91.951	92.121	1600.0	0.0	618.1	1600.0
92.321	92.471	1600.0	0.0	174.2	1600.0
92.491	92.561	1600.0	0.0	238.8	1600.0
92.711	92.801	1600.0	0.0	317.8	1600.0
93.541	93.67	1600.0	0.0	588.1	1600.0
93.69	93.81	1600.0	0.0	440.5	1600.0
93.86	93.97	1600.0	0.0	259.6	1600.0
94.06	94.19	1600.0	0.0	145.0	1600.0
94.54	94.64	1600.0	364.3	20.6	153.9
94.66	94.87	1600.0	356.3	32.0	195.0
94.88	95.03	1600.0	360.0	23.8	210.9
95.09	95.2	1600.0	219.5	0.0	97.6
95.349	95.589	1600.0	193.1	0.0	33.1
95.759	95.909	1600.0	388.2	24.0	321.9
95.929	95.999	1600.0	430.2	44.0	369.1
96.609	96.739	320.9	1600.0	503.7	14.8
96.849	96.959	155.6	1600.0	717.3	76.2
97.308	97.468	189.5	1600.0	1600.0	491.0
97.858	97.968	9.4	1600.0	1600.0	478.6
98.048	98.158	0.0	1600.0	1600.0	269.7
98.198	98.358	0.0	1600.0	1600.0	200.4
98.638	98.708	0.0	1600.0	1600.0	193.3
98.727	98.837	0.0	1600.0	1600.0	216.6
98.887	98.957	0.0	1600.0	1600.0	154.1
99.147	99.237	250.8	1600.0	1600.0	0.0
99.327	99.487	0.0	1600.0	1600.0	333.2
99.557	99.787	0.0	1600.0	1600.0	366.8
99.877	100.017	0.0	1600.0	1215.3	297.7
100.097	100.207	0.0	1600.0	1600.0	133.7
100.227	100.407	0.0	1600.0	1600.0	1600.0
100.706	100.896	56.6	1600.0	1600.0	1600.0
100.996	101.466	25.5	1600.0	951.6	1600.0
101.526	101.756	492.1	718.6	384.2	1600.0
101.776	101.976	706.6	572.9	247.5	1600.0
102.495	102.685	1600.0	0.0	215.6	1600.0
102.765	102.835	1600.0	298.6	0.0	1600.0
102.875	102.975	1600.0	441.3	0.0	1600.0
103.015	103.125	1600.0	538.0	0.0	1600.0
103.145	103.275	1600.0	555.3	0.0	1600.0
103.295	103.385	1600.0	491.3	0.0	1600.0
103.475	103.675	1600.0	247.4	0.0	1600.0
103.695	103.904	1600.0	240.3	0.0	1600.0
103.944	104.204	1600.0	123.0	0.0	1600.0
104.224	104.344	1600.0	102.9	5.0	1600.0
104.364	104.454	1600.0	112.4	0.0	1600.0
104.514	104.754	1600.0	282.3	0.0	1600.0
104.824	104.944	1600.0	0.0	193.3	1600.0
105.044	105.144	1600.0	0.0	253.3	1600.0
105.444	105.544	1600.0	278.4	0.0	1600.0
105.613	105.723	1600.0	0.0	182.0	1600.0
105.743	105.863	1600.0	0.0	136.0	1600.0
106.293	106.393	1600.0	127.2	0.0	1600.0
106.693	106.823	1600.0	0.0	179.3	1600.0
107.143	107.223	1600.0	0.0	429.3	1600.0
107.442	107.522	1600.0	0.0	366.0	1600.0
107.542	107.692	1600.0	0.0	313.5	1600.0
107.762	107.862	1600.0	0.0	268.0	1600.0
108.002	108.072	1600.0	199.0	0.0	1600.0
108.092	108.202	1600.0	147.9	0.0	1600.0
108.272	108.562	1600.0	231.6	0.0	1600.0
108.782	108.862	1600.0	0.0	347.9	1600.0
108.942	109.061	1600.0	0.0	325.1	1600.0
109.081	109.181	1600.0	0.0	342.9	1600.0
109.321	109.461	1600.0	299.0	0.0	1600.0
109.531	109.701	1600.0	406.5	0.0	463.1
109.811	109.901	1600.0	373.8	0.0	299.0
109.971	110.191	1600.0	345.6	0.0	1600.0
110.241	110.321	1600.0	285.1	0.0	1600.0
110.491	110.74	1600.0	60.4	0.0	1600.0
110.78	110.91	1600.0	79.4	43.0	1600.0
111.16	111.29	1600.0	256.2	0.0	1600.0
111.49	111.92	1600.0	40.3	118.5	0.0
112.01	112.34	1600.0	15.5	105.7	304.5
112.429	112.519	1600.0	0.0	254.0	1600.0
112.559	112.679	1600.0	0.0	257.6	1600.0
113.299	113.369	1600.0	14.3	537.0	1600.0
113.449	113.529	1600.0	0.0	384.4	1600.0
113.809	113.939	1600.0	0.0	545.4	1600.0
113.979	114.069	1600.0	0.0	555.1	1600.0
114.109	114.238	1600.0	0.0	441.0	1600.0
114.318	114.488	1600.0	18.0	90.3	1600.0
114.508	114.638	1600.0	91.1	41.0	1600.0
114.658	114.778	1600.0	87.0	33.0	394.0
114.798	114.898	1600.0	518.1	28.3	215.8
115.188	115.268	1600.0	423.1	29.0	1600.0
115.358	115.468	1600.0	351.9	0.0	1600.0
115.538	115.678	1600.0	317.6	0.0	265.7
115.728	115.828	1600.0	44.3	0.0	38.2
115.897	116.027	1600.0	85.7	0.0	1600.0
116.047	116.157	1600.0	22.8	13.0	1600.0
116.247	116.497	1600.0	335.9	0.0	1600.0
116.527	116.807	1600.0	221.7	0.0	1600.0
116.897	117.167	762.8	435.7	87.0	1600.0
117.896	117.966	313.8	1600.0	1600.0	663.1
118.296	118.426	19.6	1600.0	1600.0	386.5
118.576	118.746	21.4	1600.0	1600.0	313.2
118.916	119.046	0.0	1600.0	1600.0	171.5
119.186	119.295	0.0	1600.0	1600.0	112.5
119.545	119.725	0.0	1600.0	1057.6	103.5
119.745	119.835	0.0	1600.0	1023.4	1600.0
120.095	120.345	225.6	1600.0	621.7	141.9
120.365	120.495	453.3	675.2	355.0	30.1
120.515	120.605	544.4	615.5	268.1	89.6
120.645	120.735	753.9	415.3	125.9	111.2
121.204	121.284	1600.0	289.4	375.4	1600.0
121.514	121.604	461.9	1600.0	351.3	60.2
121.614	121.934	281.0	1600.0	570.9	275.5
122.274	122.384	131.0	1600.0	1308.1	1600.0
122.444	122.554	0.0	1600.0	863.2	1600.0
122.624	122.703	495.3	690.3	374.2	1600.0
122.743	122.853	864.8	430.5	124.0	1600.0
122.873	123.003	1600.0	320.1	7.0	1600.0
123.063	123.203	1600.0	281.0	0.0	1600.0
123.643	123.723	1600.0	122.4	17.0	1600.0
123.913	124.043	1600.0	218.9	0.0	1600.0
124.203	124.532	1600.0	364.5	0.0	1600.0
125.312	125.392	1600.0	213.6	0.0	1600.0
125.432	125.642	1600.0	242.0	0.0	1600.0
125.842	125.952	1600.0	0.0	194.3	1600.0
125.992	126.092	1600.0	0.0	137.1	1600.0
126.131	126.241	1600.0	0.0	134.5	1600.0
126.301	126.421	1600.0	0.0	236.6	1600.0
126.511	126.751	1600.0	241.6	0.0	1600.0
126.811	127.041	1600.0	96.8	48.0	1600.0
127.081	127.381	1600.0	0.0	179.9	1600.0
127.391	127.491	1600.0	0.0	244.4	1600.0
127.631	127.721	1600.0	0.0	638.2	1600.0
127.791	127.89	1600.0	0.0	622.1	1600.0
128.04	128.15	1600.0	0.0	387.7	1600.0
128.36	128.45	1600.0	0.0	275.8	1600.0
128.49	128.58	1600.0	0.0	294.9	1600.0
128.63	128.72	1600.0	0.0	256.5	1600.0
129.06	129.29	1600.0	43.4	91.1	1600.0
129.669	129.829	1600.0	12.1	753.7	29.5
130.099	130.209	1600.0	87.8	56.4	746.5
130.229	130.369	1600.0	220.8	0.0	871.0
130.879	130.969	1600.0	53.2	780.0	1600.0
131.089	131.238	1600.0	205.5	0.0	1600.0
131.718	131.808	1600.0	13.0	538.8	1600.0
131.828	131.978	1600.0	10.6	555.0	5.0
131.998	132.218	1600.0	91.0	549.5	2.0
132.528	132.638	1600.0	0.0	134.2	192.8
132.658	132.768	1600.0	56.6	168.6	224.4
132.808	132.898	1600.0	62.0	144.4	252.9
133.227	133.357	1600.0	279.6	0.0	627.9
133.397	133.497	1600.0	124.6	0.0	495.2
133.557	133.677	1600.0	104.7	5.0	456.3
133.697	133.787	1600.0	128.4	0.0	483.1
133.867	133.937	1600.0	220.2	0.0	580.2
133.977	134.047	1600.0	242.9	0.0	604.7
134.247	134.337	1600.0	13.0	551.5	39.0
134.357	134.437	1600.0	26.6	602.6	6.1
134.706	134.836	1600.0	39.1	66.1	543.1
135.566	135.706	1600.0	0.0	248.2	1600.0
135.956	136.036	1600.0	275.5	0.0	1600.0
136.166	136.346	1600.0	155.2	0.0	1600.0
136.386	136.485	1600.0	377.2	0.0	1600.0
136.525	136.605	1600.0	380.6	0.0	1600.0
136.775	136.865	1600.0	0.0	442.7	1600.0
137.065	137.305	1600.0	31.4	91.3	1600.0
137.365	137.545	1600.0	0.0	135.5	1600.0
137.615	137.745	1600.0	145.1	0.0	1600.0
138.214	138.494	1600.0	38.0	533.7	1600.0
139.174	139.264	1600.0	54.1	698.0	1600.0
139.324	139.444	1600.0	33.7	634.3	1600.0
139.594	139.754	1600.0	24.0	595.9	1600.0
139.774	139.973	1600.0	80.0	456.6	1600.0
140.063	140.183	1600.0	88.0	323.3	1600.0
140.583	140.663	1600.0	186.1	0.0	1600.0
140.683	140.763	1600.0	117.0	0.0	1600.0
140.833	140.913	1600.0	50.8	87.0	1600.0
141.243	141.473	1600.0	30.3	782.8	205.5
141.513	141.742	1600.0	47.2	717.4	1600.0
141.842	142.042	1600.0	121.0	568.9	1600.0
142.082	142.192	1600.0	140.7	641.0	1600.0
142.212	142.342	1600.0	0.0	549.4	1600.0
142.532	142.692	1600.0	339.3	0.0	1600.0
142.842	143.212	1600.0	0.0	372.8	97.9
143.271	143.481	1600.0	28.0	376.1	1600.0
143.591	143.681	1600.0	685.8	76.7	390.9
143.741	143.821	648.8	702.4	25.5	323.4
144.011	144.141	613.1	676.3	0.0	1600.0
144.161	144.371	615.2	659.8	0.0	1600.0
144.391	144.501	577.3	684.7	0.0	1600.0
144.521	144.661	382.9	867.8	35.1	1600.0
144.681	144.791	369.6	881.0	35.9	1600.0
144.96	145.03	417.7	1600.0	0.0	1600.0
145.18	145.34	202.2	1600.0	260.0	1600.0
145.93	146.06	0.0	1600.0	677.6	1600.0
146.12	146.21	0.0	1600.0	699.6	1600.0
146.23	146.33	0.0	1600.0	665.2	1600.0
146.35	146.47	0.0	1600.0	680.8	1600.0
146.5	146.63	0.0	1600.0	631.6	1600.0
146.65	146.779	0.0	1600.0	657.8	1600.0
146.959	147.039	0.0	1600.0	729.1	1600.0
147.079	147.169	0.0	1600.0	693.9	1600.0
147.209	147.319	5.8	1600.0	677.4	1600.0
147.359	147.479	79.2	1600.0	677.1	1600.0
147.499	147.589	0.0	1600.0	642.8	1600.0
147.629	147.739	19.6	1600.0	621.3	1600.0
147.759	147.879	0.0	1600.0	647.7	1600.0
147.899	147.969	0.0	1600.0	660.9	1600.0
148.029	148.139	0.0	1600.0	639.7	1600.0
148.179	148.259	0.0	1600.0	602.7	1600.0
148.299	148.388	0.0	1600.0	645.3	1600.0
148.408	148.598	0.0	1600.0	661.9	1600.0
148.898	148.978	0.0	1600.0	549.0	1600.0
148.998	149.108	0.0	1600.0	531.9	1600.0
149.148	149.268	0.0	1600.0	1600.0	563.6
149.318	149.388	0.0	1600.0	1600.0	525.2
149.428	149.678	0.0	1600.0	910.2	257.3
149.698	149.808	0.0	1600.0	802.0	1600.0
149.828	149.918	1.4	1600.0	677.7	0.0
150.018	150.087	185.6	1600.0	638.2	1600.0
150.247	150.487	123.2	1600.0	339.6	363.0
150.807	151.037	51.0	1600.0	332.0	1600.0
151.647	151.717	338.1	1600.0	657.7	1600.0
152.036	152.156	71.6	1077.4	367.2	1600.0
152.176	152.416	430.5	756.6	120.1	1600.0
152.476	152.606	639.4	591.8	22.0	1600.0
152.896	152.986	964.4	465.4	203.5	1600.0
153.346	153.436	679.0	959.3	235.6	1600.0
153.595	153.705	522.6	943.0	51.0	1600.0
153.725	153.855	508.5	898.3	0.0	1600.0
153.875	153.975	526.2	846.4	0.0	1600.0
154.015	154.145	536.7	799.9	0.0	1600.0
154.195	154.275	648.6	682.8	1.0	1600.0
154.295	154.365	655.3	668.7	29.2	1600.0
154.385	154.495	562.3	744.9	0.0	1600.0
154.735	154.825	528.0	708.7	0.0	1600.0
154.865	154.965	530.9	708.3	0.0	1600.0
154.985	155.125	534.1	739.8	0.0	1600.0
155.354	155.484	547.5	745.0	0.0	1600.0
156.114	156.444	1600.0	322.3	0.0	1600.0
156.654	156.764	1600.0	361.1	0.0	1600.0
156.814	157.103	1600.0	278.0	0.0	1600.0
157.223	157.343	1600.0	383.4	0.0	1600.0
157.363	157.473	1600.0	379.7	0.0	1600.0
157.513	157.733	1600.0	427.6	0.0	1600.0
157.953	158.023	1600.0	0.0	334.0	1600.0
158.043	158.143	1600.0	0.0	313.6	1600.0
158.203	158.273	1600.0	0.0	350.7	1600.0
158.463	158.533	1600.0	169.6	58.1	1600.0
158.623	158.742	1600.0	12.2	241.7	1600.0
159.162	159.232	1600.0	0.0	290.4	1600.0
159.292	159.392	1600.0	27.6	169.2	1600.0
159.432	159.522	1600.0	41.5	139.2	1600.0
159.752	159.822	1600.0	292.4	0.0	1600.0
160.431	160.521	1600.0	0.0	268.3	1600.0
160.541	160.911	1600.0	0.0	249.2	1600.0
161.021	161.161	1600.0	485.5	0.0	738.8
161.261	161.471	1600.0	425.2	0.0	1600.0
161.561	161.661	1600.0	113.4	562.9	1600.0
161.681	161.791	1600.0	39.6	527.2	1600.0
161.941	162.041	1600.0	275.5	0.0	1600.0
162.38	162.49	1600.0	0.0	833.2	1600.0
162.51	162.6	1600.0	0.0	826.9	1600.0
162.67	162.75	1600.0	0.0	842.6	1600.0
163.08	163.27	1600.0	0.0	329.0	372.6
163.39	163.46	1600.0	0.0	359.2	329.8
163.71	163.779	1600.0	432.3	0.0	945.6
163.799	163.869	1600.0	187.9	66.0	1600.0
163.909	164.029	1600.0	137.7	107.5	1600.0
164.049	164.159	1600.0	145.8	89.2	1600.0
164.229	164.439	1600.0	455.6	0.0	1600.0
164.549	164.649	1600.0	0.0	552.0	1600.0
164.679	164.819	1600.0	0.0	428.0	1600.0
165.049	165.239	1600.0	472.4	0.0	406.0
165.279	165.369	1600.0	515.0	65.0	1600.0
165.429	165.528	1600.0	503.1	58.7	1600.0
165.548	165.678	1600.0	526.2	99.5	1600.0
165.758	165.938	602.2	673.8	217.3	1600.0
166.248	166.478	896.0	365.8	0.0	1600.0
166.788	166.888	419.3	1600.0	323.0	234.6
166.948	167.038	140.4	1600.0	644.6	322.8
167.078	167.177	87.8	1600.0	720.5	289.6
167.347	167.437	183.3	1600.0	669.2	107.0
167.757	167.847	79.0	1600.0	1600.0	472.5
167.907	168.007	12.7	1600.0	1600.0	428.8
168.077	168.187	38.1	1600.0	1600.0	460.1
168.497	168.607	0.0	1600.0	1600.0	258.4
168.807	168.877	77.1	1600.0	1600.0	33.2
169.066	169.156	0.0	1600.0	1600.0	302.4
169.366	169.476	0.0	1600.0	1600.0	217.0
169.626	169.736	0.0	1600.0	1072.1	259.4
170.046	170.146	66.0	1600.0	755.3	1600.0
171.415	171.525	32.8	1600.0	827.5	1600.0
171.565	171.655	9.1	1600.0	823.4	1600.0
171.695	171.785	15.3	1600.0	737.1	1600.0
171.875	172.225	448.9	743.5	333.8	1600.0
172.245	172.354	1600.0	495.6	80.3	1600.0
172.374	172.484	1600.0	451.4	13.0	1600.0
172.924	172.994	1600.0	176.1	72.3	1600.0
173.074	173.194	1600.0	392.0	0.0	1600.0
173.544	173.674	1600.0	305.1	0.0	1600.0
173.804	173.974	1600.0	383.9	0.0	1600.0
174.493	174.673	1600.0	251.3	0.0	1600.0
174.783	174.873	1600.0	0.0	535.4	1600.0
175.043	175.143	1600.0	0.0	501.9	1600.0
175.313	175.493	1600.0	0.0	649.1	1600.0
175.583	175.683	1600.0	0.0	695.9	1600.0
175.762	175.842	1600.0	61.1	418.2	1600.0
175.862	175.972	1600.0	87.3	317.5	1600.0
176.042	176.252	1600.0	0.0	451.1	1600.0
176.392	176.562	1600.0	128.0	129.7	1600.0
176.582	176.772	1600.0	140.7	81.2	1600.0
177.092	177.222	1600.0	0.0	417.8	1600.0
177.242	177.342	1600.0	0.0	407.4	1600.0
177.362	177.432	1600.0	0.0	421.0	1600.0
177.661	177.791	1600.0	456.2	16.1	286.0
177.931	178.151	1600.0	534.6	64.3	337.1
178.211	178.311	1600.0	428.8	0.0	237.9
178.401	178.491	1600.0	167.9	5.0	12.1
178.591	178.681	1600.0	193.4	0.0	21.6
178.741	178.831	1600.0	451.2	0.0	265.6
178.891	179.141	1600.0	396.6	0.0	1600.0
179.21	179.38	1600.0	328.8	0.0	156.0
179.58	179.87	1006.1	308.6	0.0	173.7
179.91	180.08	695.0	544.5	97.0	1600.0
180.1	180.19	347.5	908.1	413.0	429.6
180.26	180.37	190.4	1600.0	603.0	265.9
181.119	181.189	68.4	1600.0	1265.0	482.4
181.259	181.369	0.0	1600.0	1202.9	428.8
181.409	181.489	0.0	1600.0	1153.1	362.5
181.549	181.729	0.0	1600.0	1600.0	334.1
181.799	181.959	0.0	1600.0	1600.0	248.8
182.099	182.179	0.0	1600.0	1124.9	368.1
182.199	182.289	0.0	1600.0	1116.0	357.1
182.309	182.578	0.0	1600.0	1072.6	274.7
182.598	182.698	0.0	1600.0	1046.7	185.2
182.778	182.858	0.0	1600.0	945.4	1600.0
182.878	182.988	0.0	1600.0	926.1	1600.0
183.448	183.688	37.2	1600.0	937.7	1600.0
183.728	183.828	48.5	1600.0	890.4	1600.0
183.848	183.978	50.5	1600.0	885.2	1600.0
184.058	184.357	11.0	1600.0	919.9	1600.0
184.397	184.507	0.0	1600.0	856.9	1600.0
184.547	184.837	4.0	1600.0	762.7	53.9
184.857	185.057	0.0	1600.0	825.1	1600.0
185.077	185.187	0.0	1600.0	830.0	92.0
185.357	185.447	11.7	1600.0	843.8	1600.0
185.477	185.827	72.0	1600.0	709.5	1600.0
185.917	186.116	22.8	1600.0	1032.2	1600.0
186.156	186.226	35.2	1600.0	708.8	1600.0
186.246	186.356	192.7	1600.0	532.0	1600.0
186.366	186.526	345.8	1600.0	377.0	1600.0
186.596	186.836	677.2	519.0	112.3	1600.0
186.876	186.946	1600.0	277.3	0.0	1600.0
187.166	187.246	1600.0	0.0	684.1	1600.0
187.566	187.636	1600.0	77.8	94.2	1600.0
187.675	187.775	1600.0	230.3	0.0	1600.0
187.865	188.055	1600.0	304.8	0.0	1600.0
188.075	188.195	945.6	320.4	1600.0	1600.0
188.345	188.455	791.3	558.0	1600.0	1600.0
188.495	188.595	764.7	628.7	1600.0	1600.0
188.615	188.745	810.9	717.1	1600.0	1600.0
188.765	188.925	878.7	704.4	140.4	1600.0
189.315	189.464	985.9	431.3	0.0	1600.0
189.864	189.974	923.5	472.2	0.0	1600.0
189.994	190.104	917.1	441.9	0.0	1600.0
190.984	191.074	708.8	768.6	228.9	1600.0
191.403	191.493	682.0	607.3	0.0	1600.0
191.673	191.763	810.8	462.2	4.5	1600.0
191.833	192.123	858.3	418.6	5.8	1600.0
192.153	192.623	760.3	527.0	25.0	1600.0
193.812	193.942	1600.0	1600.0	1600.0	1600.0
193.982	194.062	1600.0	1600.0	1600.0	1600.0
194.082	194.222	1600.0	1600.0	1600.0	1600.0
194.282	194.482	1600.0	1600.0	1600.0	1600.0
194.541	194.731	1600.0	1600.0	1600.0	1600.0
195.121	195.321	1600.0	1600.0	1600.0	1600.0
195.361	195.851	1600.0	1600.0	1600.0	1600.0
195.911	196.091	1600.0	1600.0	1600.0	1600.0
196.22	196.38	1600.0	1600.0	1600.0	1600.0
196.55	196.64	1600.0	1600.0	1600.0	1600.0
196.9	196.99	1600.0	1600.0	1600.0	1600.0
197.05	197.26	1600.0	1600.0	1600.0	1600.0
197.32	197.42	1600.0	1600.0	1600.0	1600.0
197.48	197.67	1600.0	1600.0	1600.0	1600.0
197.79	197.88	1600.0	1600.0	1600.0	1600.0
198.009	198.099	1600.0	1600.0	1600.0	1600.0
198.299	198.369	1600.0	1600.0	1600.0	1600.0
198.629	198.729	1600.0	1600.0	1600.0	1600.0
