event_type	start_time	end_time	duration	saccade_amplitude
Fixation	0	175	175	
Fixation	295	1314	1019	
Saccade	1314	1364	50	
Saccade	1374	1414	40	
Saccade	1844	1884	40	
Saccade	1894	1924	30	
Saccade	1964	1984	20	
Saccade	1994	2034	40	
Saccade	2054	2184	130	
Saccade	2224	2324	100	
Saccade	2394	2414	20	
Saccade	2434	2444	10	
Fixation	2444	2604	160	
Fixation	2624	2753	130	
Saccade	2833	2863	30	
Fixation	2863	3293	430	
Fixation	3343	3443	100	
Fixation	3463	3553	90	
Fixation	3613	3873	260	
Fixation	3893	4103	210	
Fixation	4163	4303	140	
Fixation	4323	4442	120	
Fixation	4462	4572	110	
Fixation	4612	4702	90	
Fixation	4742	4842	100	
Fixation	4892	5362	470	
Saccade	5362	5392	30	
Saccade	5442	5462	20	
Fixation	5462	5572	110	
Saccade	5592	5612	20	
Fixation	5612	5972	360	
Fixation	6032	6121	90	
Fixation	6141	6251	110	
Fixation	6291	6541	250	
Fixation	6591	6721	130	
Saccade	6721	6761	40	7.31
Fixation	6761	6861	100	
Fixation	6881	7091	210	
Fixation	7111	7291	180	
Fixation	7311	7621	310	
Fixation	7661	7870	210	
Fixation	7890	8010	120	
Saccade	8030	8100	70	
Saccade	8130	8150	20	
Fixation	8150	8290	140	
Saccade	8350	8380	30	
Fixation	8380	8550	170	
Fixation	8610	8970	360	
Saccade	8970	9010	40	6.4
Fixation	9010	9140	130	
Fixation	9180	9270	90	
Saccade	9310	9380	70	
Saccade	9390	9420	30	
Saccade	9460	9490	30	
Fixation	9629	9789	160	
Saccade	9889	9919	30	
Saccade	9949	9979	30	
Fixation	9979	10129	150	
Saccade	10129	10149	20	1.9
Fixation	10149	10269	120	
Saccade	10339	10369	30	
Fixation	10369	10449	80	
Fixation	10579	10819	240	
Fixation	10879	11089	210	
Saccade	11169	11229	60	
Saccade	11249	11299	50	
Saccade	11318	11398	80	
Fixation	11398	11508	110	
Saccade	11578	11588	10	
Fixation	11588	11788	200	
Saccade	11858	11938	80	
Fixation	11938	12208	270	
Saccade	12248	12268	20	
Saccade	12308	12328	20	
Fixation	12348	12458	110	
Fixation	12608	12688	80	
Saccade	12688	12728	40	
Fixation	12748	12858	110	
Fixation	12878	12978	100	
Saccade	12978	12988	10	2.3
Fixation	12988	13127	140	
Fixation	13147	13257	110	
Fixation	13277	13557	280	
Fixation	13597	13667	70	
Fixation	13707	13827	120	
Fixation	13847	13917	70	
Saccade	13917	13957	40	
Saccade	13977	13997	20	
Fixation	13997	14147	150	
Saccade	14257	14267	10	
Fixation	14267	14347	80	
Fixation	14427	14677	250	
Fixation	14697	14936	240	
Saccade	14956	14976	20	
Fixation	14976	15106	130	
Fixation	15126	15206	80	
Fixation	15246	15356	110	
Saccade	15356	15386	30	6.26
Fixation	15386	15576	190	
Saccade	15576	15606	30	
Fixation	15646	15756	110	
Fixation	15776	16286	510	
Fixation	16326	17505	1179	
Saccade	17595	17655	60	
Fixation	17655	17775	120	
Saccade	17775	17805	30	
Saccade	17825	17855	30	
Fixation	17855	17945	90	
Fixation	17965	18095	130	
Fixation	18264	18534	270	
Fixation	18574	18654	80	
Fixation	18674	18774	100	
Fixation	18794	18904	110	
Saccade	18924	18984	60	
Fixation	18984	19104	120	
Saccade	19104	19124	20	
Saccade	19144	19174	30	
Fixation	19194	19354	160	
Fixation	19374	19454	80	
Saccade	19494	19544	50	
Saccade	19604	19624	20	
Saccade	19694	19744	50	
Fixation	19744	19904	160	
Saccade	19924	19954	30	
Fixation	19954	20053	100	
Saccade	20053	20073	20	
Saccade	20193	20243	50	
Saccade	20293	20323	30	
Saccade	20343	20373	30	
Saccade	20413	20423	10	
Fixation	20473	20733	260	
Saccade	20733	20753	20	
Saccade	20793	20833	40	
Fixation	20833	21093	260	
Saccade	21093	21123	30	
Fixation	21173	21373	200	
Saccade	21393	21423	30	
Fixation	21463	21623	160	
Saccade	21623	21653	30	4.74
Fixation	21653	21722	70	
Fixation	21742	21952	210	
Fixation	21992	22102	110	
Fixation	22142	22262	120	
Fixation	22282	22452	170	
Saccade	22452	22482	30	
Fixation	22682	22822	140	
Fixation	22842	22962	120	
Fixation	22982	23062	80	
Saccade	23062	23082	20	
Fixation	23132	23302	170	
Saccade	23302	23362	60	
Fixation	23412	23491	80	
Saccade	23491	23531	40	9.96
Fixation	23531	23641	110	
Fixation	23681	23811	130	
Fixation	23831	23961	130	
Fixation	23981	24101	120	
Fixation	24141	24261	120	
Saccade	24261	24271	10	2.9
Fixation	24271	24391	120	
Fixation	24441	24561	120	
Fixation	24581	24661	80	
Fixation	24681	24821	140	
Saccade	24821	24901	80	
Saccade	24941	24981	40	
Saccade	25001	25031	30	
Saccade	25051	25061	10	
Fixation	25230	25580	350	
Saccade	25580	25610	30	
Saccade	25680	25700	20	
Saccade	25720	25780	60	
Fixation	25780	25850	70	
Fixation	25910	26090	180	
Fixation	26110	26720	610	
Fixation	26740	27009	270	
Fixation	27029	27109	80	
Fixation	27229	27409	180	
Saccade	27409	27439	30	
Saccade	27529	27549	20	
Saccade	27569	27609	40	
Fixation	27629	27699	70	
Saccade	27699	27719	20	
Saccade	27759	27779	20	
Fixation	27779	28009	230	
Saccade	28109	28119	10	
Fixation	28119	28589	470	
Fixation	28628	28738	110	
Saccade	28808	28878	70	
Saccade	28918	28958	40	
Saccade	28978	28988	10	
Saccade	28998	29018	20	
Fixation	29058	29158	100	
Saccade	29198	29218	20	
Fixation	29218	29328	110	
Fixation	29348	29448	100	
Saccade	29628	29638	10	
Fixation	29638	29728	90	
Fixation	29778	29878	100	
Fixation	29898	30138	240	
Fixation	30198	30298	100	
Saccade	30298	30328	30	
Saccade	30477	30497	20	
Fixation	30497	30707	210	
Fixation	30747	30837	90	
Saccade	30837	30867	30	
Saccade	30927	30967	40	
Saccade	31017	31037	20	
Saccade	31047	31117	70	
Fixation	31157	31557	400	
Fixation	31597	31677	80	
Fixation	31697	31957	260	
Saccade	31957	31987	30	
Saccade	32047	32076	30	
Fixation	32076	32236	160	
Saccade	32276	32296	20	
Fixation	32296	32656	360	
Fixation	32696	32776	80	
Saccade	32776	32816	40	1.68
Fixation	32816	32916	100	
Fixation	32956	33086	130	
Saccade	33156	33226	70	
Fixation	33246	33336	90	
Fixation	33356	33466	110	
Fixation	33506	33606	100	
Saccade	33676	33696	20	
Fixation	33696	33875	180	
Saccade	33915	33985	70	
Saccade	34015	34045	30	
Fixation	34065	34155	90	
Saccade	34155	34175	20	
Fixation	34245	34315	70	
Saccade	34315	34335	20	2.45
Fixation	34335	34625	290	
Fixation	34645	34865	220	
Saccade	34945	34975	30	
Saccade	35015	35055	40	
Fixation	35055	35155	100	
Saccade	35225	35265	40	
Fixation	35265	35435	170	
Saccade	35475	35515	40	
Fixation	35515	35924	410	
Fixation	35944	36084	140	
Fixation	36194	36374	180	
Saccade	36374	36394	20	
Fixation	36474	36604	130	
Saccade	36604	36634	30	
Fixation	36744	36884	140	
Saccade	36884	36904	20	3.87
Fixation	36904	37034	130	
Saccade	37034	37054	20	4.85
Fixation	37054	37254	200	
Saccade	37254	37283	30	4.38
Fixation	37283	37483	200	
Saccade	37483	37523	40	10.83
Fixation	37523	37793	270	
Saccade	37793	37813	20	3.84
Fixation	37813	37943	130	
Saccade	37943	37983	40	
Fixation	38043	38263	220	
Saccade	38263	38283	20	5.1
Fixation	38283	38523	240	
Saccade	38523	38553	30	6.51
Fixation	38553	38643	90	
Fixation	38713	38923	210	
Fixation	38943	39142	200	
Fixation	39162	39272	110	
Fixation	39292	39622	330	
Saccade	39622	39642	20	2.84
Fixation	39642	39822	180	
Saccade	39822	39842	20	4.9
Fixation	39842	39942	100	
Saccade	40022	40042	20	
Saccade	40082	40102	20	
Fixation	40102	40362	260	
Fixation	40412	40891	480	
Saccade	40891	40911	20	4.0
Fixation	40911	41111	200	
Fixation	41131	41841	710	
Fixation	41911	42441	530	
Fixation	42461	43310	850	
Saccade	43310	43410	100	
Saccade	43430	43480	50	
Fixation	43480	43590	110	
Fixation	43690	43950	260	
Saccade	43950	43970	20	
Fixation	43990	44070	80	
Fixation	44090	44259	170	
Saccade	44329	44359	30	
Saccade	44409	44429	20	
Fixation	44429	44509	80	
Fixation	44529	45049	520	
Fixation	45109	45259	150	
Fixation	45279	45359	80	
Fixation	45379	45539	160	
Fixation	45559	45659	100	
Fixation	45679	45929	250	
Fixation	45948	46308	360	
Fixation	46328	46608	280	
Fixation	46628	47008	380	
Fixation	47058	47558	500	
Fixation	47628	48137	510	
Fixation	48197	48287	90	
Fixation	48307	48587	280	
Fixation	48607	49436	830	
Fixation	49626	49696	70	
Saccade	49756	49786	30	
Fixation	50026	50116	90	
Saccade	50156	50196	40	
Fixation	50196	50276	80	
Fixation	50296	50696	400	
Fixation	50716	50926	210	
Saccade	50926	50976	50	
Fixation	50996	51086	90	
Saccade	51086	51106	20	
Saccade	51195	51235	40	
Saccade	51245	51285	40	
Saccade	51295	51305	10	
Saccade	51365	51385	20	
Saccade	51425	51445	20	
Fixation	51445	51765	320	
Saccade	51765	51785	20	
Saccade	51795	51805	10	
Fixation	51805	51955	150	
Fixation	51975	52065	90	
Saccade	52125	52145	20	
Saccade	52205	52225	20	
Fixation	52225	52305	80	
Saccade	52305	52405	100	41.47
Fixation	52405	52625	220	
Fixation	52715	52944	230	
Saccade	52944	52974	30	
Saccade	53034	53064	30	
Saccade	53074	53114	40	
Saccade	53174	53194	20	
Saccade	53224	53244	20	
Fixation	53244	53314	70	
Saccade	53324	53344	20	
Fixation	53344	53544	200	
Saccade	53564	53604	40	
Fixation	53604	53844	240	
Saccade	53844	53874	30	
Saccade	53924	53944	20	
Fixation	53944	54014	70	
Fixation	54074	54174	100	
Saccade	54244	54304	60	
Saccade	54344	54364	20	
Fixation	54364	54484	120	
Saccade	54484	54504	20	
Saccade	54524	54554	30	
Saccade	54574	54603	30	
Fixation	54643	54723	80	
Saccade	54723	54773	50	
Saccade	54813	54833	20	
Saccade	54843	54903	60	
Saccade	54923	54953	30	
Saccade	54963	54983	20	
Fixation	54983	55133	150	
Saccade	55133	55143	10	2.7
Fixation	55143	55343	200	
Fixation	55363	55433	70	
Saccade	55433	55463	30	6.95
Fixation	55463	55673	210	
Fixation	55693	56103	410	
Saccade	56103	56183	80	27.58
Fixation	56183	56512	330	
Fixation	56532	56612	80	
Fixation	56632	56852	220	
Saccade	56852	56872	20	
Fixation	56892	57122	230	
Saccade	57122	57152	30	
Saccade	57192	57232	40	
Fixation	57232	57312	80	
Saccade	57332	57362	30	
Fixation	57362	57822	460	
Fixation	57912	58082	170	
Saccade	58082	58141	60	11.47
Fixation	58141	58461	320	
Saccade	58481	58501	20	
Saccade	58551	58571	20	
Fixation	58631	58841	210	
Fixation	58881	59101	220	
Saccade	59161	59191	30	
Fixation	59191	59411	220	
Fixation	59431	59800	370	
Fixation	59840	59940	100	
Saccade	59940	60010	70	
Saccade	60020	60030	10	
Saccade	60040	60090	50	
Fixation	60130	60220	90	
Saccade	60240	60270	30	
Saccade	60310	60360	50	
Fixation	60380	60510	130	
Saccade	60590	60620	30	
Fixation	60620	60740	120	
Saccade	60740	60790	50	
Fixation	60810	61040	230	
Fixation	61080	61579	500	
Saccade	61579	61639	60	
Saccade	61659	61679	20	
Saccade	61739	61769	30	
Fixation	61769	61859	90	
Fixation	61879	62009	130	
Fixation	62029	62199	170	
Saccade	62199	62269	70	
Saccade	62339	62389	50	
Fixation	62389	62909	520	
Fixation	62929	63039	110	
Saccade	63039	63069	30	5.81
Fixation	63069	63328	260	
Saccade	63328	63358	30	
Fixation	63448	63568	120	
Fixation	63628	63778	150	
Saccade	63778	63808	30	
Saccade	63868	63888	20	
Fixation	63888	64018	130	
Saccade	64018	64038	20	1.52
Fixation	64038	64108	70	
Fixation	64128	64238	110	
Fixation	64258	64768	510	
Saccade	64768	64778	10	2.57
Fixation	64778	64938	160	
Fixation	64978	65367	390	
Saccade	65367	65387	20	3.5
Fixation	65387	65547	160	
Saccade	65547	65627	80	26.3
Fixation	65627	65757	130	
Fixation	65777	66107	330	
Saccade	66127	66147	20	
Fixation	66147	66736	590	
Fixation	66776	67026	250	
Saccade	67026	67096	70	18.95
Fixation	67096	67356	260	
Fixation	67376	67476	100	
Fixation	67496	67576	80	
Saccade	67576	67626	50	
Fixation	67776	67896	120	
Fixation	67916	68006	90	
Fixation	68066	68585	520	
Fixation	68625	68855	230	
Saccade	68855	68915	60	19.18
Fixation	68915	69135	220	
Fixation	69175	69295	120	
Saccade	69315	69345	30	
Saccade	69445	69465	20	
Fixation	69465	69625	160	
Fixation	69645	69955	310	
Saccade	69975	70045	70	
Fixation	70115	70434	320	
Saccade	70434	70494	60	17.98
Fixation	70494	70574	80	
Fixation	70694	71354	660	
Fixation	71374	72093	720	
Fixation	72113	72183	70	
Saccade	72183	72193	10	2.59
Fixation	72193	72603	410	
Fixation	72643	72723	80	
Saccade	72723	72743	20	2.19
Fixation	72743	72903	160	
Saccade	72903	72923	20	3.57
Fixation	72923	73143	220	
Saccade	73143	73173	30	
Saccade	73193	73213	20	
Fixation	73213	73603	390	
Saccade	73772	73802	30	
Saccade	73822	73852	30	
Saccade	73892	73912	20	
Fixation	73912	74012	100	
Fixation	74032	74142	110	
Fixation	74162	74252	90	
Saccade	74252	74262	10	4.3
Fixation	74262	74412	150	
Fixation	74432	74542	110	
Saccade	74542	74552	10	3.52
Fixation	74552	74692	140	
Saccade	74752	74802	50	
Fixation	74802	74992	190	
Fixation	75032	75122	90	
Fixation	75182	75411	230	
Fixation	75431	75571	140	
Fixation	75591	75791	200	
Saccade	75811	75831	20	
Fixation	75831	75901	70	
Saccade	75901	75951	50	
Saccade	76011	76031	20	
Fixation	76031	76391	360	
Saccade	76471	76481	10	
Fixation	76481	76611	130	
Fixation	76731	76911	180	
Fixation	76981	77091	110	
Fixation	77130	77390	260	
Fixation	77410	77560	150	
Saccade	77610	77640	30	
Saccade	77680	77700	20	
Saccade	77710	77730	20	
Saccade	77790	77830	40	
Fixation	77830	77910	80	
Saccade	77910	77930	20	4.3
Fixation	77930	78130	200	
Saccade	78130	78160	30	5.34
Fixation	78160	78240	80	
Fixation	78260	78340	80	
Saccade	78340	78360	20	
Fixation	78380	78540	160	
Saccade	78600	78620	20	
Fixation	78660	78770	110	
Saccade	78810	78849	40	
Fixation	78849	78929	80	
Fixation	78949	79039	90	
Saccade	79059	79089	30	
Fixation	79089	79189	100	
Fixation	79209	79409	200	
Saccade	79409	79429	20	6.26
Fixation	79429	79579	150	
Saccade	79659	79679	20	
Saccade	79729	79759	30	
Fixation	79779	79889	110	
Fixation	79909	79989	80	
Saccade	79989	80029	40	
Fixation	80049	80269	220	
Fixation	80329	80628	300	
Fixation	80648	80738	90	
Fixation	80758	80858	100	
Fixation	80908	81158	250	
Fixation	81178	81428	250	
Saccade	81428	81458	30	
Saccade	81548	81588	40	
Saccade	81608	81618	10	
Fixation	81618	81688	70	
Saccade	81688	81708	20	
Saccade	81788	81828	40	
Fixation	81828	81908	80	
Saccade	81908	81978	70	
Saccade	82048	82068	20	
Fixation	82068	82178	110	
Saccade	82178	82258	80	
Saccade	82337	82357	20	
Saccade	82377	82417	40	
Fixation	82417	82557	140	
Fixation	82677	82787	110	
Saccade	82867	82917	50	
Fixation	82917	83077	160	
Fixation	83097	83377	280	
Fixation	83427	83637	210	
Fixation	83677	83957	280	
Fixation	83977	84086	110	
Fixation	84126	84306	180	
Saccade	84306	84326	20	
Saccade	84396	84446	50	
Fixation	84446	84546	100	
Saccade	84596	84626	30	
Fixation	84676	84856	180	
Fixation	84876	84946	70	
Fixation	84966	85146	180	
Saccade	85146	85166	20	
Fixation	85226	85336	110	
Saccade	85436	85446	10	
Fixation	85446	85626	180	
Fixation	85666	85875	210	
Saccade	85875	85885	10	2.75
Fixation	85885	86025	140	
Fixation	86045	86145	100	
Saccade	86145	86165	20	3.69
Fixation	86165	86435	270	
Saccade	86435	86445	10	3.87
Fixation	86445	86585	140	
Fixation	86645	86775	130	
Saccade	86775	86785	10	3.84
Fixation	86785	86875	90	
Fixation	86915	87285	370	
Fixation	87325	87494	170	
Saccade	87494	87514	20	
Fixation	87614	87854	240	
Fixation	87894	88034	140	
Saccade	88114	88144	30	
Saccade	88164	88184	20	
Saccade	88194	88244	50	
Fixation	88244	88374	130	
Saccade	88374	88394	20	
Fixation	88444	88554	110	
Fixation	88694	88834	140	
Fixation	88874	88964	90	
Saccade	88964	88994	30	
Saccade	89014	89074	60	
Saccade	89094	89124	30	
Fixation	89144	89403	260	
Saccade	89453	89523	70	
Fixation	89593	89733	140	
Saccade	89733	89743	10	1.25
Fixation	89743	89823	80	
Fixation	89843	90143	300	
Saccade	90213	90233	20	
Fixation	90233	90373	140	
Fixation	90433	90513	80	
Fixation	90533	90623	90	
Fixation	90663	90923	260	
Fixation	90942	91072	130	
Fixation	91112	91522	410	
Saccade	91522	91542	20	
Saccade	91562	91622	60	
Saccade	91682	91702	20	
Fixation	91792	91912	120	
Fixation	91932	92592	660	
Fixation	92612	92691	80	
Saccade	92721	92781	60	
Saccade	92811	92821	10	
Fixation	92821	93011	190	
Fixation	93031	93551	520	
Saccade	93631	93691	60	
Saccade	93711	93731	20	
Fixation	93731	93841	110	
Saccade	93891	93901	10	
Fixation	93901	94251	350	
Fixation	94291	94470	180	
Saccade	94470	94540	70	
Saccade	94560	94580	20	
Fixation	94580	94670	90	
Fixation	94710	94920	210	
Fixation	94960	95130	170	
Saccade	95130	95160	30	6.23
Fixation	95160	95420	260	
Saccade	95420	95490	70	
Saccade	95570	95590	20	
Fixation	95630	95760	130	
Fixation	95780	95890	110	
Saccade	96110	96130	20	
Saccade	96140	96159	20	
Fixation	96229	96329	100	
Fixation	96349	96829	480	
Fixation	96899	97089	190	
Saccade	97089	97119	30	8.17
Fixation	97119	97379	260	
Saccade	97379	97399	20	5.2
Fixation	97399	97539	140	
Fixation	97579	97689	110	
Fixation	97709	97948	240	
Saccade	98048	98088	40	
Saccade	98108	98148	40	
Saccade	98188	98228	40	
Saccade	98248	98268	20	
Saccade	98318	98358	40	
Fixation	98398	98538	140	
Fixation	98558	98638	80	
Saccade	98658	98688	30	
Saccade	98738	98758	20	
Fixation	98798	99178	380	
Saccade	99248	99288	40	
Fixation	99348	99588	240	
Fixation	99607	99727	120	
Fixation	99777	99877	100	
Fixation	99897	100007	110	
Fixation	100027	100267	240	
Fixation	100307	100557	250	
Saccade	100617	100667	50	
Fixation	100727	100837	110	
Fixation	100857	101087	230	
Saccade	101087	101107	20	
Fixation	101157	101506	350	
Fixation	101566	101806	240	
Fixation	101826	102006	180	
Saccade	102006	102026	20	4.56
Fixation	102026	102096	70	
Fixation	102116	102226	110	
Fixation	102246	102376	130	
Fixation	102396	102486	90	
Fixation	102526	102616	90	
Saccade	102716	102746	30	
Fixation	102746	102866	120	
Saccade	102866	102876	10	
Fixation	102946	103485	540	
Saccade	103545	103565	20	
Fixation	103565	103645	80	
Saccade	103725	103755	30	
Fixation	103795	103945	150	
Fixation	103965	104075	110	
Saccade	104095	104125	30	
Fixation	104125	104375	250	
Fixation	104395	104605	210	
Fixation	104645	104824	180	
Saccade	104824	104864	40	
Fixation	104924	105074	150	
Fixation	105214	105324	110	
Saccade	105344	105374	30	
Fixation	105494	105674	180	
Fixation	105744	105834	90	
Fixation	105874	105994	120	
Fixation	106014	106184	170	
Saccade	106184	106214	30	5.96
Fixation	106214	106384	170	
Fixation	106573	106673	100	
Fixation	106713	106823	110	
Fixation	106843	106973	130	
Fixation	106993	107093	100	
Fixation	107113	107373	260	
Saccade	107393	107413	20	
Fixation	107413	107513	100	
Fixation	107533	107723	190	
Fixation	107813	108043	230	
Fixation	108063	108153	90	
Saccade	108193	108213	20	
Fixation	108213	108342	130	
Fixation	108362	108442	80	
Saccade	108482	108512	30	
Fixation	108512	108722	210	
Fixation	108742	108992	250	
Saccade	109072	109092	20	
Fixation	109092	109352	260	
Saccade	109352	109372	20	5.52
Fixation	109372	109552	180	
Saccade	109752	109762	10	
Fixation	109762	109872	110	
Saccade	109872	109892	20	
Fixation	109912	110111	200	
Fixation	110131	110261	130	
Fixation	110281	110421	140	
Fixation	110441	110521	80	
Fixation	110581	110671	90	
Saccade	110671	110711	40	
Saccade	110751	110791	40	
Saccade	110961	111041	80	
Saccade	111111	111141	30	
Saccade	111161	111191	30	
Saccade	111231	111261	30	
Saccade	111271	111281	10	
Fixation	111281	111411	130	
Saccade	111451	111471	20	
Fixation	111491	111651	160	
Saccade	111651	111671	20	
Saccade	111780	111800	20	
Saccade	111830	111880	50	
Saccade	111900	111910	10	
Fixation	111910	112010	100	
Saccade	112070	112130	60	
Fixation	112190	112420	230	
Fixation	112440	112580	140	
Saccade	112580	112610	30	
Fixation	112710	112800	90	
Saccade	112800	112820	20	
Saccade	112930	112960	30	
Fixation	112960	113240	280	
Fixation	113260	113410	150	
Fixation	113429	113519	90	
Fixation	113599	113809	210	
Saccade	113909	113999	90	
Saccade	114049	114079	30	
Saccade	114209	114229	20	
Fixation	114249	114379	130	
Fixation	114399	114619	220	
Saccade	114619	114639	20	4.78
Fixation	114639	114759	120	
Fixation	114779	115158	380	
Saccade	115158	115178	20	6.42
Fixation	115178	115528	350	
Saccade	115528	115578	50	12.01
Fixation	115578	115648	70	
Saccade	115648	115678	30	
Fixation	115758	115908	150	
Saccade	115908	115928	20	3.32
Fixation	115928	116128	200	
Saccade	116128	116208	80	18.71
Fixation	116208	116438	230	
Fixation	116458	116578	120	
Fixation	116598	116708	110	
Fixation	116748	117167	420	
Fixation	117207	117727	520	
Saccade	117727	117747	20	
Fixation	117797	118157	360	
Fixation	118177	118547	370	
Fixation	118626	118806	180	
Fixation	118926	119276	350	
Fixation	119316	119576	260	
Fixation	119596	119656	60	
Fixation	119676	119896	220	
Saccade	119976	120006	30	
Fixation	120006	120156	150	
Saccade	120156	120166	10	1.4
Fixation	120166	120296	130	
Fixation	120415	120545	130	
Saccade	120565	120595	30	
Fixation	120595	120925	330	
Saccade	120925	120945	20	2.3
Fixation	120945	121065	120	
Saccade	121065	121095	30	
Saccade	121115	121165	50	
Saccade	121175	121195	20	
Saccade	121205	121215	10	
Saccade	121245	121255	10	
Saccade	121295	121305	10	
Fixation	121305	121465	160	
Saccade	121465	121485	20	3.54
Fixation	121485	121595	110	
Saccade	121595	121625	30	
Fixation	121665	121795	130	
Fixation	121815	121905	90	
Saccade	121905	121925	20	
Saccade	121945	121965	20	
Fixation	121965	122194	230	
Saccade	122214	122254	40	
Fixation	122254	122974	720	
Saccade	122974	122994	20	
Saccade	123074	123094	20	
Saccade	123114	123124	10	
Fixation	123124	123474	350	
Fixation	123494	123674	180	
Fixation	123774	123963	190	
Saccade	123963	123973	10	3.39
Fixation	123973	124283	310	
Fixation	124343	124593	250	
Fixation	124663	124863	200	
Fixation	124933	125003	70	
Fixation	125043	125423	380	
Saccade	125423	125443	20	
Fixation	125463	125672	210	
Fixation	125692	126162	470	
Fixation	126282	126792	510	
Saccade	126792	126812	20	
Fixation	126862	127212	350	
Saccade	127212	127232	20	4.02
Fixation	127232	127491	260	
Fixation	127511	127631	120	
Saccade	127791	127831	40	
Saccade	127841	127851	10	
Saccade	127871	127891	20	
Saccade	127961	127991	30	
Saccade	128061	128081	20	
Fixation	128081	128191	110	
Fixation	128211	128301	90	
Fixation	128341	128431	90	
Saccade	128431	128451	20	4.76
Fixation	128451	128571	120	
Fixation	128631	128811	180	
Saccade	128911	128921	10	
Fixation	128921	129150	230	
Fixation	129190	129440	250	
Fixation	129460	129710	250	
Saccade	129710	129720	10	2.89
Fixation	129720	130030	310	
Saccade	130030	130050	20	
Fixation	130150	130490	340	
Saccade	130490	130500	10	3.17
Fixation	130500	131239	740	
Fixation	131299	131409	110	
Fixation	131429	131589	160	
Saccade	131589	131599	10	3.94
Fixation	131599	131969	370	
Saccade	131969	131989	20	4.54
Fixation	131989	132139	150	
Saccade	132319	132339	20	
Fixation	132359	132478	120	
Saccade	132558	132588	30	
Saccade	132628	132658	30	
Fixation	132758	132878	120	
Fixation	132898	133038	140	
Saccade	133038	133058	20	1.92
Fixation	133058	133138	80	
Fixation	133158	133278	120	
Fixation	133298	133438	140	
Saccade	133438	133458	20	3.08
Fixation	133458	133688	230	
Saccade	133848	133868	20	
Fixation	133868	133958	90	
Fixation	133978	134088	110	
Fixation	134148	134237	90	
Saccade	134257	134287	30	
Fixation	134287	134557	270	
Fixation	134577	134787	210	
Saccade	134787	134807	20	4.94
Fixation	134807	135207	400	
Fixation	135277	135347	70	
Saccade	135347	135417	70	22.07
Fixation	135417	135497	80	
Fixation	135517	135657	140	
Fixation	135677	135747	70	
Saccade	135747	135797	50	
Fixation	135817	135886	70	
Fixation	135926	136196	270	
Saccade	136216	136306	90	
Fixation	136326	136556	230	
Fixation	136596	136706	110	
Fixation	136726	136856	130	
Saccade	136856	136936	80	
Fixation	136996	137086	90	
Saccade	137086	137106	20	
Fixation	137146	137226	80	
Fixation	137276	138205	929	
Fixation	138225	138895	670	
Fixation	138915	139035	120	
Fixation	139075	139225	150	
Fixation	139364	139624	260	
Fixation	139694	139774	80	
Saccade	139984	140024	40	
Saccade	140074	140144	70	
Saccade	140154	140174	20	
Fixation	140214	140284	70	
Saccade	140424	140454	30	
Saccade	140544	140574	30	
Fixation	140614	140794	180	
Fixation	140894	141014	120	
Fixation	141033	141133	100	
Saccade	141133	141153	20	
Fixation	141293	141443	150	
Fixation	141463	141563	100	
Fixation	141613	141693	80	
Fixation	141733	141843	110	
Fixation	141863	141993	130	
Fixation	142013	142173	160	
Fixation	142193	142273	80	
Fixation	142333	142593	260	
Saccade	142593	142613	20	3.48
Fixation	142613	142693	80	
Fixation	142713	142822	110	
Saccade	142822	142852	30	
Saccade	142932	142952	20	
Fixation	142992	143192	200	
Fixation	143242	143322	80	
Saccade	143322	143332	10	3.05
Fixation	143332	143452	120	
Saccade	143452	143472	20	4.11
Fixation	143472	143582	110	
Saccade	143582	143662	80	1.14
Fixation	143662	143742	80	
Saccade	143742	143752	10	
Fixation	143812	144152	340	
Fixation	144242	144462	220	
Fixation	144482	144861	380	
Fixation	144911	145261	350	
Saccade	145261	145291	30	
Saccade	145501	145531	30	
Saccade	145541	145571	30	
Saccade	145601	145621	20	
Saccade	145631	145651	20	
Saccade	145671	145691	20	
Fixation	145731	145971	240	
Saccade	146011	146031	20	
Fixation	146031	146260	230	
Fixation	146280	146360	80	
Saccade	146360	146370	10	3.42
Fixation	146370	146500	130	
Saccade	146500	146520	20	
Fixation	146560	146680	120	
Fixation	146830	146960	130	
Saccade	146960	146980	20	3.82
Fixation	146980	147090	110	
Fixation	147180	147540	360	
Saccade	147560	147580	20	
Fixation	147580	147680	100	
Fixation	147700	147959	260	
Fixation	147999	148079	80	
Saccade	148079	148109	30	
Saccade	148159	148169	10	
Saccade	148199	148219	20	
Fixation	148259	148509	250	
Saccade	148509	148539	30	
Fixation	148579	148649	70	
Fixation	148709	148939	230	
Saccade	149059	149089	30	
Fixation	149149	149229	80	
Fixation	149249	149339	90	
Saccade	149339	149359	20	
Fixation	149399	149479	80	
Saccade	149479	149509	30	
Saccade	149549	149579	30	
Fixation	149579	149788	210	
Fixation	149808	149938	130	
Fixation	149958	150058	100	
Saccade	150128	150168	40	
Saccade	150268	150308	40	
Fixation	150308	150458	150	
Fixation	150498	150648	150	
Saccade	150648	150668	20	4.28
Fixation	150668	151158	490	
Fixation	151178	151797	620	
Saccade	151797	151817	20	
Saccade	151937	152017	80	
Saccade	152067	152107	40	
Saccade	152207	152227	20	
Fixation	152227	152367	140	
Saccade	152367	152397	30	
Fixation	152417	152537	120	
Saccade	152537	152567	30	3.9
Fixation	152567	152817	250	
Saccade	152817	152827	10	3.04
Fixation	152827	153097	270	
Fixation	153117	153216	100	
Saccade	153216	153236	20	5.91
Fixation	153236	153546	310	
Saccade	153566	153646	80	
Fixation	153666	153796	130	
Saccade	153966	154016	50	
Fixation	154146	154226	80	
Fixation	154246	154346	100	
Fixation	154396	154496	100	
Fixation	154516	154626	110	
Fixation	154646	154756	110	
Fixation	154776	154856	80	
Saccade	154925	154965	40	
Saccade	155015	155035	20	
Saccade	155165	155185	20	
Fixation	155185	155325	140	
Saccade	155375	155385	10	
Fixation	155385	155705	320	
Fixation	155745	156045	300	
Fixation	156065	156155	90	
Fixation	156175	156255	80	
Saccade	156365	156405	40	
Fixation	156425	156555	130	
Fixation	156574	156694	120	
Fixation	156714	156954	240	
Fixation	156974	157094	120	
Fixation	157114	157204	90	
Fixation	157224	157534	310	
Saccade	157534	157554	20	4.75
Fixation	157554	157624	70	
Fixation	157664	157944	280	
Saccade	157944	157964	20	3.4
Fixation	157964	158044	80	
Fixation	158064	158343	280	
Fixation	158363	158593	230	
Fixation	158633	158743	110	
Saccade	158743	158763	20	
Fixation	158893	159013	120	
Saccade	159013	159043	30	
Saccade	159063	159113	50	
Fixation	159193	159293	100	
Saccade	159353	159373	20	
Fixation	159373	159443	70	
Fixation	159463	159573	110	
Fixation	159593	159873	280	
Saccade	159873	159913	40	7.86
Fixation	159913	160132	220	
Fixation	160192	160342	150	
Saccade	160422	160442	20	
Fixation	160442	160672	230	
Fixation	160742	160952	210	
Saccade	160952	161022	70	
Fixation	161042	161772	730	
Saccade	161791	161861	70	
Fixation	161861	162161	300	
Saccade	162161	162231	70	37.06
Fixation	162231	162521	290	
Fixation	162541	163271	730	
Fixation	163291	163790	500	
Fixation	163810	163980	170	
Saccade	164110	164210	100	
Fixation	164210	164480	270	
Saccade	164480	164590	110	36.55
Fixation	164590	164740	150	
Fixation	164800	165020	220	
Saccade	165070	165100	30	
Fixation	165100	165180	80	
Fixation	165200	165289	90	
Fixation	165329	165959	630	
Fixation	165999	166559	560	
Fixation	166579	166709	130	
Saccade	166779	166809	30	
Saccade	166909	166968	60	
Saccade	167078	167098	20	
Saccade	167118	167148	30	
Saccade	167178	167208	30	
Saccade	167228	167258	30	
Fixation	167298	167558	260	
Saccade	167558	167578	20	3.27
Fixation	167578	167958	380	
Fixation	167978	168078	100	
Saccade	168138	168158	20	
Fixation	168228	168358	130	
Fixation	168378	168538	160	
Fixation	168558	168628	70	
Fixation	168647	168847	200	
Saccade	168847	168867	20	
Fixation	168957	169097	140	
Saccade	169097	169127	30	
Fixation	169197	169347	150	
Fixation	169367	169477	110	
Saccade	169497	169527	30	
Fixation	169547	169627	80	
Fixation	169647	169877	230	
Fixation	169897	170007	110	
Fixation	170047	170287	240	
Saccade	170387	170406	20	
Fixation	170406	170576	170	
Saccade	170666	170686	20	
Fixation	170686	170966	280	
Saccade	170966	170996	30	
Fixation	171096	171186	90	
Fixation	171246	171426	180	
Fixation	171516	171736	220	
Fixation	171776	171876	100	
Saccade	171876	171906	30	8.86
Fixation	171906	172275	370	
Fixation	172315	172685	370	
Fixation	172725	172895	170	
Fixation	172995	173315	320	
Saccade	173315	173345	30	6.07
Fixation	173345	173595	250	
Fixation	173665	173924	260	
Fixation	173944	174194	250	
Saccade	174334	174444	110	
Saccade	174464	174484	20	
Fixation	174544	174644	100	
Saccade	174644	174664	20	
Fixation	174684	174774	90	
Saccade	174834	174864	30	
Fixation	174964	175094	130	
Fixation	175114	175184	70	
Fixation	175244	175414	170	
Fixation	175583	175713	130	
Fixation	175813	175963	150	
Fixation	175983	176063	80	
Fixation	176083	176193	110	
Saccade	176233	176303	70	
Fixation	176303	176513	210	
Saccade	176513	176533	20	8.38
Fixation	176533	176613	80	
Saccade	176693	176773	80	
Fixation	176793	177043	250	
Fixation	177093	177712	620	
Saccade	177712	177732	20	4.54
Fixation	177732	178022	290	
Saccade	178062	178162	100	
Saccade	178182	178242	60	
Fixation	178312	178442	130	
Saccade	178442	178462	20	
Fixation	178482	178592	110	
Saccade	178632	178652	20	
Saccade	178802	178842	40	
Fixation	178842	178942	100	
Fixation	178992	179191	200	
Fixation	179211	179521	310	
Saccade	179521	179641	120	
Saccade	179661	179671	10	
Fixation	179671	179891	220	
Saccade	179911	179931	20	
Saccade	180031	180051	20	
Fixation	180051	180171	120	
Fixation	180191	180361	170	
Fixation	180461	180581	120	
Fixation	180601	180711	110	
Fixation	180730	180980	250	
Fixation	181030	181260	230	
Fixation	181280	181670	390	
Fixation	181730	181900	170	
Fixation	181980	182420	440	
Saccade	182420	182450	30	4.03
Fixation	182450	182529	80	
Fixation	182549	182939	390	
Fixation	182959	183169	210	
Fixation	183229	183309	80	
Saccade	183309	183329	20	4.67
Fixation	183329	183459	130	
Saccade	183539	183559	20	
Fixation	183629	183739	110	
Fixation	183779	183869	90	
Fixation	183949	184139	190	
Fixation	184178	184278	100	
Saccade	184348	184388	40	
Saccade	184448	184468	20	
Fixation	184468	184558	90	
Fixation	184578	184688	110	
Fixation	184728	184898	170	
Saccade	184898	184918	20	3.69
Fixation	184918	184988	70	
Fixation	185028	185158	130	
Fixation	185178	185468	290	
Saccade	185468	185548	80	
Fixation	185598	185808	210	
Fixation	185927	186017	90	
Saccade	186017	186057	40	
Fixation	186127	186227	100	
Fixation	186267	186437	170	
Saccade	186437	186467	30	
Fixation	186547	186827	280	
Saccade	186827	186847	20	
Fixation	186867	187047	180	
Saccade	187067	187097	30	
Fixation	187117	187377	260	
Fixation	187397	187497	100	
Saccade	187497	187537	40	11.62
Fixation	187537	187627	90	
Saccade	187696	187756	60	
Fixation	187756	187876	120	
Fixation	187916	188226	310	
Saccade	188226	188266	40	
Saccade	188286	188306	20	
Saccade	188346	188366	20	
Fixation	188366	188496	130	
Saccade	188496	188576	80	
Saccade	188626	188656	30	
Fixation	188656	188856	200	
Fixation	188896	189006	110	
Saccade	189066	189096	30	
Saccade	189126	189176	50	
Saccade	189196	189216	20	
Saccade	189296	189316	20	
Fixation	189316	189425	110	
Saccade	189485	189555	70	
Fixation	189575	189695	120	
Fixation	189715	189915	200	
Saccade	189915	189955	40	16.72
Fixation	189955	190195	240	
Saccade	190315	190325	10	
Fixation	190325	190555	230	
Fixation	190575	190675	100	
Fixation	190695	190825	130	
Saccade	190875	190905	30	
Fixation	190965	191144	180	
Saccade	191144	191174	30	9.22
Fixation	191174	191384	210	
Saccade	191384	191434	50	
Fixation	191514	192174	660	
Fixation	192234	192664	430	
Fixation	192684	192764	80	
Fixation	192784	192893	110	
Fixation	192913	193023	110	
Saccade	193023	193053	30	
Fixation	193143	193313	170	
Fixation	193333	193443	110	
Saccade	193523	193573	50	
Saccade	193613	193633	20	
Saccade	193763	193813	50	
Saccade	193863	193883	20	
Fixation	193883	194063	180	
Fixation	194163	194273	110	
Fixation	194293	194423	130	
Fixation	194443	194562	120	
Fixation	194582	194672	90	
Saccade	194752	194842	90	
Fixation	194842	194962	120	
Saccade	194962	195012	50	9.17
Fixation	195012	195172	160	
Saccade	195172	195222	50	
Fixation	195242	195542	300	
Saccade	195542	195612	70	
Saccade	195642	195672	30	
Fixation	195672	195772	100	
Fixation	195812	195912	100	
Fixation	195932	196042	110	
Fixation	196082	196591	510	
Fixation	196611	197781	1169	
Fixation	197801	198730	929	
Saccade	198730	198760	30	
Fixation	198800	199130	330	
Saccade	199130	199150	20	
Fixation	199200	199590	390	
Fixation	199610	199829	220	
Fixation	199879	199989	110	
Fixation	200009	200409	400	
Fixation	200459	200809	350	
Fixation	200829	201329	500	
Saccade	201329	201349	20	
Saccade	201399	201428	30	
Fixation	201428	201628	200	
Saccade	201678	201708	30	
Fixation	201798	201978	180	
Fixation	201998	202138	140	
Saccade	202138	202178	40	9.3
Fixation	202178	202358	180	
Fixation	202378	202528	150	
Saccade	202528	202588	60	
Fixation	202598	202868	270	
Saccade	202878	202908	30	
Saccade	202948	202958	10	
Fixation	202958	203028	70	
Fixation	203068	203167	100	
Saccade	203217	203277	60	
Fixation	203277	203437	160	
Fixation	203477	203577	100	
Fixation	203597	203857	260	
Fixation	203877	203997	120	
Fixation	204017	204157	140	
Saccade	204237	204257	20	
Saccade	204297	204327	30	
Fixation	204327	204547	220	
Fixation	204567	204677	110	
Saccade	204677	204707	30	
Saccade	204747	204777	30	
Fixation	204777	204877	100	
Saccade	204877	204886	10	
Saccade	204926	204946	20	
Saccade	205126	205146	20	
Fixation	205146	205306	160	
Saccade	205306	205326	20	
Fixation	205396	205556	160	
Saccade	205556	205606	50	
Saccade	205666	205686	20	
Fixation	205686	205776	90	
Saccade	205796	205816	20	
Fixation	205816	205966	150	
Saccade	205966	205986	20	3.33
Fixation	205986	206366	380	
Saccade	206366	206396	30	5.36
Fixation	206396	206645	250	
Fixation	206665	206865	200	
Saccade	206925	206965	40	
Fixation	206965	207205	240	
Fixation	207225	207475	250	
Saccade	207525	207545	20	
Saccade	207565	207575	10	
Fixation	207575	207735	160	
Saccade	207775	207825	50	
Fixation	207825	208045	220	
Fixation	208065	208135	70	
Fixation	208175	208504	330	
Saccade	208504	208524	20	3.06
Fixation	208524	208594	70	
Fixation	208764	208844	80	
Saccade	208884	208934	50	
Fixation	208934	209164	230	
Fixation	209184	209274	90	
Saccade	209294	209324	30	
Fixation	209324	209524	200	
Saccade	209564	209594	30	
Fixation	209614	209884	270	
Saccade	209884	209894	10	4.63
Fixation	209894	210143	250	
Saccade	210143	210183	40	
Fixation	210243	210433	190	
Saccade	210433	210483	50	
Fixation	210563	210693	130	
Saccade	210823	210853	30	
Fixation	210853	211063	210	
Fixation	211083	211183	100	
Fixation	211243	211473	230	
Saccade	211473	211493	20	
Saccade	211543	211593	50	
Fixation	211593	211762	170	
Saccade	211812	211832	20	
Fixation	211832	211982	150	
Saccade	211982	212002	20	
Saccade	212062	212162	100	
Fixation	212162	212262	100	
Saccade	212262	212282	20	4.59
Fixation	212282	212452	170	
Saccade	212452	212502	50	
Saccade	212512	212542	30	
Saccade	212582	212602	20	
Saccade	212612	212632	20	
Saccade	212642	212662	20	
Fixation	212742	212862	120	
Saccade	212862	212872	10	3.5
Fixation	212872	213162	290	
Fixation	213292	213531	240	
Saccade	213531	213561	30	
Saccade	213571	213581	10	
Saccade	213641	213671	30	
Saccade	213731	213751	20	
Fixation	213751	213851	100	
Saccade	213851	213861	10	
Fixation	213991	214241	250	
Fixation	214281	214371	90	
Saccade	214371	214381	10	2.3
Fixation	214381	214511	130	
Fixation	214531	214701	170	
Saccade	214701	214781	80	35.46
Fixation	214781	214931	150	
Saccade	214951	214981	30	
Saccade	214991	215011	20	
Saccade	215021	215041	20	
Saccade	215131	215151	20	
Fixation	215210	215530	320	
Saccade	215530	215580	50	
Saccade	215590	215600	10	
Fixation	215650	215840	190	
Saccade	215840	215860	20	
Fixation	215930	216290	360	
Saccade	216290	216310	20	4.81
Fixation	216310	216420	110	
Fixation	216460	216540	80	
Saccade	216540	216560	20	
Saccade	216630	216670	40	
Saccade	216690	216730	40	
Saccade	216740	216760	20	
Saccade	216790	216810	20	
Fixation	216900	217109	210	
Fixation	217149	217309	160	
Fixation	217329	217489	160	
Saccade	217489	217519	30	
Saccade	217609	217639	30	
Saccade	217689	217709	20	
Saccade	217749	217779	30	
Fixation	217779	217879	100	
Fixation	217899	218339	440	
Fixation	218359	218778	420	
Saccade	218778	218808	30	
Saccade	218828	218908	80	
Saccade	218928	218958	30	
Fixation	219128	219218	90	
Fixation	219298	219378	80	
Saccade	219418	219528	110	
Saccade	219578	219618	40	
Fixation	219698	219808	110	
Fixation	219828	220168	340	
Saccade	220168	220188	20	3.64
Fixation	220188	220387	200	
Saccade	220387	220407	20	4.2
Fixation	220407	220557	150	
Fixation	220577	220677	100	
Fixation	220697	220787	90	
Fixation	220827	220947	120	
Fixation	220967	221287	320	
Saccade	221347	221397	50	
Saccade	221417	221457	40	
Fixation	221457	221527	70	
Fixation	221577	221647	70	
Fixation	221667	221907	240	
Fixation	221927	222186	260	
Fixation	222266	222446	180	
Fixation	222466	222746	280	
Saccade	222746	222806	60	
Saccade	222866	222886	20	
Saccade	222936	222966	30	
Saccade	222976	222996	20	
Fixation	222996	223076	80	
Fixation	223116	223386	270	
Saccade	223386	223426	40	
Fixation	223516	223606	90	
Saccade	223646	223666	20	
Saccade	223686	223696	10	
Fixation	223696	223776	80	
Fixation	223795	223865	70	
Saccade	223865	223905	40	
Fixation	223925	224055	130	
Fixation	224075	224165	90	
Saccade	224245	224255	10	
Fixation	224255	224375	120	
Saccade	224375	224415	40	10.57
Fixation	224415	224605	190	
Saccade	224625	224645	20	
Saccade	224685	224705	20	
Saccade	224715	224725	10	
Fixation	224815	224955	140	
Saccade	224955	225025	70	
Fixation	225045	225225	180	
Saccade	225285	225305	20	
Fixation	225305	225425	120	
Saccade	225465	225495	30	
Fixation	225495	225674	180	
Saccade	225674	225724	50	
Fixation	225744	226334	590	
Saccade	226334	226374	40	2.81
Fixation	226374	226544	170	
Saccade	226544	226574	30	
Saccade	226644	226664	20	
Fixation	226734	226824	90	
Saccade	226824	226844	20	
Fixation	226864	226974	110	
Fixation	226994	227563	570	
Fixation	227583	227723	140	
Saccade	227723	227743	20	3.83
Fixation	227743	227923	180	
Saccade	227923	227943	20	
Saccade	227983	228053	70	
Saccade	228113	228133	20	
Saccade	228143	228163	20	
Fixation	228163	228243	80	
Fixation	228283	228393	110	
Fixation	228413	228523	110	
Saccade	228853	228943	90	
Fixation	228962	229242	280	
Fixation	229262	230052	790	
Saccade	230052	230062	10	3.15
Fixation	230062	230412	350	
Saccade	230412	230422	10	
Fixation	230492	231121	630	
Fixation	231181	231411	230	
Saccade	231481	231511	30	
Saccade	231531	231561	30	
Fixation	231581	231831	250	
Fixation	231851	232261	410	
Saccade	232261	232291	30	6.59
Fixation	232291	232460	170	
Saccade	232530	232560	30	
Saccade	232580	232630	50	
Saccade	232660	232690	30	
Fixation	232730	232890	160	
Saccade	232890	232910	20	
Fixation	232960	233050	90	
Saccade	233050	233070	20	
Fixation	233110	233510	400	
Fixation	233550	233660	110	
Fixation	233810	234199	390	
Saccade	234309	234349	40	
Saccade	234359	234409	50	
Fixation	234559	234709	150	
Fixation	234729	234839	110	
Fixation	234859	235429	570	
Fixation	235449	235609	160	
Fixation	235829	235978	150	
Fixation	235998	236438	440	
Fixation	236458	236678	220	
Fixation	236698	236778	80	
Saccade	236778	236798	20	
Fixation	236818	236908	90	
Fixation	236968	237068	100	
Saccade	237068	237078	10	3.41
Fixation	237078	237228	150	
Fixation	237248	237358	110	
Fixation	237418	237508	90	
Fixation	237568	237647	80	
Fixation	237667	237927	260	
Saccade	237947	237987	40	
Fixation	237987	238097	110	
Saccade	238097	238137	40	
Saccade	238167	238187	20	
Fixation	238227	238367	140	
Saccade	238367	238377	10	1.45
Fixation	238377	238457	80	
Fixation	238477	238677	200	
Saccade	238697	238727	30	
Fixation	238747	238827	80	
Saccade	238937	238957	20	
Fixation	238957	239067	110	
Saccade	239067	239147	80	
Saccade	239197	239207	10	
Saccade	239257	239277	20	
Saccade	239296	239316	20	
Fixation	239316	239406	90	
Fixation	239446	239536	90	
Fixation	239576	239696	120	
Fixation	239716	239896	180	
Saccade	239896	239986	90	32.76
Fixation	239986	240096	110	
Saccade	240116	240136	20	
Fixation	240266	240376	110	
Fixation	240396	240526	130	
Saccade	240566	240686	120	
Fixation	240686	240766	80	
Fixation	240826	241215	390	
Saccade	241215	241245	30	
Saccade	241305	241325	20	
Saccade	241335	241355	20	
Saccade	241395	241435	40	
Fixation	241435	241555	120	
Fixation	241575	241695	120	
Fixation	241715	241925	210	
Fixation	241965	242075	110	
Fixation	242115	242365	250	
Fixation	242385	242535	150	
Saccade	242535	242565	30	
Saccade	242665	242764	100	
Saccade	242774	242784	10	
Saccade	242804	242844	40	
Saccade	242864	242904	40	
Fixation	242904	243134	230	
Saccade	243134	243164	30	
Fixation	243214	243424	210	
Fixation	243464	243554	90	
Fixation	243594	243794	200	
Fixation	243864	243944	80	
Saccade	243944	243974	30	
Fixation	243994	244124	130	
Fixation	244144	244334	190	
Saccade	244334	244344	10	
Fixation	244414	244573	160	
Fixation	244713	244843	130	
Saccade	244923	244943	20	
Saccade	244983	245103	120	
Saccade	245143	245163	20	
Fixation	245163	245253	90	
Fixation	245313	245393	80	
Saccade	245433	245453	20	
Saccade	245483	245503	20	
Fixation	245593	245763	170	
Fixation	245883	245993	110	
Fixation	246013	246193	180	
Fixation	246212	246372	160	
Fixation	246392	246502	110	
Fixation	246562	246672	110	
Fixation	246692	246792	100	
Saccade	246792	246812	20	
Fixation	246832	247122	290	
Fixation	247142	247642	500	
Fixation	247662	247772	110	
Fixation	247812	247941	130	
Fixation	247961	248081	120	
Saccade	248101	248121	20	
Fixation	248121	248341	220	
Fixation	248361	248471	110	
Fixation	248511	248621	110	
Saccade	248621	248721	100	29.15
Fixation	248721	248891	170	
Saccade	248891	248911	20	
Fixation	248931	249001	70	
Saccade	249001	249011	10	2.81
Fixation	249011	249171	160	
Saccade	249211	249251	40	
Saccade	249291	249311	20	
Saccade	249321	249341	20	
Fixation	249361	249441	80	
Saccade	249481	249501	20	
Fixation	249501	249591	90	
Saccade	249660	249690	30	
Saccade	249750	249770	20	
Fixation	249770	249880	110	
Fixation	249900	250030	130	
Saccade	250030	250080	50	
Fixation	250110	250290	180	
Saccade	250310	250340	30	
Saccade	250430	250470	40	
Fixation	250470	250610	140	
Fixation	250730	250840	110	
Saccade	250860	250890	30	
Fixation	250890	251110	220	
Saccade	251220	251250	30	
Saccade	251290	251310	20	
Fixation	251409	251529	120	
Fixation	251549	251659	110	
Fixation	251699	252259	560	
Fixation	252399	252559	160	
Fixation	252659	252789	130	
Fixation	252809	253088	280	
Saccade	253088	253118	30	7.52
Fixation	253118	253338	220	
Fixation	253358	253508	150	
Fixation	253628	253698	70	
Saccade	253698	253738	40	
Fixation	253778	254048	270	
Fixation	254068	254188	120	
Fixation	254248	254338	90	
Fixation	254378	254648	270	
Fixation	254668	254877	210	
Fixation	254917	255307	390	
Saccade	255517	255547	30	
Saccade	255567	255597	30	
Saccade	255647	255667	20	
Saccade	255697	255797	100	
Saccade	255817	255837	20	
Fixation	255897	256367	470	
Saccade	256367	256397	30	7.58
Fixation	256397	256706	310	
Fixation	256746	256856	110	
Saccade	256906	256936	30	
Fixation	256936	257256	320	
Fixation	257276	257486	210	
Saccade	257486	257526	40	11.06
Fixation	257526	257706	180	
Fixation	257726	257976	250	
Saccade	257976	258006	30	
Fixation	258026	258196	170	
Fixation	258275	258525	250	
Fixation	258575	258705	130	
Saccade	258705	258725	20	5.41
Fixation	258725	258805	80	
Saccade	258925	258945	20	
Fixation	258945	259105	160	
Fixation	259125	259275	150	
Saccade	259275	259295	20	
Fixation	259365	259545	180	
Fixation	259565	259675	110	
Fixation	259695	259795	100	
Fixation	259845	259915	70	
Saccade	259915	259924	10	1.64
Fixation	259924	260054	130	
Fixation	260094	260244	150	
Saccade	260244	260294	50	
Saccade	260324	260344	20	
Saccade	260384	260404	20	
Fixation	260404	260594	190	
Fixation	260664	261024	360	
Saccade	261024	261054	30	4.82
Fixation	261054	261184	130	
Fixation	261244	261414	170	
Saccade	261414	261434	20	
Saccade	261514	261534	20	
Saccade	261544	261594	50	
Saccade	261634	261664	30	
Fixation	261664	261873	210	
Saccade	261933	261993	60	
Fixation	261993	262163	170	
Fixation	262263	262443	180	
Fixation	262483	262593	110	
Fixation	262613	262723	110	
Fixation	262763	262873	110	
Fixation	262893	262973	80	
Saccade	262973	262983	10	
Fixation	263043	263143	100	
Fixation	263183	263253	70	
Saccade	263253	263273	20	
Fixation	263333	263442	110	
Fixation	263482	263592	110	
Fixation	263612	263742	130	
Fixation	263762	263912	150	
Saccade	263912	263932	20	3.34
Fixation	263932	264132	200	
Saccade	264132	264162	30	
Saccade	264212	264242	30	
Fixation	264242	264332	90	
Saccade	264332	264362	30	
Fixation	264602	264702	100	
Saccade	264702	264742	40	
Saccade	264752	264782	30	
Saccade	264822	264832	10	
Saccade	264842	264862	20	
Saccade	264882	264902	20	
Saccade	264962	264992	30	
Saccade	265012	265032	20	
Fixation	265032	265171	140	
Saccade	265171	265181	10	
Saccade	265211	265261	50	
Saccade	265281	265321	40	
Saccade	265351	265371	20	
Fixation	265371	265511	140	
Saccade	265511	265531	20	
Saccade	265581	265611	30	
Saccade	265631	265651	20	
Fixation	265731	265861	130	
Saccade	265861	265911	50	1.65
Fixation	265911	266141	230	
Saccade	266141	266151	10	
Saccade	266201	266211	10	
Saccade	266251	266271	20	
Saccade	266311	266321	10	
Saccade	266401	266421	20	
Saccade	266471	266491	20	
Saccade	266581	266601	20	
Saccade	266711	266731	20	
Saccade	266771	266781	10	
Saccade	266831	266860	30	
Saccade	266930	266950	20	
Saccade	266960	266990	30	
Fixation	267080	267160	80	
Saccade	267160	267170	10	
Saccade	267270	267310	40	
Saccade	267330	267350	20	
Fixation	267350	267440	90	
Fixation	267480	267590	110	
Saccade	267610	267630	20	
Saccade	267730	267750	20	
Saccade	267760	267780	20	
Fixation	267780	267850	70	
Saccade	267850	267870	20	1.19
Fixation	267870	267980	110	
Fixation	268000	268130	130	
Saccade	268300	268330	30	
Saccade	268370	268390	20	
Fixation	268430	268579	150	
Fixation	268599	268829	230	
Fixation	268849	269089	240	
Saccade	269089	269129	40	1.15
Fixation	269129	269369	240	
Saccade	269369	269389	20	
Saccade	269409	269449	40	
Fixation	269449	269529	80	
Saccade	269579	269619	40	
Saccade	269649	269679	30	
Saccade	269699	269719	20	
Saccade	269729	269769	40	
