Event Start Trial Time [ms]	Event End Trial Time [ms]	Event Duration [ms]
45	55	10
1284	1314	30
1334	1374	40
1524	1614	90
1634	1704	70
1764	1784	20
1804	1854	50
2054	2124	70
2164	2194	30
2204	2254	50
2364	2394	30
2444	2494	50
2534	2593	60
2633	2673	40
2703	2813	110
2823	2863	40
3283	3343	60
3413	3443	30
3483	3513	30
3713	3733	20
3803	3823	20
4163	4193	30
4392	4412	20
4692	4712	20
4732	4772	40
4852	4872	20
4952	4972	20
5352	5372	20
5552	5562	10
5602	5632	30
5652	5672	20
5682	5712	30
5772	5862	90
5882	5902	20
5922	5952	30
5962	5982	20
6041	6071	30
6221	6241	20
6401	6431	30
6501	6521	20
6941	6971	30
7081	7101	20
7231	7281	50
7641	7661	20
8070	8120	50
8130	8160	30
8330	8460	130
8490	8510	20
8540	8560	20
8620	8650	30
8790	8800	10
8810	8830	20
9080	9090	10
9170	9270	100
9330	9370	40
9390	9409	20
9419	9429	10
9609	9649	40
9689	9819	130
9869	9889	20
10089	10159	70
10259	10289	30
10359	10399	40
10839	10859	20
10939	10959	20
11118	11138	20
11148	11158	10
11208	11228	20
11548	11588	40
11608	11638	30
11668	11678	10
11688	11708	20
11798	11808	10
11948	11968	20
11978	11998	20
12088	12108	20
12418	12468	50
12598	12628	30
12678	12788	110
12827	12867	40
12877	12887	10
13007	13057	50
13307	13357	50
13497	13567	70
13667	13727	60
14087	14107	20
14127	14167	40
14666	14686	20
14746	14756	10
15076	15106	30
15236	15266	30
15466	15486	20
15496	15526	30
15816	15836	20
15886	15926	40
16016	16036	20
16046	16076	30
16156	16186	30
16385	16405	20
16415	16435	20
16455	16475	20
16495	16515	20
16635	16665	30
16775	16805	30
16815	16845	30
17355	17375	20
17465	17475	10
17535	17575	40
17785	17845	60
17974	17994	20
18054	18084	30
18104	18114	10
18204	18224	20
18334	18394	60
19334	19414	80
19434	19464	30
19633	19673	40
19713	19733	20
19773	19813	40
20213	20243	30
20313	20333	20
20453	20473	20
20513	20543	30
21043	21133	90
21642	21662	20
21702	21762	60
21892	21922	30
22212	22242	30
22272	22292	20
22472	22502	30
22822	22842	20
22882	22912	30
22962	23011	50
23071	23091	20
23151	23181	30
23221	23241	20
23301	23331	30
23351	23371	20
23671	23711	40
23771	23811	40
23841	23861	20
23951	23971	20
24081	24101	20
24391	24401	10
24411	24431	20
24581	24611	30
24631	24651	20
24780	24810	30
25020	25050	30
25070	25090	20
25150	25180	30
25240	25260	20
25280	25310	30
25660	25680	20
25740	25780	40
26030	26060	30
26469	26509	40
26649	26679	30
26719	26739	20
27049	27059	10
27169	27179	10
27199	27249	50
27619	27629	10
27829	27889	60
27899	27909	10
27949	27969	20
28039	28059	20
28079	28099	20
28188	28208	20
28248	28318	70
28748	28818	70
28898	28918	20
29068	29098	30
29278	29298	20
29308	29318	10
29698	29728	30
29768	29857	90
29947	29967	20
30077	30097	20
30127	30137	10
30157	30167	10
30347	30367	20
30557	30577	20
30667	30777	110
30837	30867	30
31387	31447	60
31457	31487	30
31507	31526	20
31536	31566	30
31696	31716	20
31866	31896	30
31966	31976	10
32036	32066	30
32286	32306	20
32836	32866	30
33036	33086	50
33126	33156	30
33275	33295	20
33365	33415	50
33475	33495	20
33565	33645	80
33655	33675	20
34015	34045	30
34165	34175	10
34635	34655	20
34765	34815	50
35544	35564	20
35714	35734	20
35984	36004	20
36554	36574	20
36873	36893	20
36933	37003	70
37033	37063	30
37273	37293	20
37413	37433	20
37893	37913	20
38283	38303	20
38452	38472	20
38512	38532	20
38552	38592	40
38782	38812	30
38832	38842	10
39012	39032	20
39052	39082	30
39102	39142	40
39182	39212	30
39332	39352	20
39392	39412	20
39582	39612	30
39872	39912	40
40071	40091	20
40181	40231	50
40371	40381	10
40511	40521	10
40591	40681	90
40961	40981	20
41021	41071	50
41141	41181	40
41471	41551	80
41621	41641	20
41691	41701	10
41750	41830	80
41850	41870	20
42000	42020	20
42210	42230	20
42250	42270	20
42380	42400	20
42420	42470	50
42970	43040	70
43619	43639	20
43989	44019	30
44039	44059	20
44309	44339	30
44649	44669	20
44729	44759	30
44779	44809	30
44859	44889	30
45338	45368	30
45488	45518	30
46208	46218	10
46408	46428	20
46778	46867	90
46887	46927	40
46957	46997	40
47037	47057	20
47167	47217	50
47267	47287	20
47327	47347	20
47357	47377	20
47397	47427	30
47437	47447	10
47477	47517	40
47537	47557	20
47797	47817	20
47847	47857	10
48097	48137	40
48387	48407	20
48467	48487	20
48546	48596	50
48696	48716	20
48736	48756	20
48896	48906	10
49276	49296	20
49576	49596	20
49766	49806	40
50146	50166	20
50295	50315	20
50495	50565	70
50665	50695	30
50735	50755	20
50835	50885	50
51145	51165	20
51775	51795	20
51835	51855	20
51905	51934	30
52164	52184	20
52204	52224	20
52264	52294	30
52364	52384	20
52404	52424	20
52434	52494	60
52534	52564	30
52664	52694	30
52894	52914	20
52934	52954	20
53813	53823	10
53853	53873	20
54133	54153	20
54423	54443	20
54533	54563	30
54623	54643	20
54883	54913	30
55163	55193	30
55233	55253	20
55323	55343	20
55362	55382	20
55492	55502	10
55672	55732	60
55992	56012	20
56032	56062	30
56082	56112	30
56342	56372	30
56422	56442	20
56452	56552	100
56592	56622	30
56632	56652	20
56892	56962	70
57032	57052	20
57201	57231	30
57331	57361	30
57381	57431	50
57921	57941	20
58111	58141	30
58181	58211	30
58241	58261	20
58301	58311	10
58461	58531	70
58581	58601	20
58880	58900	20
59010	59030	20
59370	59400	30
59660	59740	80
59780	59870	90
59880	59910	30
59930	59950	20
59970	60000	30
60030	60050	20
60100	60120	20
60250	60290	40
60330	60380	50
60759	60809	50
60919	60939	20
61209	61239	30
61279	61299	20
61899	61919	20
62458	62508	50
62818	62858	40
63298	63328	30
63568	63618	50
64097	64107	10
64117	64167	50
64357	64377	20
64677	64687	10
64857	64907	50
65067	65087	20
65127	65147	20
65197	65227	30
65297	65317	20
65387	65417	30
65467	65477	10
65716	65736	20
65986	66006	20
66696	66716	20
66836	66906	70
67046	67056	10
67166	67196	30
67365	67385	20
67645	67715	70
67835	67855	20
68105	68125	20
68155	68175	20
68335	68435	100
68495	68515	20
68785	68815	30
68905	68925	20
68984	69014	30
69244	69264	20
69304	69414	110
69584	69624	40
69644	69654	10
69774	69794	20
69864	69884	20
70154	70174	20
70284	70324	40
70334	70364	30
70394	70414	20
70584	70604	20
70664	70673	10
70693	70723	30
70813	70833	20
70873	70913	40
70933	70943	10
71313	71363	50
71453	71473	20
71723	71733	10
71753	71763	10
71853	71873	20
71883	71903	20
72083	72103	20
72173	72183	10
72352	72372	20
72392	72402	10
72822	72842	20
72852	72872	20
73012	73032	20
73052	73082	30
73352	73372	20
73462	73482	20
73622	73642	20
74091	74131	40
74201	74221	20
74251	74271	20
74761	74781	20
74791	74841	50
74941	74991	50
75111	75121	10
75281	75301	20
75361	75371	10
75491	75511	20
75571	75591	20
75601	75621	20
75671	75681	10
75850	75870	20
75910	75930	20
76110	76130	20
76170	76190	20
76640	76660	20
77000	77040	40
77100	77140	40
77220	77280	60
77979	78019	40
78379	78409	30
78419	78439	20
78499	78519	20
78839	78879	40
78919	78939	20
79218	79268	50
79668	79698	30
79738	79768	30
80138	80168	30
80338	80358	20
80618	80648	30
81487	81507	20
81667	81777	110
81797	81837	40
81847	81867	20
81897	81917	20
81987	82007	20
82047	82067	20
82247	82267	20
82526	82537	10
82686	82696	10
82706	82726	20
82766	82786	20
82916	82936	20
82986	83006	20
83186	83216	30
83306	83316	10
83596	83626	30
83876	83896	20
83916	83936	20
84665	84715	50
84885	84925	40
84965	84995	30
85095	85115	20
85295	85315	20
85535	85565	30
85735	85765	30
86774	86794	20
86814	86824	10
86854	86874	20
86914	86934	20
86974	86984	10
87234	87264	30
87614	87644	30
87654	87693	40
87803	87823	20
87843	87863	20
88053	88073	20
88133	88163	30
88203	88293	90
88443	88463	20
88633	88663	30
89462	89482	20
89602	89642	40
90132	90162	30
90282	90302	20
90392	90412	20
90582	90602	20
90652	90682	30
90742	90802	60
91051	91081	30
91321	91351	30
91471	91501	30
91571	91611	40
91731	91741	10
91821	91861	40
91881	91901	20
91951	91971	20
92261	92291	30
92301	92311	10
92641	92661	20
92741	92760	20
92780	92800	20
93520	93540	20
94010	94070	60
94130	94160	30
94419	94449	30
94599	94619	20
94749	94769	20
95429	95459	30
95599	95619	20
96818	96838	20
96858	96878	20
96898	96908	10
97138	97148	10
97198	97218	20
97728	97758	30
97957	97967	10
97997	98047	50
98137	98157	20
98287	98347	60
98467	98477	10
98527	98537	10
98557	98627	70
98697	98777	80
98857	98887	30
99217	99237	20
99337	99347	10
99377	99417	40
99447	99477	30
99537	99566	30
99586	99616	30
99626	99676	50
99826	99886	60
99906	100066	160
100086	100106	20
100656	100676	20
100726	100766	40
100786	100876	90
100896	100916	20
100936	100966	30
100976	100996	20
101006	101026	20
101146	101176	30
101196	101255	60
101855	101915	60
102185	102215	30
102485	102505	20
102665	102705	40
102795	102865	70
103104	103124	20
103184	103214	30
103224	103294	70
103454	103474	20
104554	104604	50
104683	104703	20
104733	104763	30
104803	104823	20
104853	104873	20
105123	105183	60
105453	105473	20
105583	105613	30
105873	105893	20
106133	106163	30
106183	106223	40
106263	106293	30
106333	106352	20
106372	106392	20
106772	106822	50
107082	107142	60
107162	107192	30
107362	107382	20
107542	107562	20
107602	107622	20
107642	107712	70
107722	107782	60
108071	108091	20
108391	108411	20
108421	108451	30
108601	108701	100
108901	108921	20
108931	108941	10
109071	109101	30
109451	109531	80
110050	110080	30
110130	110160	30
110200	110230	30
110910	110920	10
111400	111489	90
111529	111549	20
111559	111579	20
111589	111609	20
111649	111679	30
111929	111949	20
112049	112069	20
112079	112119	40
112129	112159	30
112229	112249	20
112439	112459	20
112519	112539	20
112659	112699	40
112899	112919	20
112949	112979	30
113148	113188	40
113328	113368	40
113498	113518	20
113698	113718	20
113748	113778	30
113918	113948	30
114028	114048	20
114448	114488	40
114578	114598	20
114738	114778	40
115087	115107	20
115267	115277	10
115317	115337	20
115387	115457	70
115697	115717	20
116087	116107	20
116956	116986	30
117096	117126	30
117316	117336	20
117416	117446	30
117466	117486	20
117946	117966	20
118016	118036	20
118066	118096	30
118795	118815	20
119525	119545	20
119565	119585	20
119645	119665	20
120304	120354	50
120364	120414	50
120474	120514	40
120584	120654	70
121244	121274	30
121314	121354	40
121464	121494	30
121544	121564	20
123103	123113	10
124552	124572	20
124592	124612	20
