Event Start Trial Time [ms]	Event End Trial Time [ms]	Event Duration [ms]	Visual Intake Position X [px]	Visual Intake Position Y [px]
0.0	165.0	165.0	851.0	508.0
250.0	370.0	120.0	879.0	477.0
388.0	1018.0	630.0	864.0	466.0
1306.0	1406.0	100.0	892.0	839.0
1416.0	2765.0	1349.0	895.0	627.0
2784.0	3464.0	680.0	847.0	628.0
3484.0	4004.0	520.0	902.0	629.0
4023.0	4853.0	830.0	848.0	637.0
4864.0	5843.0	979.0	892.0	636.0
5877.0	6347.0	470.0	831.0	644.0
6362.0	6842.0	480.0	887.0	647.0
6864.0	7304.0	440.0	847.0	724.0
7316.0	9355.0	2039.0	886.0	806.0
9371.0	12929.0	3558.0	905.0	744.0
12953.0	13143.0	190.0	973.0	690.0
13159.0	13639.0	480.0	892.0	660.0
13652.0	15631.0	1979.0	898.0	710.0
15649.0	15749.0	100.0	825.0	773.0
15768.0	17177.0	1409.0	896.0	852.0
17210.0	17480.0	270.0	973.0	763.0
17490.0	18080.0	590.0	899.0	736.0
18088.0	18288.0	200.0	903.0	841.0
18330.0	18570.0	240.0	882.0	872.0
18615.0	19235.0	620.0	874.0	609.0
19249.0	19439.0	190.0	889.0	706.0
19455.0	19875.0	420.0	893.0	848.0
19926.0	20536.0	610.0	866.0	628.0
20548.0	22327.0	1779.0	889.0	565.0
22357.0	22677.0	320.0	825.0	582.0
22773.0	23672.0	899.0	883.0	591.0
23753.0	24323.0	570.0	952.0	597.0
24356.0	24716.0	360.0	831.0	598.0
24734.0	25384.0	650.0	915.0	597.0
25413.0	25553.0	140.0	826.0	598.0
25574.0	26054.0	480.0	872.0	660.0
26085.0	27524.0	1439.0	888.0	817.0
27551.0	27881.0	330.0	825.0	829.0
27909.0	28519.0	610.0	860.0	667.0
28534.0	29144.0	610.0	878.0	706.0
29172.0	29932.0	760.0	885.0	596.0
29941.0	33349.0	3408.0	872.0	624.0
33367.0	33787.0	420.0	853.0	722.0
33798.0	34657.0	859.0	880.0	706.0
34680.0	34900.0	220.0	930.0	727.0
34920.0	35070.0	150.0	944.0	729.0
35090.0	35560.0	470.0	855.0	745.0
35570.0	36210.0	640.0	952.0	738.0
37306.0	38046.0	740.0	854.0	770.0
38054.0	38574.0	520.0	893.0	787.0
38584.0	38824.0	240.0	961.0	785.0
38868.0	39837.0	969.0	901.0	810.0
39877.0	40037.0	160.0	963.0	806.0
40067.0	40657.0	590.0	871.0	825.0
40727.0	40987.0	260.0	840.0	843.0
41035.0	41615.0	580.0	904.0	910.0
41666.0	41886.0	220.0	867.0	594.0
41896.0	42636.0	740.0	853.0	534.0
42673.0	43003.0	330.0	887.0	722.0
43020.0	43230.0	210.0	907.0	818.0
43271.0	43961.0	690.0	879.0	570.0
43972.0	44971.0	999.0	915.0	783.0
45032.0	45232.0	200.0	901.0	920.0
45272.0	45702.0	430.0	863.0	916.0
45833.0	46882.0	1049.0	689.0	843.0
46891.0	47900.0	1009.0	685.0	826.0
48109.0	48209.0	100.0	1056.0	817.0
48252.0	48332.0	80.0	987.0	804.0
48452.0	48532.0	80.0	1008.0	744.0
48551.0	48771.0	220.0	984.0	820.0
48792.0	49412.0	620.0	992.0	731.0
49632.0	50362.0	730.0	853.0	754.0
50367.0	51366.0	999.0	880.0	787.0
51391.0	51561.0	170.0	858.0	716.0
51591.0	53040.0	1449.0	835.0	620.0
53057.0	53647.0	590.0	843.0	753.0
53679.0	54019.0	340.0	837.0	618.0
54049.0	54649.0	600.0	862.0	827.0
54657.0	55127.0	470.0	851.0	758.0
55158.0	56067.0	909.0	830.0	599.0
56078.0	56278.0	200.0	833.0	670.0
56285.0	56635.0	350.0	854.0	725.0
56663.0	58582.0	1919.0	827.0	624.0
58645.0	59225.0	580.0	1026.0	461.0
59314.0	60413.0	1099.0	828.0	705.0
60575.0	63054.0	2479.0	867.0	778.0
63099.0	63489.0	390.0	1032.0	679.0
63499.0	64898.0	1399.0	980.0	769.0
64921.0	66730.0	1809.0	1001.0	709.0
66742.0	69121.0	2379.0	1021.0	668.0
69160.0	69510.0	350.0	926.0	685.0
69549.0	69889.0	340.0	946.0	761.0
69898.0	70518.0	620.0	932.0	704.0
70665.0	70815.0	150.0	808.0	833.0
70855.0	71095.0	240.0	859.0	857.0
71195.0	71445.0	250.0	879.0	860.0
71604.0	71724.0	120.0	1275.0	747.0
71739.0	71899.0	160.0	1279.0	734.0
71969.0	73038.0	1069.0	782.0	866.0
73254.0	73554.0	300.0	729.0	883.0
73658.0	73868.0	210.0	1188.0	761.0
73908.0	74228.0	320.0	1114.0	751.0
74306.0	74946.0	640.0	762.0	899.0
75025.0	75135.0	110.0	839.0	895.0
75277.0	75377.0	100.0	988.0	777.0
75414.0	75574.0	160.0	1001.0	788.0
75664.0	76084.0	420.0	808.0	834.0
76116.0	78585.0	2469.0	833.0	678.0
78611.0	78991.0	380.0	832.0	847.0
79023.0	79942.0	919.0	805.0	651.0
79954.0	80484.0	530.0	833.0	727.0
80503.0	81373.0	870.0	821.0	648.0
81389.0	82308.0	919.0	847.0	692.0
82330.0	82410.0	80.0	925.0	809.0
82430.0	82610.0	180.0	964.0	728.0
82793.0	82873.0	80.0	926.0	825.0
82911.0	82991.0	80.0	920.0	801.0
83211.0	83801.0	590.0	880.0	733.0
83818.0	86027.0	2209.0	982.0	758.0
86051.0	86301.0	250.0	903.0	674.0
86308.0	86858.0	550.0	976.0	732.0
86885.0	91972.0	5087.0	882.0	707.0
91994.0	92064.0	70.0	877.0	817.0
92266.0	92546.0	280.0	843.0	901.0
92587.0	92667.0	80.0	868.0	894.0
92787.0	92987.0	200.0	884.0	713.0
93042.0	93362.0	320.0	840.0	903.0
93424.0	93604.0	180.0	843.0	892.0
93666.0	94006.0	340.0	841.0	906.0
94046.0	94326.0	280.0	849.0	828.0
94366.0	94596.0	230.0	843.0	806.0
94622.0	95791.0	1169.0	837.0	653.0
95822.0	95902.0	80.0	816.0	839.0
95921.0	96041.0	120.0	822.0	796.0
96181.0	96341.0	160.0	819.0	901.0
96400.0	96540.0	140.0	832.0	875.0
96580.0	97809.0	1229.0	852.0	658.0
97852.0	98002.0	150.0	837.0	889.0
98189.0	98319.0	130.0	824.0	957.0
98421.0	98551.0	130.0	821.0	959.0
98662.0	98922.0	260.0	846.0	819.0
98943.0	99173.0	230.0	826.0	854.0
99262.0	99502.0	240.0	864.0	849.0
99580.0	99660.0	80.0	866.0	814.0
99691.0	100910.0	1219.0	895.0	669.0
101398.0	101858.0	460.0	863.0	653.0
101891.0	102171.0	280.0	856.0	802.0
102228.0	102298.0	70.0	853.0	852.0
102389.0	103248.0	859.0	863.0	675.0
103259.0	103519.0	260.0	890.0	728.0
103539.0	103659.0	120.0	870.0	850.0
103680.0	103820.0	140.0	882.0	762.0
104250.0	104820.0	570.0	874.0	712.0
104830.0	105590.0	760.0	883.0	647.0
105696.0	105916.0	220.0	881.0	754.0
105936.0	106256.0	320.0	874.0	826.0
106399.0	106549.0	150.0	922.0	806.0
106919.0	107798.0	879.0	887.0	646.0
107807.0	108057.0	250.0	968.0	596.0
108067.0	108507.0	440.0	906.0	605.0
108534.0	108874.0	340.0	925.0	713.0
108885.0	109635.0	750.0	919.0	625.0
109663.0	109943.0	280.0	895.0	855.0
109984.0	110064.0	80.0	890.0	873.0
110107.0	110897.0	790.0	892.0	663.0
110995.0	111195.0	200.0	889.0	941.0
111234.0	111344.0	110.0	842.0	581.0
111393.0	112312.0	919.0	778.0	506.0
112325.0	112765.0	440.0	880.0	581.0
112805.0	112955.0	150.0	717.0	573.0
113035.0	113205.0	170.0	977.0	945.0
113221.0	113291.0	70.0	934.0	928.0
113391.0	113531.0	140.0	943.0	756.0
113601.0	115300.0	1699.0	934.0	684.0
115394.0	115534.0	140.0	901.0	898.0
115914.0	116144.0	230.0	883.0	825.0
116219.0	116599.0	380.0	650.0	375.0
116612.0	117352.0	740.0	645.0	425.0
117369.0	118348.0	979.0	628.0	443.0
118362.0	118482.0	120.0	657.0	457.0
118562.0	119232.0	670.0	996.0	886.0
119251.0	119651.0	400.0	968.0	876.0
119681.0	120181.0	500.0	960.0	697.0
120187.0	120687.0	500.0	929.0	755.0
120838.0	121078.0	240.0	590.0	441.0
121151.0	121311.0	160.0	992.0	824.0
121386.0	121786.0	400.0	1000.0	880.0
121807.0	122027.0	220.0	1012.0	799.0
122087.0	122167.0	80.0	1008.0	794.0
122188.0	123577.0	1389.0	971.0	854.0
123605.0	124594.0	989.0	955.0	656.0
124704.0	124904.0	200.0	970.0	853.0
124924.0	125094.0	170.0	942.0	763.0
125115.0	125665.0	550.0	949.0	660.0
125788.0	126328.0	540.0	944.0	827.0
126408.0	126918.0	510.0	941.0	868.0
127167.0	127287.0	120.0	967.0	846.0
127326.0	127416.0	90.0	945.0	862.0
127477.0	128127.0	650.0	951.0	807.0
128156.0	128926.0	770.0	922.0	687.0
128945.0	129155.0	210.0	936.0	838.0
129191.0	129311.0	120.0	949.0	878.0
129332.0	129532.0	200.0	940.0	712.0
129575.0	130415.0	840.0	952.0	700.0
130435.0	130835.0	400.0	1048.0	741.0
130875.0	131415.0	540.0	1007.0	718.0
131483.0	131613.0	130.0	937.0	724.0
131654.0	132484.0	830.0	994.0	734.0
132503.0	132753.0	250.0	1027.0	748.0
132774.0	132974.0	200.0	1012.0	757.0
132991.0	133561.0	570.0	1053.0	758.0
133584.0	133974.0	390.0	903.0	735.0
133992.0	134442.0	450.0	884.0	691.0
134500.0	134690.0	190.0	587.0	508.0
134712.0	135921.0	1209.0	479.0	490.0
135947.0	136287.0	340.0	447.0	479.0
136297.0	136427.0	130.0	400.0	485.0
136508.0	136758.0	250.0	923.0	771.0
136797.0	137397.0	600.0	983.0	778.0
137411.0	137661.0	250.0	1071.0	740.0
137691.0	137871.0	180.0	942.0	744.0
137891.0	138061.0	170.0	937.0	765.0
138117.0	138367.0	250.0	941.0	783.0
138441.0	139101.0	660.0	1053.0	780.0
139120.0	139290.0	170.0	1147.0	785.0
139389.0	139489.0	100.0	1192.0	784.0
139519.0	139879.0	360.0	1076.0	740.0
140460.0	141349.0	889.0	1015.0	758.0
141389.0	141669.0	280.0	1038.0	756.0
141759.0	142918.0	1159.0	919.0	739.0
142953.0	143053.0	100.0	921.0	706.0
143196.0	143356.0	160.0	922.0	702.0
143374.0	144413.0	1039.0	911.0	780.0
144687.0	145257.0	570.0	1054.0	771.0
145282.0	145552.0	270.0	941.0	757.0
145577.0	146207.0	630.0	917.0	776.0
146223.0	146453.0	230.0	896.0	777.0
146476.0	146676.0	200.0	893.0	727.0
146756.0	146826.0	70.0	1024.0	771.0
146966.0	147396.0	430.0	1047.0	775.0
147431.0	148320.0	889.0	1072.0	781.0
148363.0	148653.0	290.0	925.0	761.0
148772.0	149212.0	440.0	886.0	779.0
149220.0	149330.0	110.0	940.0	793.0
149514.0	149714.0	200.0	1056.0	803.0
149744.0	150144.0	400.0	886.0	785.0
150154.0	150604.0	450.0	932.0	791.0
150834.0	151753.0	919.0	880.0	812.0
151773.0	151943.0	170.0	875.0	731.0
152043.0	152273.0	230.0	866.0	735.0
152291.0	152471.0	180.0	837.0	804.0
152491.0	152641.0	150.0	897.0	834.0
152743.0	152833.0	90.0	885.0	839.0
153051.0	153151.0	100.0	809.0	837.0
153252.0	153412.0	160.0	790.0	823.0
153472.0	153692.0	220.0	816.0	820.0
153939.0	154069.0	130.0	759.0	803.0
154249.0	154489.0	240.0	927.0	821.0
154617.0	154707.0	90.0	970.0	816.0
154951.0	155051.0	100.0	881.0	819.0
155068.0	155188.0	120.0	902.0	736.0
155257.0	155407.0	150.0	899.0	816.0
155488.0	155678.0	190.0	885.0	806.0
155857.0	156087.0	230.0	1014.0	801.0
156128.0	156248.0	120.0	1010.0	815.0
156407.0	156547.0	140.0	987.0	821.0
156599.0	156769.0	170.0	965.0	817.0
156970.0	157050.0	80.0	874.0	797.0
157226.0	157356.0	130.0	852.0	809.0
157438.0	157528.0	90.0	831.0	813.0
157565.0	157805.0	240.0	748.0	798.0
157838.0	158058.0	220.0	591.0	764.0
158159.0	158469.0	310.0	575.0	745.0
158499.0	158739.0	240.0	756.0	772.0
158789.0	158999.0	210.0	895.0	826.0
159228.0	159328.0	100.0	842.0	803.0
159344.0	159494.0	150.0	855.0	729.0
159525.0	160175.0	650.0	751.0	811.0
160484.0	161413.0	929.0	714.0	792.0
161635.0	161905.0	270.0	890.0	782.0
161944.0	162254.0	310.0	931.0	795.0
162282.0	162562.0	280.0	779.0	772.0
162603.0	162703.0	100.0	784.0	778.0
162727.0	162877.0	150.0	789.0	705.0
162992.0	163102.0	110.0	808.0	713.0
163125.0	163545.0	420.0	827.0	614.0
164202.0	164282.0	80.0	846.0	734.0
164346.0	164586.0	240.0	836.0	789.0
164645.0	164805.0	160.0	922.0	706.0
165033.0	165103.0	70.0	901.0	784.0
165121.0	165481.0	360.0	910.0	727.0
165503.0	165633.0	130.0	876.0	630.0
165662.0	165762.0	100.0	898.0	770.0
165822.0	165892.0	70.0	887.0	767.0
166055.0	166145.0	90.0	885.0	771.0
166343.0	166583.0	240.0	872.0	796.0
166600.0	166870.0	270.0	886.0	715.0
166903.0	167263.0	360.0	813.0	803.0
167629.0	168099.0	470.0	825.0	829.0
168284.0	168614.0	330.0	859.0	857.0
168729.0	168819.0	90.0	872.0	881.0
168840.0	168960.0	120.0	875.0	782.0
168981.0	169121.0	140.0	844.0	832.0
169433.0	169583.0	150.0	883.0	762.0
169590.0	169870.0	280.0	823.0	746.0
169949.0	170848.0	899.0	822.0	716.0
170972.0	171182.0	210.0	865.0	775.0
171408.0	171718.0	310.0	840.0	743.0
171837.0	172197.0	360.0	873.0	807.0
172259.0	172339.0	80.0	887.0	793.0
172559.0	172889.0	330.0	824.0	743.0
173029.0	173119.0	90.0	866.0	718.0
173140.0	173360.0	220.0	849.0	772.0
173480.0	173580.0	100.0	852.0	759.0
173621.0	173741.0	120.0	861.0	752.0
173758.0	174458.0	700.0	854.0	813.0
174580.0	174910.0	330.0	849.0	627.0
174917.0	175057.0	140.0	880.0	589.0
175158.0	175628.0	470.0	893.0	604.0
175655.0	175735.0	80.0	885.0	808.0
176117.0	176337.0	220.0	857.0	959.0
176459.0	176809.0	350.0	860.0	949.0
176855.0	176965.0	110.0	856.0	712.0
176989.0	177079.0	90.0	857.0	708.0
177139.0	177519.0	380.0	846.0	689.0
177528.0	177738.0	210.0	836.0	750.0
177758.0	178118.0	360.0	846.0	727.0
178245.0	178315.0	70.0	849.0	757.0
178537.0	179826.0	1289.0	859.0	718.0
179973.0	180213.0	240.0	884.0	753.0
180237.0	180397.0	160.0	872.0	817.0
180612.0	180832.0	220.0	870.0	788.0
180853.0	181293.0	440.0	865.0	764.0
181455.0	182195.0	740.0	863.0	770.0
182274.0	182594.0	320.0	869.0	831.0
182692.0	182772.0	80.0	868.0	855.0
183232.0	183412.0	180.0	879.0	718.0
183593.0	185362.0	1769.0	858.0	727.0
185663.0	185783.0	120.0	926.0	154.0
185824.0	186004.0	180.0	1050.0	210.0
186183.0	186283.0	100.0	871.0	966.0
186302.0	186382.0	80.0	875.0	934.0
186450.0	186870.0	420.0	882.0	804.0
187052.0	188231.0	1179.0	927.0	736.0
188252.0	188352.0	100.0	938.0	776.0
188808.0	189278.0	470.0	898.0	775.0
189297.0	189407.0	110.0	918.0	887.0
189508.0	189708.0	200.0	907.0	871.0
189787.0	190427.0	640.0	878.0	887.0
190486.0	190606.0	120.0	894.0	789.0
190708.0	190918.0	210.0	923.0	720.0
190961.0	191351.0	390.0	937.0	697.0
191369.0	191559.0	190.0	918.0	769.0
192408.0	192888.0	480.0	894.0	683.0
193075.0	193265.0	190.0	889.0	682.0
193489.0	193649.0	160.0	877.0	913.0
193685.0	194015.0	330.0	882.0	799.0
194255.0	195264.0	1009.0	911.0	656.0
195273.0	195513.0	240.0	922.0	647.0
195558.0	196018.0	460.0	903.0	660.0
196133.0	196563.0	430.0	887.0	663.0
196595.0	196735.0	140.0	870.0	533.0
196755.0	196965.0	210.0	892.0	532.0
196996.0	197096.0	100.0	891.0	644.0
197157.0	197417.0	260.0	911.0	678.0
197534.0	197904.0	370.0	940.0	709.0
197927.0	198097.0	170.0	881.0	657.0
198115.0	198315.0	200.0	850.0	658.0
198322.0	198602.0	280.0	925.0	657.0
198626.0	198716.0	90.0	894.0	661.0
198876.0	199086.0	210.0	858.0	669.0
199165.0	199355.0	190.0	880.0	892.0
199391.0	199811.0	420.0	914.0	654.0
199833.0	199923.0	90.0	834.0	676.0
200103.0	200223.0	120.0	833.0	682.0
200241.0	201001.0	760.0	849.0	582.0
201025.0	201725.0	700.0	889.0	685.0
201924.0	203063.0	1139.0	932.0	646.0
203224.0	203784.0	560.0	870.0	667.0
203821.0	203901.0	80.0	933.0	668.0
203921.0	204101.0	180.0	955.0	672.0
204119.0	204379.0	260.0	833.0	683.0
204422.0	204522.0	100.0	898.0	686.0
204720.0	205090.0	370.0	931.0	691.0
205192.0	205352.0	160.0	948.0	716.0
205367.0	205807.0	440.0	845.0	697.0
205821.0	205961.0	140.0	917.0	705.0
206100.0	206210.0	110.0	834.0	733.0
206227.0	206637.0	410.0	959.0	742.0
206668.0	206908.0	240.0	844.0	747.0
206917.0	207177.0	260.0	909.0	750.0
207339.0	207529.0	190.0	836.0	761.0
207591.0	207761.0	170.0	925.0	879.0
207919.0	208129.0	210.0	979.0	786.0
208171.0	209070.0	899.0	911.0	595.0
209090.0	209230.0	140.0	950.0	645.0
209250.0	209600.0	350.0	878.0	596.0
209755.0	210075.0	320.0	894.0	582.0
210099.0	210719.0	620.0	915.0	659.0
211056.0	211386.0	330.0	779.0	756.0
211405.0	211495.0	90.0	829.0	770.0
211815.0	212215.0	400.0	1226.0	118.0
212318.0	212538.0	220.0	1237.0	174.0
212555.0	212695.0	140.0	1266.0	262.0
212935.0	213365.0	430.0	1204.0	313.0
213426.0	213516.0	90.0	1183.0	329.0
213537.0	213677.0	140.0	1186.0	196.0
213915.0	213985.0	70.0	929.0	787.0
214034.0	214134.0	100.0	934.0	719.0
214307.0	214517.0	210.0	898.0	700.0
214537.0	214667.0	130.0	893.0	612.0
214725.0	215455.0	730.0	795.0	653.0
215476.0	215676.0	200.0	730.0	794.0
215944.0	216244.0	300.0	877.0	690.0
216282.0	216392.0	110.0	839.0	640.0
216453.0	216743.0	290.0	893.0	656.0
216774.0	217114.0	340.0	790.0	668.0
217131.0	217281.0	150.0	893.0	650.0
217304.0	217384.0	80.0	882.0	643.0
217402.0	217602.0	200.0	790.0	626.0
217622.0	217702.0	80.0	857.0	620.0
217725.0	217805.0	80.0	833.0	614.0
217863.0	217983.0	120.0	1068.0	796.0
218142.0	218802.0	660.0	975.0	780.0
218865.0	219405.0	540.0	729.0	621.0
219502.0	219572.0	70.0	718.0	614.0
219579.0	219729.0	150.0	791.0	604.0
219753.0	219993.0	240.0	835.0	607.0
220012.0	220312.0	300.0	768.0	622.0
220409.0	220759.0	350.0	775.0	624.0
220773.0	221033.0	260.0	731.0	654.0
221168.0	221718.0	550.0	876.0	628.0
221988.0	222178.0	190.0	734.0	627.0
222201.0	222371.0	170.0	632.0	610.0
222520.0	223050.0	530.0	980.0	760.0
223109.0	223978.0	869.0	933.0	737.0
223999.0	224249.0	250.0	884.0	630.0
224548.0	224838.0	290.0	868.0	927.0
224861.0	225081.0	220.0	955.0	912.0
225131.0	225301.0	170.0	835.0	621.0
225310.0	225450.0	140.0	880.0	669.0
225521.0	225701.0	180.0	837.0	682.0
225720.0	226100.0	380.0	875.0	603.0
226118.0	226248.0	130.0	862.0	600.0
226287.0	226357.0	70.0	849.0	676.0
226497.0	226677.0	180.0	850.0	688.0
226688.0	226938.0	250.0	920.0	698.0
226960.0	227060.0	100.0	976.0	699.0
227219.0	227479.0	260.0	840.0	709.0
227496.0	227776.0	280.0	922.0	720.0
227815.0	228025.0	210.0	843.0	726.0
228319.0	228439.0	120.0	880.0	973.0
228467.0	228677.0	210.0	954.0	945.0
228714.0	228814.0	100.0	905.0	614.0
228839.0	228979.0	140.0	886.0	596.0
229096.0	229346.0	250.0	855.0	532.0
229378.0	229938.0	560.0	973.0	634.0
229954.0	230034.0	80.0	948.0	659.0
230058.0	230198.0	140.0	875.0	686.0
230358.0	230538.0	180.0	1057.0	706.0
230858.0	230948.0	90.0	903.0	864.0
231004.0	231084.0	80.0	881.0	855.0
231108.0	231258.0	150.0	858.0	764.0
231507.0	231587.0	80.0	970.0	806.0
231924.0	232124.0	200.0	904.0	812.0
232254.0	232444.0	190.0	877.0	793.0
232487.0	232557.0	70.0	911.0	539.0
232737.0	232987.0	250.0	922.0	557.0
233006.0	234025.0	1019.0	865.0	568.0
234096.0	234366.0	270.0	955.0	931.0
234484.0	234714.0	230.0	876.0	555.0
234831.0	235281.0	450.0	868.0	566.0
235330.0	235410.0	80.0	924.0	880.0
235455.0	235605.0	150.0	960.0	706.0
235872.0	236232.0	360.0	857.0	870.0
236354.0	236944.0	590.0	896.0	573.0
237204.0	237274.0	70.0	872.0	882.0
237331.0	237651.0	320.0	923.0	602.0
237829.0	238888.0	1059.0	919.0	661.0
239071.0	239511.0	440.0	858.0	675.0
239800.0	239940.0	140.0	900.0	942.0
239979.0	240249.0	270.0	894.0	885.0
240289.0	240379.0	90.0	928.0	719.0
240398.0	240518.0	120.0	901.0	891.0
240559.0	240719.0	160.0	894.0	927.0
241050.0	241830.0	780.0	903.0	626.0
241851.0	242041.0	190.0	852.0	687.0
242057.0	242327.0	270.0	942.0	694.0
242471.0	242871.0	400.0	947.0	695.0
243051.0	243451.0	400.0	794.0	614.0
243466.0	243766.0	300.0	845.0	626.0
243800.0	244150.0	350.0	940.0	580.0
244290.0	244580.0	290.0	913.0	597.0
244619.0	244989.0	370.0	773.0	626.0
245215.0	245655.0	440.0	1014.0	963.0
245667.0	245777.0	110.0	1016.0	946.0
245847.0	245987.0	140.0	675.0	595.0
246089.0	246229.0	140.0	693.0	636.0
246236.0	246356.0	120.0	652.0	643.0
246458.0	246568.0	110.0	1070.0	666.0
246806.0	246966.0	160.0	646.0	412.0
247184.0	247924.0	740.0	758.0	727.0
248104.0	248234.0	130.0	751.0	720.0
248304.0	249064.0	760.0	991.0	693.0
249107.0	249277.0	170.0	1014.0	678.0
249382.0	249882.0	500.0	690.0	701.0
249907.0	250007.0	100.0	740.0	673.0
250024.0	250094.0	70.0	722.0	677.0
250152.0	250782.0	630.0	996.0	704.0
250826.0	251046.0	220.0	971.0	669.0
251255.0	251335.0	80.0	928.0	915.0
251351.0	251581.0	230.0	931.0	950.0
251826.0	251916.0	90.0	945.0	939.0
251992.0	252212.0	220.0	944.0	909.0
252224.0	252394.0	170.0	996.0	851.0
252475.0	252555.0	80.0	953.0	904.0
252592.0	252702.0	110.0	1002.0	741.0
252742.0	253262.0	520.0	965.0	568.0
253285.0	253675.0	390.0	907.0	628.0
253773.0	253913.0	140.0	990.0	617.0
253962.0	254312.0	350.0	935.0	930.0
254564.0	255084.0	520.0	683.0	619.0
255164.0	255394.0	230.0	976.0	953.0
255691.0	255991.0	300.0	958.0	932.0
256033.0	256273.0	240.0	946.0	923.0
256312.0	256392.0	80.0	947.0	936.0
256603.0	257033.0	430.0	929.0	604.0
257269.0	257649.0	380.0	886.0	973.0
257691.0	257961.0	270.0	910.0	701.0
257978.0	258168.0	190.0	890.0	634.0
258328.0	258408.0	80.0	923.0	684.0
258459.0	258969.0	510.0	710.0	682.0
258990.0	259310.0	320.0	812.0	615.0
259330.0	259520.0	190.0	726.0	643.0
259541.0	259941.0	400.0	797.0	657.0
259958.0	260188.0	230.0	829.0	591.0
260310.0	260430.0	120.0	740.0	582.0
260459.0	260669.0	210.0	844.0	572.0
260808.0	261248.0	440.0	993.0	716.0
261405.0	261655.0	250.0	739.0	547.0
261675.0	261905.0	230.0	721.0	568.0
262005.0	262205.0	200.0	826.0	594.0
262218.0	262468.0	250.0	878.0	572.0
262519.0	262609.0	90.0	1058.0	785.0
262807.0	263547.0	740.0	954.0	796.0
263607.0	263997.0	390.0	773.0	539.0
264027.0	264337.0	310.0	948.0	543.0
264378.0	264528.0	150.0	761.0	558.0
264766.0	265016.0	250.0	889.0	552.0
265027.0	265217.0	190.0	815.0	595.0
265268.0	265468.0	200.0	1052.0	747.0
265478.0	265748.0	270.0	957.0	651.0
265774.0	265944.0	170.0	970.0	804.0
265955.0	266275.0	320.0	913.0	799.0
266297.0	266367.0	70.0	885.0	915.0
266662.0	267182.0	520.0	916.0	741.0
267215.0	267435.0	220.0	999.0	708.0
267477.0	267817.0	340.0	892.0	579.0
268184.0	268384.0	200.0	924.0	922.0
268606.0	268936.0	330.0	882.0	921.0
268972.0	269092.0	120.0	866.0	912.0
269222.0	269502.0	280.0	936.0	906.0
269521.0	269631.0	110.0	880.0	806.0
269701.0	269811.0	110.0	888.0	903.0
269835.0	270185.0	350.0	902.0	923.0
270225.0	270335.0	110.0	923.0	910.0
270451.0	270731.0	280.0	872.0	669.0
270765.0	270925.0	160.0	883.0	779.0
270975.0	271405.0	430.0	734.0	549.0
271544.0	271724.0	180.0	801.0	544.0
271734.0	272254.0	520.0	866.0	586.0
272270.0	272540.0	270.0	946.0	593.0
272580.0	272760.0	180.0	773.0	613.0
273110.0	273280.0	170.0	1029.0	1004.0
273322.0	273752.0	430.0	1003.0	964.0
273793.0	274023.0	230.0	962.0	646.0
274033.0	274103.0	70.0	947.0	588.0
274203.0	274503.0	300.0	944.0	682.0
274629.0	274879.0	250.0	683.0	561.0
275062.0	275352.0	290.0	794.0	626.0
275602.0	276232.0	630.0	978.0	920.0
276571.0	276651.0	80.0	777.0	574.0
276668.0	276748.0	80.0	794.0	570.0
276786.0	276886.0	100.0	900.0	582.0
277101.0	277331.0	230.0	734.0	600.0
277448.0	278308.0	860.0	955.0	707.0
278466.0	278846.0	380.0	890.0	695.0
278857.0	278967.0	110.0	964.0	696.0
278990.0	279070.0	80.0	978.0	697.0
279268.0	279628.0	360.0	888.0	705.0
279657.0	279867.0	210.0	936.0	953.0
280069.0	280789.0	720.0	893.0	668.0
280874.0	281044.0	170.0	915.0	897.0
281436.0	281616.0	180.0	918.0	945.0
281818.0	282388.0	570.0	879.0	569.0
282548.0	282688.0	140.0	891.0	582.0
282708.0	282858.0	150.0	977.0	575.0
282886.0	283666.0	780.0	905.0	593.0
283695.0	284085.0	390.0	829.0	611.0
284127.0	284327.0	200.0	880.0	608.0
284563.0	284813.0	250.0	914.0	620.0
284886.0	285276.0	390.0	941.0	637.0
285305.0	285525.0	220.0	838.0	683.0
285786.0	286446.0	660.0	907.0	611.0
286506.0	286776.0	270.0	832.0	614.0
286785.0	287225.0	440.0	921.0	615.0
287244.0	287484.0	240.0	865.0	619.0
287645.0	288205.0	560.0	863.0	660.0
288283.0	288453.0	170.0	929.0	653.0
288494.0	288884.0	390.0	895.0	860.0
289153.0	290072.0	919.0	617.0	497.0
290090.0	290200.0	110.0	483.0	538.0
290381.0	290461.0	80.0	906.0	797.0
290528.0	290628.0	100.0	929.0	885.0
290669.0	290819.0	150.0	912.0	906.0
291023.0	291343.0	320.0	889.0	660.0
291538.0	291958.0	420.0	912.0	689.0
292080.0	292410.0	330.0	905.0	693.0
292490.0	292650.0	160.0	928.0	886.0
292688.0	292828.0	140.0	902.0	902.0
292950.0	293070.0	120.0	919.0	885.0
293102.0	293322.0	220.0	845.0	742.0
293628.0	293928.0	300.0	870.0	933.0
293970.0	294180.0	210.0	698.0	737.0
294201.0	294641.0	440.0	728.0	738.0
294799.0	295958.0	1159.0	881.0	691.0
296105.0	296405.0	300.0	892.0	756.0
296530.0	296760.0	230.0	875.0	763.0
296785.0	297185.0	400.0	900.0	911.0
297348.0	297738.0	390.0	939.0	898.0
297819.0	298009.0	190.0	901.0	928.0
298038.0	298468.0	430.0	728.0	759.0
298494.0	298674.0	180.0	876.0	677.0
298705.0	299105.0	400.0	941.0	558.0
299268.0	299468.0	200.0	905.0	772.0
299516.0	299716.0	200.0	724.0	726.0
299748.0	299908.0	160.0	886.0	708.0
299938.0	300008.0	70.0	919.0	879.0
300213.0	300323.0	110.0	917.0	895.0
300375.0	300605.0	230.0	920.0	585.0
300764.0	301284.0	520.0	930.0	594.0
301407.0	302057.0	650.0	957.0	596.0
302107.0	302237.0	130.0	699.0	748.0
302542.0	302692.0	150.0	873.0	650.0
302716.0	303076.0	360.0	957.0	687.0
303093.0	303173.0	80.0	916.0	730.0
303331.0	303881.0	550.0	948.0	740.0
303896.0	304426.0	530.0	934.0	705.0
304432.0	304742.0	310.0	932.0	776.0
304784.0	304914.0	130.0	714.0	769.0
305012.0	305911.0	899.0	723.0	756.0
305951.0	306311.0	360.0	944.0	789.0
306352.0	306632.0	280.0	752.0	767.0
306870.0	307949.0	1079.0	733.0	766.0
308103.0	308763.0	660.0	935.0	940.0
308830.0	309030.0	200.0	898.0	610.0
309050.0	309240.0	190.0	965.0	548.0
309279.0	309409.0	130.0	928.0	741.0
309821.0	310411.0	590.0	907.0	582.0
310459.0	310609.0	150.0	926.0	925.0
310711.0	310911.0	200.0	897.0	949.0
310951.0	311201.0	250.0	711.0	818.0
311501.0	311801.0	300.0	929.0	757.0
311818.0	311898.0	80.0	944.0	775.0
312106.0	312416.0	310.0	917.0	564.0
312521.0	312781.0	260.0	997.0	682.0
312900.0	312980.0	80.0	969.0	798.0
313057.0	313247.0	190.0	952.0	863.0
313336.0	313876.0	540.0	707.0	815.0
314155.0	314825.0	670.0	863.0	697.0
314869.0	315139.0	270.0	826.0	576.0
315166.0	315236.0	70.0	744.0	609.0
315256.0	315356.0	100.0	688.0	653.0
315779.0	316459.0	680.0	786.0	354.0
