Event Start Trial Time [ms]	Event End Trial Time [ms]	Event Duration [ms]	Visual Intake Position X [px]	Visual Intake Position Y [px]
0.0	175.0	175.0	936.0	412.0
296.0	1315.0	1019.0	938.0	416.0
2449.0	2609.0	160.0	711.0	574.0
2629.0	2759.0	130.0	883.0	548.0
2868.0	3298.0	430.0	942.0	607.0
3343.0	3443.0	100.0	955.0	590.0
3465.0	3555.0	90.0	940.0	588.0
3614.0	3874.0	260.0	954.0	625.0
3893.0	4103.0	210.0	937.0	627.0
4165.0	4305.0	140.0	899.0	620.0
4324.0	4444.0	120.0	897.0	641.0
4467.0	4577.0	110.0	868.0	613.0
4615.0	4705.0	90.0	856.0	612.0
4745.0	4845.0	100.0	842.0	609.0
4897.0	5367.0	470.0	840.0	586.0
5467.0	5577.0	110.0	890.0	647.0
5614.0	5974.0	360.0	941.0	602.0
6035.0	6125.0	90.0	937.0	570.0
6142.0	6252.0	110.0	918.0	559.0
6293.0	6543.0	250.0	931.0	659.0
6596.0	6726.0	130.0	908.0	644.0
6762.0	6862.0	100.0	864.0	499.0
6886.0	7096.0	210.0	887.0	500.0
7116.0	7296.0	180.0	910.0	524.0
7312.0	7622.0	310.0	919.0	542.0
7662.0	7872.0	210.0	898.0	546.0
7892.0	8012.0	120.0	888.0	533.0
8155.0	8295.0	140.0	1256.0	512.0
8385.0	8555.0	170.0	1168.0	467.0
8612.0	8972.0	360.0	1020.0	407.0
9015.0	9145.0	130.0	1064.0	540.0
9185.0	9275.0	90.0	1008.0	520.0
9634.0	9794.0	160.0	671.0	559.0
9984.0	10134.0	150.0	1089.0	678.0
10154.0	10274.0	120.0	1121.0	654.0
10370.0	10450.0	80.0	1191.0	551.0
10584.0	10824.0	240.0	1209.0	513.0
10884.0	11094.0	210.0	1177.0	537.0
11398.0	11508.0	110.0	605.0	579.0
11592.0	11792.0	200.0	719.0	532.0
11939.0	12209.0	270.0	1193.0	515.0
12349.0	12459.0	110.0	1033.0	606.0
12612.0	12692.0	80.0	979.0	653.0
12749.0	12859.0	110.0	1198.0	474.0
12883.0	12983.0	100.0	1171.0	476.0
12989.0	13129.0	140.0	1211.0	513.0
13151.0	13261.0	110.0	1191.0	514.0
13282.0	13562.0	280.0	1170.0	512.0
13598.0	13668.0	70.0	1147.0	511.0
13711.0	13831.0	120.0	1127.0	513.0
13848.0	13918.0	70.0	1115.0	518.0
14001.0	14151.0	150.0	1085.0	533.0
14270.0	14350.0	80.0	1030.0	554.0
14432.0	14682.0	250.0	989.0	570.0
14699.0	14939.0	240.0	975.0	573.0
14976.0	15106.0	130.0	837.0	585.0
15131.0	15211.0	80.0	846.0	576.0
15250.0	15360.0	110.0	854.0	568.0
15387.0	15577.0	190.0	937.0	672.0
15651.0	15761.0	110.0	959.0	540.0
15777.0	16287.0	510.0	969.0	546.0
16331.0	17510.0	1179.0	959.0	555.0
17660.0	17780.0	120.0	680.0	751.0
17860.0	17950.0	90.0	1117.0	405.0
17965.0	18095.0	130.0	1095.0	426.0
18267.0	18537.0	270.0	1077.0	457.0
18575.0	18655.0	80.0	1053.0	469.0
18679.0	18779.0	100.0	1005.0	401.0
18796.0	18906.0	110.0	1000.0	381.0
18985.0	19105.0	120.0	834.0	321.0
19195.0	19355.0	160.0	858.0	714.0
19375.0	19455.0	80.0	851.0	743.0
19744.0	19904.0	160.0	905.0	577.0
19955.0	20055.0	100.0	871.0	472.0
20474.0	20734.0	260.0	533.0	442.0
20835.0	21095.0	260.0	854.0	663.0
21174.0	21374.0	200.0	833.0	457.0
21466.0	21626.0	160.0	940.0	488.0
21658.0	21728.0	70.0	996.0	568.0
21744.0	21954.0	210.0	894.0	612.0
21996.0	22106.0	110.0	791.0	628.0
22143.0	22263.0	120.0	803.0	619.0
22287.0	22457.0	170.0	859.0	618.0
22684.0	22824.0	140.0	858.0	595.0
22847.0	22967.0	120.0	880.0	543.0
22987.0	23067.0	80.0	874.0	522.0
23134.0	23304.0	170.0	865.0	576.0
23413.0	23493.0	80.0	831.0	403.0
23536.0	23646.0	110.0	876.0	610.0
23686.0	23816.0	130.0	893.0	593.0
23831.0	23961.0	130.0	926.0	564.0
23982.0	24102.0	120.0	951.0	528.0
24143.0	24263.0	120.0	950.0	515.0
24271.0	24391.0	120.0	986.0	463.0
24442.0	24562.0	120.0	971.0	487.0
24586.0	24666.0	80.0	951.0	501.0
24686.0	24826.0	140.0	920.0	505.0
25232.0	25582.0	350.0	1043.0	575.0
25783.0	25853.0	70.0	725.0	511.0
25915.0	26095.0	180.0	802.0	507.0
26110.0	26720.0	610.0	860.0	477.0
26745.0	27015.0	270.0	822.0	490.0
27033.0	27113.0	80.0	783.0	525.0
27234.0	27414.0	180.0	778.0	523.0
27634.0	27704.0	70.0	1021.0	577.0
27782.0	28012.0	230.0	899.0	589.0
28119.0	28589.0	470.0	909.0	538.0
29063.0	29163.0	100.0	1050.0	468.0
29221.0	29331.0	110.0	882.0	482.0
29353.0	29453.0	100.0	806.0	490.0
29643.0	29733.0	90.0	651.0	563.0
29781.0	29881.0	100.0	706.0	534.0
29902.0	30142.0	240.0	750.0	525.0
30203.0	30303.0	100.0	772.0	531.0
30502.0	30712.0	210.0	1217.0	617.0
30747.0	30837.0	90.0	1192.0	612.0
31159.0	31559.0	400.0	700.0	435.0
31602.0	31682.0	80.0	730.0	454.0
31701.0	31961.0	260.0	608.0	509.0
32079.0	32239.0	160.0	1080.0	615.0
32301.0	32661.0	360.0	929.0	569.0
32698.0	32778.0	80.0	881.0	559.0
32817.0	32917.0	100.0	902.0	534.0
32961.0	33091.0	130.0	874.0	522.0
33249.0	33339.0	90.0	1190.0	413.0
33506.0	33606.0	100.0	1101.0	435.0
33697.0	33877.0	180.0	984.0	513.0
34068.0	34158.0	90.0	742.0	558.0
34247.0	34317.0	70.0	832.0	526.0
34340.0	34630.0	290.0	780.0	523.0
34646.0	34866.0	220.0	740.0	552.0
35059.0	35159.0	100.0	1126.0	461.0
35270.0	35440.0	170.0	882.0	663.0
35520.0	35930.0	410.0	1005.0	315.0
35949.0	36089.0	140.0	1024.0	319.0
36196.0	36376.0	180.0	1049.0	293.0
36479.0	36609.0	130.0	1068.0	384.0
36747.0	36887.0	140.0	1121.0	505.0
36905.0	37035.0	130.0	1108.0	592.0
37054.0	37254.0	200.0	1039.0	512.0
37286.0	37486.0	200.0	1111.0	573.0
37525.0	37795.0	270.0	912.0	687.0
37817.0	37947.0	130.0	837.0	727.0
38044.0	38264.0	220.0	1184.0	507.0
38287.0	38527.0	240.0	1121.0	409.0
38558.0	38648.0	90.0	996.0	477.0
38944.0	39144.0	200.0	991.0	441.0
39166.0	39276.0	110.0	955.0	507.0
39293.0	39623.0	330.0	1067.0	502.0
39643.0	39823.0	180.0	1024.0	543.0
39844.0	39944.0	100.0	928.0	582.0
40107.0	40367.0	260.0	773.0	568.0
40415.0	40895.0	480.0	866.0	558.0
40916.0	41116.0	200.0	781.0	567.0
41133.0	41843.0	710.0	862.0	548.0
42461.0	43311.0	850.0	832.0	555.0
43485.0	43595.0	110.0	1309.0	444.0
43691.0	43951.0	260.0	1474.0	402.0
43992.0	44072.0	80.0	1350.0	425.0
44095.0	44265.0	170.0	1334.0	426.0
44432.0	44512.0	80.0	792.0	556.0
45111.0	45261.0	150.0	811.0	562.0
45284.0	45364.0	80.0	837.0	558.0
45381.0	45541.0	160.0	849.0	561.0
45564.0	45664.0	100.0	858.0	573.0
45680.0	45930.0	250.0	879.0	602.0
45950.0	46310.0	360.0	921.0	621.0
46333.0	46613.0	280.0	931.0	620.0
46633.0	47013.0	380.0	939.0	606.0
47063.0	47563.0	500.0	925.0	609.0
47632.0	48142.0	510.0	914.0	619.0
48202.0	48292.0	90.0	926.0	602.0
48309.0	48589.0	280.0	932.0	586.0
48611.0	49441.0	830.0	919.0	573.0
49628.0	49698.0	70.0	920.0	594.0
50030.0	50120.0	90.0	1106.0	386.0
50200.0	50280.0	80.0	1164.0	641.0
50300.0	50700.0	400.0	1112.0	598.0
50717.0	50927.0	210.0	1089.0	574.0
51001.0	51091.0	90.0	1244.0	316.0
51445.0	51765.0	320.0	1221.0	266.0
51805.0	51955.0	150.0	1222.0	271.0
51976.0	52066.0	90.0	1338.0	275.0
52227.0	52307.0	80.0	1279.0	266.0
52408.0	52628.0	220.0	446.0	709.0
52720.0	52950.0	230.0	452.0	658.0
53249.0	53319.0	70.0	1833.0	633.0
53348.0	53548.0	200.0	1545.0	735.0
53609.0	53849.0	240.0	1690.0	725.0
53948.0	54018.0	70.0	1348.0	900.0
54075.0	54175.0	100.0	1321.0	916.0
54369.0	54489.0	120.0	1770.0	555.0
54644.0	54724.0	80.0	1630.0	541.0
54984.0	55134.0	150.0	1411.0	585.0
55148.0	55348.0	200.0	1429.0	504.0
55368.0	55438.0	70.0	1425.0	523.0
55467.0	55677.0	210.0	1276.0	589.0
55698.0	56108.0	410.0	1196.0	632.0
56185.0	56515.0	330.0	593.0	685.0
56533.0	56613.0	80.0	645.0	626.0
56637.0	56857.0	220.0	702.0	607.0
56896.0	57126.0	230.0	587.0	625.0
57367.0	57827.0	460.0	1369.0	607.0
57917.0	58087.0	170.0	1354.0	595.0
58142.0	58462.0	320.0	1206.0	382.0
58634.0	58844.0	210.0	1178.0	397.0
58886.0	59106.0	220.0	1136.0	426.0
59196.0	59416.0	220.0	666.0	631.0
59436.0	59806.0	370.0	690.0	640.0
59842.0	59942.0	100.0	699.0	650.0
60135.0	60225.0	90.0	1180.0	462.0
60385.0	60515.0	130.0	1189.0	387.0
60621.0	60741.0	120.0	786.0	643.0
60811.0	61041.0	230.0	1267.0	651.0
61085.0	61585.0	500.0	1274.0	618.0
61774.0	61864.0	90.0	509.0	661.0
61882.0	62012.0	130.0	494.0	671.0
62031.0	62201.0	170.0	464.0	672.0
62392.0	62912.0	520.0	1247.0	349.0
62933.0	63043.0	110.0	1233.0	319.0
63450.0	63570.0	120.0	1120.0	636.0
63629.0	63779.0	150.0	1128.0	651.0
63893.0	64023.0	130.0	653.0	694.0
64040.0	64110.0	70.0	616.0	700.0
64133.0	64243.0	110.0	657.0	684.0
64263.0	64773.0	510.0	668.0	673.0
64781.0	64941.0	160.0	703.0	632.0
64980.0	65370.0	390.0	683.0	653.0
65392.0	65552.0	160.0	763.0	642.0
65629.0	65759.0	130.0	1334.0	626.0
65777.0	66107.0	330.0	1284.0	622.0
66147.0	66737.0	590.0	1107.0	822.0
66778.0	67028.0	250.0	1134.0	808.0
67101.0	67361.0	260.0	726.0	709.0
67377.0	67477.0	100.0	711.0	695.0
67501.0	67581.0	80.0	705.0	681.0
67776.0	67896.0	120.0	1021.0	629.0
67921.0	68011.0	90.0	1004.0	608.0
68071.0	68591.0	520.0	995.0	586.0
68629.0	68859.0	230.0	1013.0	573.0
68920.0	69140.0	220.0	601.0	661.0
69176.0	69296.0	120.0	576.0	660.0
69470.0	69630.0	160.0	972.0	582.0
70116.0	70436.0	320.0	600.0	692.0
70495.0	70575.0	80.0	980.0	593.0
71379.0	72099.0	720.0	955.0	590.0
72118.0	72188.0	70.0	942.0	557.0
72197.0	72607.0	410.0	993.0	545.0
72648.0	72728.0	80.0	959.0	525.0
72743.0	72903.0	160.0	1002.0	511.0
72924.0	73144.0	220.0	932.0	528.0
73215.0	73605.0	390.0	916.0	515.0
73917.0	74017.0	100.0	756.0	769.0
74035.0	74145.0	110.0	812.0	793.0
74163.0	74253.0	90.0	920.0	794.0
74267.0	74417.0	150.0	1011.0	779.0
74434.0	74544.0	110.0	1037.0	727.0
74557.0	74697.0	140.0	1039.0	650.0
74802.0	74992.0	190.0	1036.0	576.0
75034.0	75124.0	90.0	1070.0	640.0
75187.0	75417.0	230.0	1050.0	622.0
75433.0	75573.0	140.0	1044.0	581.0
75592.0	75792.0	200.0	1026.0	554.0
75832.0	75902.0	70.0	1071.0	562.0
76034.0	76394.0	360.0	975.0	820.0
76481.0	76611.0	130.0	922.0	719.0
76736.0	76916.0	180.0	919.0	665.0
77135.0	77395.0	260.0	893.0	638.0
77415.0	77565.0	150.0	854.0	647.0
77831.0	77911.0	80.0	1019.0	465.0
77932.0	78132.0	200.0	930.0	473.0
78163.0	78243.0	80.0	1039.0	499.0
78264.0	78344.0	80.0	989.0	509.0
78380.0	78540.0	160.0	1004.0	639.0
78665.0	78775.0	110.0	969.0	764.0
78851.0	78931.0	80.0	1081.0	657.0
78950.0	79040.0	90.0	1056.0	660.0
79092.0	79192.0	100.0	1170.0	555.0
79214.0	79414.0	200.0	1144.0	557.0
79429.0	79579.0	150.0	1095.0	416.0
79780.0	79890.0	110.0	852.0	558.0
79910.0	79990.0	80.0	856.0	601.0
80051.0	80271.0	220.0	904.0	364.0
80331.0	80631.0	300.0	900.0	386.0
80652.0	80742.0	90.0	933.0	411.0
80758.0	80858.0	100.0	966.0	432.0
80913.0	81163.0	250.0	1001.0	433.0
81178.0	81428.0	250.0	1043.0	401.0
81621.0	81691.0	70.0	622.0	767.0
81833.0	81913.0	80.0	721.0	727.0
82073.0	82183.0	110.0	154.0	546.0
82422.0	82562.0	140.0	583.0	621.0
82678.0	82788.0	110.0	707.0	586.0
82922.0	83082.0	160.0	928.0	391.0
83099.0	83379.0	280.0	892.0	431.0
83428.0	83638.0	210.0	856.0	465.0
83678.0	83958.0	280.0	844.0	499.0
83982.0	84092.0	110.0	843.0	542.0
84129.0	84309.0	180.0	795.0	549.0
84451.0	84551.0	100.0	1358.0	544.0
84681.0	84861.0	180.0	912.0	575.0
84878.0	84948.0	70.0	890.0	574.0
84970.0	85150.0	180.0	875.0	596.0
85226.0	85336.0	110.0	966.0	612.0
85670.0	85880.0	210.0	880.0	511.0
85887.0	86027.0	140.0	936.0	528.0
86046.0	86146.0	100.0	940.0	542.0
86170.0	86440.0	270.0	914.0	611.0
86450.0	86590.0	140.0	870.0	548.0
86646.0	86776.0	130.0	851.0	563.0
86790.0	86880.0	90.0	932.0	567.0
86917.0	87287.0	370.0	952.0	571.0
87330.0	87500.0	170.0	933.0	559.0
87616.0	87856.0	240.0	807.0	564.0
87898.0	88038.0	140.0	673.0	586.0
88245.0	88375.0	130.0	1281.0	575.0
88446.0	88556.0	110.0	1257.0	494.0
88697.0	88837.0	140.0	1244.0	541.0
88874.0	88964.0	90.0	1298.0	564.0
89147.0	89407.0	260.0	669.0	539.0
89598.0	89738.0	140.0	1159.0	480.0
89748.0	89828.0	80.0	1157.0	452.0
89846.0	90146.0	300.0	1048.0	456.0
90236.0	90376.0	140.0	966.0	554.0
90433.0	90513.0	80.0	940.0	538.0
90534.0	90624.0	90.0	927.0	529.0
90667.0	90927.0	260.0	836.0	549.0
90947.0	91077.0	130.0	965.0	514.0
91117.0	91527.0	410.0	1072.0	511.0
91797.0	91917.0	120.0	644.0	551.0
91937.0	92597.0	660.0	734.0	539.0
92822.0	93012.0	190.0	1211.0	570.0
93032.0	93552.0	520.0	1096.0	520.0
93732.0	93842.0	110.0	599.0	601.0
93905.0	94255.0	350.0	639.0	576.0
94292.0	94472.0	180.0	612.0	570.0
94583.0	94673.0	90.0	1299.0	491.0
94715.0	94925.0	210.0	1225.0	517.0
94962.0	95132.0	170.0	1181.0	522.0
95165.0	95425.0	260.0	1050.0	557.0
95631.0	95761.0	130.0	411.0	608.0
95785.0	95895.0	110.0	401.0	595.0
96231.0	96331.0	100.0	1449.0	638.0
96353.0	96833.0	480.0	1450.0	630.0
96903.0	97093.0	190.0	1497.0	582.0
97120.0	97380.0	260.0	1345.0	685.0
97399.0	97539.0	140.0	1439.0	615.0
97714.0	97954.0	240.0	1499.0	635.0
98403.0	98543.0	140.0	483.0	490.0
98560.0	98640.0	80.0	608.0	450.0
98802.0	99182.0	380.0	751.0	588.0
99353.0	99593.0	240.0	915.0	490.0
99608.0	99728.0	120.0	904.0	497.0
99782.0	99882.0	100.0	894.0	781.0
99902.0	100012.0	110.0	883.0	724.0
100027.0	100267.0	240.0	891.0	566.0
100312.0	100562.0	250.0	1024.0	432.0
100727.0	100837.0	110.0	826.0	413.0
100862.0	101092.0	230.0	1017.0	463.0
101159.0	101509.0	350.0	1089.0	543.0
101568.0	101808.0	240.0	1072.0	538.0
101829.0	102009.0	180.0	1058.0	523.0
102031.0	102101.0	70.0	1037.0	423.0
102118.0	102228.0	110.0	1025.0	435.0
102246.0	102376.0	130.0	1041.0	436.0
102398.0	102488.0	90.0	956.0	475.0
102531.0	102621.0	90.0	886.0	501.0
102751.0	102871.0	120.0	872.0	585.0
102948.0	103488.0	540.0	783.0	550.0
103568.0	103648.0	80.0	658.0	509.0
103799.0	103949.0	150.0	725.0	364.0
103970.0	104080.0	110.0	766.0	358.0
104127.0	104377.0	250.0	799.0	560.0
104397.0	104607.0	210.0	807.0	500.0
104926.0	105076.0	150.0	778.0	376.0
105215.0	105325.0	110.0	844.0	355.0
105496.0	105676.0	180.0	924.0	483.0
105745.0	105835.0	90.0	902.0	476.0
105879.0	105999.0	120.0	886.0	470.0
106018.0	106188.0	170.0	876.0	458.0
106219.0	106389.0	170.0	778.0	543.0
106576.0	106676.0	100.0	821.0	437.0
106718.0	106828.0	110.0	869.0	418.0
106846.0	106976.0	130.0	824.0	412.0
106998.0	107098.0	100.0	869.0	434.0
107116.0	107376.0	260.0	953.0	466.0
107415.0	107515.0	100.0	909.0	488.0
107537.0	107727.0	190.0	937.0	465.0
107817.0	108047.0	230.0	951.0	421.0
108063.0	108153.0	90.0	946.0	449.0
108216.0	108346.0	130.0	1013.0	480.0
108367.0	108447.0	80.0	1001.0	478.0
108516.0	108726.0	210.0	953.0	538.0
108747.0	108997.0	250.0	949.0	556.0
109093.0	109353.0	260.0	953.0	615.0
109375.0	109555.0	180.0	918.0	486.0
109762.0	109872.0	110.0	1044.0	455.0
109915.0	110115.0	200.0	808.0	544.0
110136.0	110266.0	130.0	886.0	517.0
110282.0	110422.0	140.0	918.0	508.0
110446.0	110526.0	80.0	927.0	524.0
110582.0	110672.0	90.0	905.0	569.0
111282.0	111412.0	130.0	426.0	643.0
111492.0	111652.0	160.0	624.0	595.0
111915.0	112015.0	100.0	1155.0	395.0
112195.0	112425.0	230.0	655.0	657.0
112445.0	112585.0	140.0	718.0	675.0
112714.0	112804.0	90.0	788.0	554.0
112962.0	113242.0	280.0	818.0	610.0
113263.0	113413.0	150.0	838.0	576.0
113434.0	113524.0	90.0	873.0	563.0
113602.0	113812.0	210.0	768.0	566.0
114250.0	114380.0	130.0	1055.0	448.0
114399.0	114619.0	220.0	1022.0	432.0
114639.0	114759.0	120.0	1119.0	400.0
114781.0	115161.0	380.0	1058.0	401.0
115183.0	115533.0	350.0	928.0	439.0
115583.0	115653.0	70.0	1182.0	456.0
115761.0	115911.0	150.0	1134.0	682.0
115930.0	116130.0	200.0	1194.0	731.0
116212.0	116442.0	230.0	929.0	421.0
116463.0	116583.0	120.0	967.0	441.0
116599.0	116709.0	110.0	997.0	464.0
116753.0	117173.0	420.0	1027.0	457.0
117209.0	117729.0	520.0	1085.0	414.0
117798.0	118158.0	360.0	1016.0	527.0
118182.0	118552.0	370.0	1066.0	480.0
118630.0	118810.0	180.0	1098.0	461.0
118927.0	119277.0	350.0	1126.0	449.0
119316.0	119576.0	260.0	1109.0	384.0
119598.0	119658.0	60.0	1133.0	372.0
119677.0	119897.0	220.0	1144.0	381.0
120006.0	120156.0	150.0	617.0	694.0
120170.0	120300.0	130.0	642.0	717.0
120420.0	120550.0	130.0	709.0	689.0
120600.0	120930.0	330.0	826.0	639.0
120950.0	121070.0	120.0	795.0	604.0
121306.0	121466.0	160.0	583.0	523.0
121489.0	121599.0	110.0	649.0	469.0
121670.0	121800.0	130.0	894.0	572.0
121815.0	121905.0	90.0	904.0	581.0
121966.0	122196.0	230.0	1116.0	691.0
122256.0	122976.0	720.0	741.0	639.0
123129.0	123479.0	350.0	733.0	653.0
123494.0	123674.0	180.0	773.0	661.0
123775.0	123965.0	190.0	772.0	664.0
123978.0	124288.0	310.0	708.0	629.0
124346.0	124596.0	250.0	715.0	655.0
124664.0	124864.0	200.0	744.0	653.0
124934.0	125004.0	70.0	754.0	619.0
125048.0	125428.0	380.0	763.0	631.0
125463.0	125673.0	210.0	703.0	625.0
125694.0	126164.0	470.0	745.0	622.0
126283.0	126793.0	510.0	755.0	680.0
126864.0	127214.0	350.0	763.0	569.0
127237.0	127497.0	260.0	783.0	649.0
127512.0	127632.0	120.0	771.0	639.0
128081.0	128191.0	110.0	978.0	498.0
128215.0	128305.0	90.0	946.0	580.0
128345.0	128435.0	90.0	908.0	591.0
128455.0	128575.0	120.0	835.0	529.0
128636.0	128816.0	180.0	848.0	554.0
128925.0	129155.0	230.0	945.0	544.0
129194.0	129444.0	250.0	875.0	530.0
129464.0	129714.0	250.0	938.0	620.0
129725.0	130035.0	310.0	880.0	604.0
130150.0	130490.0	340.0	923.0	625.0
130505.0	131245.0	740.0	867.0	663.0
131302.0	131412.0	110.0	921.0	559.0
131430.0	131590.0	160.0	908.0	502.0
131601.0	131971.0	370.0	891.0	575.0
131994.0	132144.0	150.0	982.0	608.0
132360.0	132480.0	120.0	824.0	598.0
132762.0	132882.0	120.0	1140.0	522.0
132900.0	133040.0	140.0	1049.0	482.0
133060.0	133140.0	80.0	1075.0	449.0
133161.0	133281.0	120.0	1049.0	435.0
133303.0	133443.0	140.0	1025.0	455.0
133460.0	133690.0	230.0	1052.0	523.0
133873.0	133963.0	90.0	571.0	595.0
133981.0	134091.0	110.0	681.0	573.0
134148.0	134238.0	90.0	784.0	545.0
134292.0	134562.0	270.0	901.0	539.0
134579.0	134789.0	210.0	902.0	559.0
134810.0	135210.0	400.0	802.0	588.0
135282.0	135352.0	70.0	780.0	585.0
135420.0	135500.0	80.0	1249.0	516.0
135517.0	135657.0	140.0	1189.0	513.0
135679.0	135749.0	70.0	1162.0	507.0
135822.0	135892.0	70.0	1373.0	616.0
135929.0	136199.0	270.0	1305.0	636.0
136331.0	136561.0	230.0	598.0	618.0
136600.0	136710.0	110.0	539.0	604.0
136727.0	136857.0	130.0	565.0	595.0
136999.0	137089.0	90.0	1246.0	584.0
137149.0	137229.0	80.0	1084.0	561.0
137281.0	138210.0	929.0	991.0	554.0
138228.0	138898.0	670.0	1014.0	547.0
138918.0	139038.0	120.0	1021.0	527.0
139080.0	139230.0	150.0	1038.0	476.0
139369.0	139629.0	260.0	1062.0	486.0
139699.0	139779.0	80.0	1064.0	503.0
140219.0	140289.0	70.0	517.0	470.0
140619.0	140799.0	180.0	701.0	464.0
140899.0	141019.0	120.0	807.0	593.0
141035.0	141135.0	100.0	835.0	607.0
141294.0	141444.0	150.0	900.0	418.0
141465.0	141565.0	100.0	916.0	466.0
141615.0	141695.0	80.0	862.0	558.0
141737.0	141847.0	110.0	889.0	608.0
141868.0	141998.0	130.0	964.0	633.0
142017.0	142177.0	160.0	1011.0	664.0
142198.0	142278.0	80.0	1019.0	645.0
142334.0	142594.0	260.0	1006.0	561.0
142614.0	142694.0	80.0	1045.0	498.0
142717.0	142827.0	110.0	1036.0	524.0
142997.0	143197.0	200.0	910.0	566.0
143247.0	143327.0	80.0	813.0	619.0
143334.0	143454.0	120.0	869.0	653.0
143474.0	143584.0	110.0	954.0	634.0
143667.0	143747.0	80.0	945.0	616.0
143817.0	144157.0	340.0	1013.0	535.0
144245.0	144465.0	220.0	1096.0	342.0
144482.0	144862.0	380.0	1076.0	316.0
144912.0	145262.0	350.0	1028.0	374.0
145736.0	145976.0	240.0	1080.0	534.0
146036.0	146266.0	230.0	802.0	452.0
146280.0	146360.0	80.0	786.0	475.0
146374.0	146504.0	130.0	853.0	496.0
146561.0	146681.0	120.0	874.0	624.0
146835.0	146965.0	130.0	862.0	596.0
146982.0	147092.0	110.0	940.0	581.0
147585.0	147685.0	100.0	859.0	564.0
147704.0	147964.0	260.0	825.0	569.0
148000.0	148080.0	80.0	792.0	583.0
148264.0	148514.0	250.0	1121.0	444.0
148581.0	148651.0	70.0	546.0	718.0
148710.0	148940.0	230.0	629.0	690.0
149151.0	149231.0	80.0	1230.0	638.0
149254.0	149344.0	90.0	1188.0	634.0
149402.0	149482.0	80.0	1285.0	713.0
149579.0	149789.0	210.0	1288.0	500.0
149809.0	149939.0	130.0	1224.0	501.0
149959.0	150059.0	100.0	1173.0	440.0
150309.0	150459.0	150.0	1141.0	461.0
150502.0	150652.0	150.0	1111.0	447.0
150673.0	151163.0	490.0	1179.0	518.0
151181.0	151801.0	620.0	1111.0	520.0
152228.0	152368.0	140.0	519.0	540.0
152420.0	152540.0	120.0	650.0	406.0
152567.0	152817.0	250.0	606.0	471.0
152829.0	153099.0	270.0	637.0	416.0
153120.0	153220.0	100.0	718.0	355.0
153237.0	153547.0	310.0	744.0	475.0
153670.0	153800.0	130.0	1049.0	800.0
154149.0	154229.0	80.0	885.0	532.0
154249.0	154349.0	100.0	896.0	558.0
154401.0	154501.0	100.0	871.0	597.0
154518.0	154628.0	110.0	848.0	615.0
154651.0	154761.0	110.0	820.0	625.0
154779.0	154859.0	80.0	767.0	663.0
155190.0	155330.0	140.0	1359.0	586.0
155390.0	155710.0	320.0	1233.0	514.0
155748.0	156048.0	300.0	1098.0	589.0
156065.0	156155.0	90.0	1040.0	602.0
156180.0	156260.0	80.0	993.0	608.0
156426.0	156556.0	130.0	835.0	617.0
156579.0	156699.0	120.0	839.0	600.0
156715.0	156955.0	240.0	849.0	592.0
156976.0	157096.0	120.0	852.0	606.0
157119.0	157209.0	90.0	849.0	623.0
157229.0	157539.0	310.0	862.0	641.0
157557.0	157627.0	70.0	868.0	540.0
157665.0	157945.0	280.0	866.0	533.0
157965.0	158045.0	80.0	936.0	551.0
158065.0	158345.0	280.0	919.0	555.0
158368.0	158598.0	230.0	921.0	541.0
158636.0	158746.0	110.0	895.0	542.0
158895.0	159015.0	120.0	712.0	552.0
159196.0	159296.0	100.0	1185.0	640.0
159375.0	159445.0	70.0	1211.0	633.0
159468.0	159578.0	110.0	1184.0	625.0
159914.0	160134.0	220.0	1103.0	459.0
160197.0	160347.0	150.0	1096.0	472.0
160447.0	160677.0	230.0	584.0	607.0
160746.0	160956.0	210.0	671.0	578.0
161047.0	161777.0	730.0	1196.0	473.0
161862.0	162162.0	300.0	394.0	605.0
162234.0	162524.0	290.0	1219.0	704.0
162542.0	163272.0	730.0	1183.0	717.0
163294.0	163794.0	500.0	1206.0	645.0
163815.0	163985.0	170.0	1225.0	634.0
164212.0	164482.0	270.0	438.0	632.0
164595.0	164745.0	150.0	1245.0	578.0
164802.0	165022.0	220.0	1185.0	542.0
165101.0	165181.0	80.0	1149.0	557.0
165200.0	165290.0	90.0	1128.0	554.0
165331.0	165961.0	630.0	1111.0	561.0
166003.0	166563.0	560.0	1123.0	526.0
166579.0	166709.0	130.0	1146.0	524.0
167300.0	167560.0	260.0	763.0	471.0
167580.0	167960.0	380.0	814.0	516.0
167983.0	168083.0	100.0	859.0	467.0
168230.0	168360.0	130.0	955.0	454.0
168378.0	168538.0	160.0	959.0	501.0
168561.0	168631.0	70.0	986.0	512.0
168652.0	168852.0	200.0	902.0	537.0
168961.0	169101.0	140.0	922.0	582.0
169199.0	169349.0	150.0	887.0	601.0
169370.0	169480.0	110.0	831.0	606.0
169552.0	169632.0	80.0	817.0	537.0
169648.0	169878.0	230.0	831.0	536.0
169901.0	170011.0	110.0	850.0	516.0
170047.0	170287.0	240.0	799.0	552.0
170407.0	170577.0	170.0	769.0	461.0
170687.0	170967.0	280.0	810.0	556.0
171098.0	171188.0	90.0	842.0	482.0
171251.0	171431.0	180.0	815.0	530.0
171519.0	171739.0	220.0	799.0	510.0
171909.0	172279.0	370.0	966.0	590.0
172319.0	172689.0	370.0	951.0	609.0
172728.0	172898.0	170.0	976.0	600.0
172998.0	173318.0	320.0	1023.0	546.0
173346.0	173596.0	250.0	892.0	523.0
173670.0	173930.0	260.0	867.0	558.0
173945.0	174195.0	250.0	864.0	572.0
174549.0	174649.0	100.0	1421.0	486.0
174686.0	174776.0	90.0	1290.0	483.0
174965.0	175095.0	130.0	1069.0	566.0
175117.0	175187.0	70.0	1011.0	574.0
175244.0	175414.0	170.0	975.0	584.0
175588.0	175718.0	130.0	916.0	640.0
175815.0	175965.0	150.0	909.0	595.0
175984.0	176064.0	80.0	898.0	576.0
176088.0	176198.0	110.0	889.0	572.0
176304.0	176514.0	210.0	1335.0	488.0
176534.0	176614.0	80.0	1153.0	449.0
176798.0	177048.0	250.0	762.0	659.0
177093.0	177713.0	620.0	857.0	622.0
177735.0	178025.0	290.0	759.0	625.0
178314.0	178444.0	130.0	1273.0	433.0
178482.0	178592.0	110.0	1482.0	349.0
178843.0	178943.0	100.0	557.0	693.0
178997.0	179197.0	200.0	613.0	684.0
179212.0	179522.0	310.0	631.0	678.0
179676.0	179896.0	220.0	1364.0	309.0
180053.0	180173.0	120.0	1387.0	366.0
180196.0	180366.0	170.0	1353.0	384.0
180465.0	180585.0	120.0	1323.0	408.0
180606.0	180716.0	110.0	1267.0	440.0
180732.0	180982.0	250.0	1151.0	486.0
181030.0	181260.0	230.0	1079.0	554.0
181285.0	181675.0	390.0	1060.0	579.0
181733.0	181903.0	170.0	1045.0	552.0
181985.0	182425.0	440.0	1069.0	511.0
182450.0	182530.0	80.0	983.0	497.0
182553.0	182943.0	390.0	1008.0	495.0
182963.0	183173.0	210.0	1034.0	491.0
183232.0	183312.0	80.0	1043.0	482.0
183334.0	183464.0	130.0	1049.0	583.0
183634.0	183744.0	110.0	1077.0	508.0
183784.0	183874.0	90.0	1092.0	474.0
183952.0	184142.0	190.0	1128.0	431.0
184183.0	184283.0	100.0	1152.0	412.0
184473.0	184563.0	90.0	647.0	691.0
184583.0	184693.0	110.0	713.0	684.0
184730.0	184900.0	170.0	700.0	702.0
184923.0	184993.0	70.0	780.0	673.0
185029.0	185159.0	130.0	781.0	660.0
185183.0	185473.0	290.0	757.0	643.0
185599.0	185809.0	210.0	1164.0	686.0
185932.0	186022.0	90.0	1104.0	699.0
186132.0	186232.0	100.0	1096.0	546.0
186271.0	186441.0	170.0	1112.0	461.0
186550.0	186830.0	280.0	1069.0	389.0
186872.0	187052.0	180.0	822.0	421.0
187118.0	187378.0	260.0	738.0	446.0
187397.0	187497.0	100.0	710.0	451.0
187542.0	187632.0	90.0	946.0	531.0
187761.0	187881.0	120.0	1291.0	555.0
188367.0	188497.0	130.0	1018.0	439.0
188661.0	188861.0	200.0	606.0	628.0
188897.0	189007.0	110.0	652.0	642.0
189320.0	189430.0	110.0	1348.0	522.0
189580.0	189700.0	120.0	1045.0	438.0
189715.0	189915.0	200.0	1065.0	433.0
189957.0	190197.0	240.0	1422.0	490.0
190330.0	190560.0	230.0	1334.0	479.0
190580.0	190680.0	100.0	1328.0	455.0
190697.0	190827.0	130.0	1320.0	440.0
190966.0	191146.0	180.0	1037.0	503.0
191177.0	191387.0	210.0	1229.0	552.0
191515.0	192175.0	660.0	1038.0	447.0
192239.0	192669.0	430.0	1075.0	475.0
192688.0	192768.0	80.0	1085.0	417.0
192785.0	192895.0	110.0	1106.0	398.0
192917.0	193027.0	110.0	1124.0	386.0
193148.0	193318.0	170.0	551.0	682.0
193334.0	193444.0	110.0	648.0	707.0
193887.0	194067.0	180.0	679.0	626.0
194163.0	194273.0	110.0	746.0	614.0
194293.0	194423.0	130.0	771.0	608.0
194583.0	194673.0	90.0	814.0	591.0
194845.0	194965.0	120.0	1316.0	543.0
195014.0	195174.0	160.0	1208.0	358.0
195243.0	195543.0	300.0	972.0	558.0
195677.0	195777.0	100.0	750.0	591.0
195814.0	195914.0	100.0	860.0	568.0
195933.0	196043.0	110.0	879.0	573.0
196087.0	196597.0	510.0	922.0	584.0
196613.0	197782.0	1169.0	943.0	582.0
197806.0	198735.0	929.0	929.0	563.0
198801.0	199131.0	330.0	891.0	424.0
199205.0	199595.0	390.0	905.0	576.0
199615.0	199835.0	220.0	901.0	590.0
199884.0	199994.0	110.0	888.0	594.0
200014.0	200414.0	400.0	870.0	585.0
200463.0	200813.0	350.0	864.0	595.0
200834.0	201334.0	500.0	883.0	596.0
201429.0	201629.0	200.0	1361.0	597.0
201798.0	201978.0	180.0	1304.0	667.0
202003.0	202143.0	140.0	1315.0	600.0
202179.0	202359.0	180.0	1528.0	664.0
202380.0	202530.0	150.0	1514.0	688.0
202602.0	202872.0	270.0	1838.0	610.0
202962.0	203032.0	70.0	1769.0	518.0
203068.0	203168.0	100.0	1799.0	509.0
203278.0	203438.0	160.0	787.0	694.0
203479.0	203579.0	100.0	811.0	670.0
203598.0	203858.0	260.0	802.0	666.0
203877.0	203997.0	120.0	817.0	658.0
204020.0	204160.0	140.0	829.0	652.0
204331.0	204551.0	220.0	1297.0	403.0
204567.0	204677.0	110.0	1308.0	386.0
204779.0	204879.0	100.0	1484.0	306.0
205150.0	205310.0	160.0	1401.0	475.0
205401.0	205561.0	160.0	1451.0	615.0
205687.0	205777.0	90.0	798.0	671.0
205821.0	205971.0	150.0	743.0	674.0
205987.0	206367.0	380.0	812.0	643.0
206401.0	206651.0	250.0	696.0	675.0
206667.0	206867.0	200.0	574.0	711.0
206970.0	207210.0	240.0	1261.0	577.0
207226.0	207476.0	250.0	1246.0	561.0
207576.0	207736.0	160.0	1232.0	501.0
207826.0	208046.0	220.0	1364.0	346.0
208066.0	208136.0	70.0	1327.0	281.0
208179.0	208509.0	330.0	1272.0	282.0
208528.0	208598.0	70.0	1334.0	291.0
208769.0	208849.0	80.0	1307.0	312.0
208939.0	209169.0	230.0	1505.0	446.0
209186.0	209276.0	90.0	1506.0	458.0
209329.0	209529.0	200.0	1333.0	466.0
209618.0	209888.0	270.0	1259.0	502.0
209899.0	210149.0	250.0	1239.0	395.0
210247.0	210437.0	190.0	1552.0	453.0
210566.0	210696.0	130.0	1366.0	690.0
210855.0	211065.0	210.0	1271.0	809.0
211085.0	211185.0	100.0	1257.0	833.0
211245.0	211475.0	230.0	1180.0	642.0
211595.0	211765.0	170.0	940.0	451.0
211837.0	211987.0	150.0	959.0	375.0
212167.0	212267.0	100.0	1246.0	466.0
212285.0	212455.0	170.0	1244.0	348.0
212745.0	212865.0	120.0	1322.0	422.0
212875.0	213165.0	290.0	1255.0	464.0
213292.0	213532.0	240.0	1248.0	471.0
213754.0	213854.0	100.0	524.0	743.0
213992.0	214242.0	250.0	504.0	722.0
214286.0	214376.0	90.0	581.0	686.0
214386.0	214516.0	130.0	523.0	693.0
214531.0	214701.0	170.0	525.0	683.0
214782.0	214932.0	150.0	1311.0	617.0
215211.0	215531.0	320.0	1400.0	306.0
215655.0	215845.0	190.0	1212.0	331.0
215934.0	216294.0	360.0	1189.0	440.0
216315.0	216425.0	110.0	1092.0	395.0
216461.0	216541.0	80.0	1129.0	390.0
216900.0	217110.0	210.0	713.0	751.0
217154.0	217314.0	160.0	674.0	749.0
217334.0	217494.0	160.0	655.0	750.0
217784.0	217884.0	100.0	1231.0	390.0
217901.0	218341.0	440.0	1174.0	395.0
218364.0	218784.0	420.0	1116.0	392.0
219133.0	219223.0	90.0	595.0	816.0
219300.0	219380.0	80.0	604.0	802.0
219700.0	219810.0	110.0	1223.0	355.0
219831.0	220171.0	340.0	1164.0	391.0
220193.0	220393.0	200.0	1228.0	439.0
220408.0	220558.0	150.0	1150.0	389.0
220579.0	220679.0	100.0	1161.0	402.0
220702.0	220792.0	90.0	1167.0	414.0
220828.0	220948.0	120.0	1139.0	390.0
220972.0	221292.0	320.0	1154.0	385.0
221459.0	221529.0	70.0	697.0	714.0
221581.0	221651.0	70.0	744.0	680.0
221668.0	221908.0	240.0	732.0	697.0
221929.0	222189.0	260.0	692.0	716.0
222267.0	222447.0	180.0	660.0	724.0
222470.0	222750.0	280.0	637.0	732.0
222997.0	223077.0	80.0	1347.0	291.0
223119.0	223389.0	270.0	1282.0	303.0
223517.0	223607.0	90.0	1218.0	477.0
223696.0	223776.0	80.0	1165.0	514.0
223800.0	223870.0	70.0	1145.0	510.0
223928.0	224058.0	130.0	1267.0	476.0
224080.0	224170.0	90.0	1211.0	474.0
224418.0	224608.0	190.0	1004.0	643.0
224819.0	224959.0	140.0	891.0	703.0
225045.0	225225.0	180.0	730.0	494.0
225305.0	225425.0	120.0	818.0	437.0
225495.0	225675.0	180.0	1052.0	377.0
225748.0	226338.0	590.0	1094.0	375.0
226376.0	226546.0	170.0	1151.0	351.0
226734.0	226824.0	90.0	594.0	715.0
226869.0	226979.0	110.0	596.0	766.0
226995.0	227565.0	570.0	615.0	745.0
227584.0	227724.0	140.0	630.0	723.0
227743.0	227923.0	180.0	710.0	690.0
228163.0	228243.0	80.0	1349.0	421.0
228288.0	228398.0	110.0	1308.0	412.0
228414.0	228524.0	110.0	1268.0	416.0
228964.0	229244.0	280.0	1212.0	431.0
229263.0	230053.0	790.0	1180.0	420.0
230067.0	230417.0	350.0	1117.0	447.0
230492.0	231122.0	630.0	1179.0	396.0
231186.0	231416.0	230.0	1217.0	421.0
231586.0	231836.0	250.0	764.0	644.0
231853.0	232263.0	410.0	744.0	618.0
232291.0	232461.0	170.0	884.0	591.0
232734.0	232894.0	160.0	583.0	453.0
232965.0	233055.0	90.0	654.0	402.0
233110.0	233510.0	400.0	901.0	505.0
233550.0	233660.0	110.0	929.0	574.0
233815.0	234205.0	390.0	883.0	561.0
234564.0	234714.0	150.0	1116.0	586.0
234730.0	234840.0	110.0	1071.0	573.0
234861.0	235431.0	570.0	1037.0	554.0
235454.0	235614.0	160.0	1012.0	587.0
235829.0	235979.0	150.0	912.0	614.0
236003.0	236443.0	440.0	897.0	601.0
236460.0	236680.0	220.0	900.0	625.0
236698.0	236778.0	80.0	894.0	611.0
236822.0	236912.0	90.0	883.0	484.0
236972.0	237072.0	100.0	871.0	497.0
237078.0	237228.0	150.0	836.0	562.0
237249.0	237359.0	110.0	849.0	579.0
237419.0	237509.0	90.0	920.0	580.0
237568.0	237648.0	80.0	833.0	592.0
237671.0	237931.0	260.0	807.0	596.0
237992.0	238102.0	110.0	966.0	548.0
238232.0	238372.0	140.0	990.0	485.0
238378.0	238458.0	80.0	1018.0	471.0
238751.0	238831.0	80.0	1255.0	588.0
238959.0	239069.0	110.0	1316.0	597.0
239317.0	239407.0	90.0	649.0	564.0
239451.0	239541.0	90.0	719.0	532.0
239720.0	239900.0	180.0	660.0	531.0
239988.0	240098.0	110.0	1342.0	730.0
240271.0	240381.0	110.0	1299.0	712.0
240399.0	240529.0	130.0	1309.0	711.0
240688.0	240768.0	80.0	407.0	520.0
240829.0	241219.0	390.0	591.0	498.0
241440.0	241560.0	120.0	1282.0	695.0
241579.0	241699.0	120.0	1273.0	717.0
241720.0	241930.0	210.0	1284.0	694.0
241970.0	242080.0	110.0	1329.0	670.0
242117.0	242367.0	250.0	1354.0	668.0
242390.0	242540.0	150.0	1478.0	680.0
242905.0	243135.0	230.0	706.0	482.0
243219.0	243429.0	210.0	788.0	503.0
243469.0	243559.0	90.0	880.0	504.0
243599.0	243799.0	200.0	937.0	552.0
243865.0	243945.0	80.0	926.0	592.0
243997.0	244127.0	130.0	1022.0	710.0
244149.0	244339.0	190.0	1013.0	653.0
244417.0	244577.0	160.0	940.0	580.0
244718.0	244848.0	130.0	925.0	569.0
245163.0	245253.0	90.0	1174.0	503.0
245315.0	245395.0	80.0	1094.0	486.0
245595.0	245765.0	170.0	1048.0	514.0
245883.0	245993.0	110.0	981.0	517.0
246014.0	246194.0	180.0	1013.0	514.0
246217.0	246377.0	160.0	1108.0	526.0
246397.0	246507.0	110.0	1103.0	545.0
246567.0	246677.0	110.0	961.0	536.0
246693.0	246793.0	100.0	893.0	538.0
246837.0	247127.0	290.0	755.0	558.0
247147.0	247647.0	500.0	819.0	593.0
247663.0	247773.0	110.0	847.0	585.0
247817.0	247947.0	130.0	833.0	591.0
247964.0	248084.0	120.0	819.0	604.0
248123.0	248343.0	220.0	727.0	615.0
248515.0	248625.0	110.0	637.0	631.0
248726.0	248896.0	170.0	1256.0	505.0
248932.0	249002.0	70.0	1467.0	433.0
249016.0	249176.0	160.0	1408.0	462.0
249362.0	249442.0	80.0	1623.0	484.0
249506.0	249596.0	90.0	1571.0	514.0
249773.0	249883.0	110.0	1339.0	453.0
249905.0	250035.0	130.0	1372.0	434.0
250111.0	250291.0	180.0	1755.0	587.0
250475.0	250615.0	140.0	580.0	659.0
250735.0	250845.0	110.0	664.0	635.0
250893.0	251113.0	220.0	573.0	651.0
251414.0	251534.0	120.0	1335.0	461.0
251551.0	251661.0	110.0	1283.0	440.0
251704.0	252264.0	560.0	1166.0	476.0
252400.0	252560.0	160.0	1135.0	438.0
252660.0	252790.0	130.0	1141.0	401.0
252814.0	253094.0	280.0	1157.0	391.0
253122.0	253342.0	220.0	1044.0	506.0
253361.0	253511.0	150.0	1062.0	497.0
253783.0	254053.0	270.0	1271.0	544.0
254069.0	254189.0	120.0	1237.0	535.0
254249.0	254339.0	90.0	1207.0	528.0
254383.0	254653.0	270.0	1172.0	503.0
254673.0	254883.0	210.0	1137.0	452.0
254922.0	255312.0	390.0	1159.0	425.0
255899.0	256369.0	470.0	807.0	448.0
256401.0	256711.0	310.0	881.0	589.0
256750.0	256860.0	110.0	935.0	632.0
256941.0	257261.0	320.0	959.0	548.0
257281.0	257491.0	210.0	985.0	533.0
257531.0	257711.0	180.0	938.0	790.0
257731.0	257981.0	250.0	857.0	720.0
258031.0	258201.0	170.0	941.0	517.0
258280.0	258530.0	250.0	1007.0	555.0
258578.0	258708.0	130.0	1041.0	584.0
258726.0	258806.0	80.0	1037.0	461.0
258947.0	259107.0	160.0	1074.0	490.0
259126.0	259276.0	150.0	995.0	496.0
259369.0	259549.0	180.0	949.0	526.0
259567.0	259677.0	110.0	1004.0	554.0
259696.0	259796.0	100.0	1037.0	573.0
259847.0	259917.0	70.0	1097.0	581.0
259929.0	260059.0	130.0	1135.0	590.0
260096.0	260246.0	150.0	1081.0	542.0
260406.0	260596.0	190.0	884.0	600.0
260669.0	261029.0	360.0	863.0	580.0
261055.0	261185.0	130.0	811.0	487.0
261248.0	261418.0	170.0	822.0	498.0
261666.0	261876.0	210.0	774.0	567.0
261997.0	262167.0	170.0	1167.0	500.0
262268.0	262448.0	180.0	974.0	545.0
262488.0	262598.0	110.0	916.0	581.0
262618.0	262728.0	110.0	901.0	592.0
262768.0	262878.0	110.0	852.0	608.0
262894.0	262974.0	80.0	863.0	607.0
263048.0	263148.0	100.0	822.0	649.0
263185.0	263255.0	70.0	848.0	657.0
263338.0	263448.0	110.0	893.0	548.0
263487.0	263597.0	110.0	912.0	568.0
263615.0	263745.0	130.0	984.0	535.0
263763.0	263913.0	150.0	997.0	550.0
263932.0	264132.0	200.0	1021.0	481.0
264247.0	264337.0	90.0	936.0	204.0
264604.0	264704.0	100.0	937.0	109.0
265037.0	265177.0	140.0	947.0	247.0
265376.0	265516.0	140.0	1011.0	212.0
265736.0	265866.0	130.0	1049.0	193.0
265912.0	266142.0	230.0	1039.0	165.0
267081.0	267161.0	80.0	863.0	152.0
267354.0	267444.0	90.0	891.0	159.0
267480.0	267590.0	110.0	868.0	174.0
267782.0	267852.0	70.0	903.0	165.0
267870.0	267980.0	110.0	877.0	193.0
268003.0	268133.0	130.0	851.0	207.0
268431.0	268581.0	150.0	860.0	215.0
268600.0	268830.0	230.0	878.0	207.0
268851.0	269091.0	240.0	908.0	198.0
269130.0	269370.0	240.0	887.0	203.0
269451.0	269531.0	80.0	831.0	261.0
