Event Start Trial Time [ms]	Event End Trial Time [ms]	Event Duration [ms]	Visual Intake Position X [px]	Visual Intake Position Y [px]
0.0	175.0	175	866.0	524.0
280.0	560.0	280	862.0	518.0
1459.0	1529.0	70	784.0	449.0
1549.0	1649.0	100	892.0	430.0
1669.0	1789.0	120	849.0	425.0
1809.0	1919.0	110	864.0	454.0
2069.0	2359.0	290	878.0	505.0
2409.0	3139.0	730	877.0	506.0
3178.0	3358.0	180	891.0	524.0
3458.0	3618.0	160	921.0	550.0
3628.0	3758.0	130	896.0	576.0
3858.0	4288.0	430	945.0	493.0
4308.0	4428.0	120	905.0	513.0
4447.0	4537.0	90	898.0	526.0
4557.0	4687.0	130	863.0	536.0
4707.0	4937.0	230	837.0	550.0
5037.0	5127.0	90	878.0	573.0
5177.0	5277.0	100	850.0	534.0
5297.0	5407.0	110	856.0	570.0
5427.0	5777.0	350	846.0	648.0
5867.0	5977.0	110	1090.0	550.0
5997.0	6107.0	110	1054.0	525.0
6146.0	6406.0	260	1012.0	510.0
6466.0	6556.0	90	779.0	655.0
6576.0	6706.0	130	854.0	593.0
6726.0	6986.0	260	933.0	526.0
7026.0	7266.0	240	966.0	529.0
7326.0	7556.0	230	919.0	473.0
7596.0	8236.0	640	910.0	445.0
8275.0	8365.0	90	914.0	434.0
8425.0	8795.0	370	913.0	416.0
8865.0	9275.0	410	922.0	447.0
9295.0	9655.0	360	912.0	474.0
9724.0	10124.0	400	907.0	507.0
10144.0	10244.0	100	900.0	497.0
10324.0	10524.0	200	927.0	502.0
10564.0	12073.0	1509	915.0	498.0
12093.0	12193.0	100	888.0	472.0
12263.0	12623.0	360	871.0	444.0
12643.0	13303.0	660	846.0	454.0
13382.0	13452.0	70	843.0	481.0
13492.0	13642.0	150	887.0	464.0
13662.0	13762.0	100	911.0	413.0
13782.0	13972.0	190	895.0	405.0
14022.0	14162.0	140	883.0	678.0
14182.0	14312.0	130	892.0	645.0
14332.0	14642.0	310	894.0	580.0
14741.0	15561.0	820	897.0	520.0
15581.0	15691.0	110	869.0	487.0
15711.0	15821.0	110	852.0	481.0
15861.0	15971.0	110	831.0	473.0
16800.0	16920.0	120	595.0	275.0
16980.0	17180.0	200	765.0	351.0
17240.0	17360.0	120	859.0	399.0
17380.0	17600.0	220	888.0	404.0
17610.0	17790.0	180	893.0	368.0
17850.0	18510.0	660	881.0	342.0
18529.0	18659.0	130	882.0	344.0
18689.0	19159.0	470	887.0	329.0
19199.0	19549.0	350	900.0	330.0
19938.0	20008.0	70	689.0	435.0
20028.0	20158.0	130	806.0	419.0
20178.0	20288.0	110	858.0	440.0
20308.0	20808.0	500	895.0	457.0
20848.0	24006.0	3158	929.0	434.0
24026.0	24146.0	120	939.0	454.0
24196.0	24956.0	760	937.0	429.0
25016.0	25196.0	180	939.0	451.0
29083.0	29163.0	80	1049.0	697.0
29183.0	29553.0	370	914.0	603.0
29593.0	29713.0	120	843.0	579.0
29733.0	29973.0	240	830.0	569.0
30143.0	30673.0	530	843.0	505.0
30732.0	33051.0	2319	856.0	488.0
33401.0	33491.0	90	592.0	485.0
33511.0	33641.0	130	658.0	476.0
33691.0	33791.0	100	787.0	457.0
33810.0	33920.0	110	851.0	482.0
33940.0	34050.0	110	874.0	492.0
34090.0	34210.0	120	883.0	508.0
34230.0	34320.0	90	890.0	523.0
34400.0	34480.0	80	902.0	526.0
34500.0	34610.0	110	894.0	483.0
34760.0	34870.0	110	898.0	385.0
34910.0	35030.0	120	918.0	373.0
35110.0	35240.0	130	921.0	367.0
35330.0	35460.0	130	914.0	352.0
35499.0	36309.0	810	925.0	310.0
36529.0	37089.0	560	987.0	163.0
37129.0	37379.0	250	974.0	203.0
37398.0	38337.0	939	997.0	182.0
38378.0	38628.0	250	1024.0	149.0
38678.0	38778.0	100	888.0	435.0
38798.0	38998.0	200	870.0	495.0
39077.0	39617.0	540	856.0	499.0
39897.0	40307.0	410	983.0	422.0
40367.0	40597.0	230	910.0	461.0
40617.0	41127.0	510	916.0	470.0
41166.0	41536.0	370	966.0	459.0
41576.0	48482.0	6906	962.0	446.0
48712.0	48972.0	260	829.0	567.0
49012.0	49262.0	250	845.0	556.0
49311.0	49391.0	80	853.0	534.0
49411.0	49671.0	260	894.0	456.0
49711.0	49891.0	180	916.0	402.0
49981.0	50081.0	100	896.0	460.0
50131.0	50221.0	90	1052.0	662.0
50241.0	50371.0	130	967.0	696.0
50391.0	50511.0	120	963.0	715.0
50531.0	50701.0	170	946.0	673.0
50811.0	50911.0	100	1245.0	439.0
50931.0	51071.0	140	1125.0	440.0
51090.0	51280.0	190	1101.0	455.0
51660.0	51860.0	200	845.0	579.0
51930.0	52180.0	250	858.0	519.0
52200.0	52460.0	260	840.0	515.0
52480.0	52610.0	130	855.0	504.0
52660.0	52880.0	220	863.0	498.0
52929.0	53579.0	650	878.0	503.0
53599.0	53989.0	390	883.0	488.0
54009.0	54109.0	100	898.0	482.0
54129.0	54459.0	330	908.0	495.0
54528.0	54828.0	300	900.0	496.0
54848.0	55338.0	490	873.0	495.0
55378.0	55758.0	380	884.0	515.0
55778.0	57577.0	1799	881.0	505.0
57617.0	57847.0	230	871.0	499.0
57866.0	58126.0	260	867.0	482.0
58146.0	58396.0	250	853.0	476.0
58416.0	58676.0	260	840.0	525.0
58716.0	58806.0	90	870.0	554.0
58826.0	59226.0	400	872.0	570.0
59296.0	59486.0	190	608.0	329.0
59546.0	59676.0	130	710.0	401.0
59845.0	59935.0	90	799.0	445.0
59975.0	60205.0	230	828.0	469.0
60245.0	60505.0	260	956.0	520.0
60525.0	60605.0	80	1057.0	582.0
60645.0	60755.0	110	924.0	617.0
60825.0	61045.0	220	883.0	627.0
61065.0	61145.0	80	908.0	615.0
61165.0	61325.0	160	825.0	620.0
61474.0	61744.0	270	827.0	621.0
61794.0	61944.0	150	868.0	599.0
61964.0	62074.0	110	857.0	582.0
62094.0	62274.0	180	879.0	574.0
62314.0	62644.0	330	878.0	549.0
62714.0	62804.0	90	859.0	570.0
62844.0	63024.0	180	891.0	575.0
63044.0	63494.0	450	915.0	560.0
63513.0	63623.0	110	914.0	519.0
63643.0	63773.0	130	901.0	491.0
63813.0	64063.0	250	868.0	487.0
64083.0	64303.0	220	848.0	486.0
64343.0	64583.0	240	863.0	465.0
64643.0	65193.0	550	852.0	436.0
65212.0	65302.0	90	841.0	437.0
67351.0	67471.0	120	1437.0	664.0
67511.0	67621.0	110	1480.0	642.0
67801.0	67871.0	70	1432.0	713.0
67881.0	67991.0	110	1452.0	705.0
