,action_change_index_ogd,action,start_time,end_time,action_numbers,change,start_time_action,end_time_action
0,0,Cap Off,850.0,950.0,0,,0.0,4787.0
1,32,Apply Tip,4787.0,4887.0,1,1.0,4787.0,13232.000000000002
2,109,Setting Units,13232.000000000002,13302.0,2,1.0,13232.000000000002,15981.0
3,133,Priming,15981.0,16081.0,3,1.0,15981.0,20438.0
4,173,Setting Units,20438.0,20508.000000000004,2,-1.0,20438.0,21697.0
5,182,Priming,21697.0,21796.999999999996,3,1.0,21697.0,29623.0
6,246,Setting Units,29623.0,29723.000000000004,2,-1.0,29623.0,32801.0
7,274,Injection,32801.0,32900.99999999999,4,2.0,32801.0,53379.0
8,455,Remove Tip,53379.0,53479.0,5,1.0,53379.0,61235.0
9,522,Cap On,61235.0,61335.0,6,1.0,61235.0,69200.0
