,action_change_index_ogd,action,start_time,end_time,action_numbers,change,start_time_action,end_time_action
0,0,Cap Off,1669.0,1769.0000000000002,0,,0.0,5867.000000000001
1,33,Apply Tip,5867.000000000001,5967.000000000001,1,1.0,5867.000000000001,14022.0
2,108,Setting Units,14022.0,14122.0,2,1.0,14022.0,16800.0
3,125,Priming,16800.0,16900.0,3,1.0,16800.0,29083.000000000004
4,201,Setting Units,29083.000000000004,29163.0,2,-1.0,29083.000000000004,33400.99999999999
5,238,Injection,33400.99999999999,33491.0,4,2.0,33400.99999999999,36529.0
6,259,Setting Units,36529.0,36629.0,2,-2.0,36529.0,38378.0
7,277,Injection,38378.0,38478.0,4,2.0,38378.0,50131.0
8,386,Remove Tip,50131.0,50221.0,5,1.0,50131.0,59296.00000000001
9,468,Cap On,59296.00000000001,59396.0,6,1.0,59296.00000000001,67991.0
