event_type	start_time	end_time	duration	saccade_amplitude
Saccade	35	65	30	
Fixation	65	185	120	
Fixation	265	465	200	
Fixation	535	665	130	
Saccade	665	685	20	7.38
Fixation	685	775	90	
Fixation	795	1044	250	
Fixation	1084	1304	220	
Fixation	1344	1474	130	
Fixation	1494	1704	210	
Fixation	1784	1964	180	
Fixation	1984	2194	210	
Fixation	2234	2344	110	
Fixation	2364	2793	430	
Fixation	2813	2923	110	
Fixation	3063	3313	250	
Fixation	3353	3463	110	
Fixation	3483	3593	110	
Fixation	3653	3733	80	
Fixation	3753	4123	370	
Fixation	4163	4562	400	
Fixation	4582	4812	230	
Saccade	4862	4902	40	
Fixation	4902	5092	190	
Fixation	5132	5382	250	
Fixation	5402	5512	110	
Fixation	5532	5832	300	
Fixation	5852	6061	210	
Saccade	6081	6111	30	
Fixation	6111	6381	270	
Fixation	6401	6511	110	
Fixation	6531	6761	230	
Fixation	6781	7271	490	
Fixation	7351	8690	1339	
Fixation	8710	8830	120	
Fixation	8850	9090	240	
Fixation	9130	9280	150	
Fixation	9300	10759	1459	
Fixation	10779	11029	250	
Fixation	11069	11958	890	
Saccade	11958	11978	20	
Fixation	12048	12278	230	
Fixation	12298	12408	110	
Fixation	12428	12538	110	
Fixation	12578	12957	380	
Fixation	13017	13087	70	
Fixation	13127	13237	110	
Fixation	13297	13397	100	
Saccade	13397	13417	20	4.17
Fixation	13417	13507	90	
Fixation	13527	13657	130	
Fixation	13677	13807	130	
Fixation	13827	13927	100	
Fixation	13947	14077	130	
Fixation	14097	14207	110	
Fixation	14227	14477	250	
Fixation	14527	14796	270	
Fixation	14836	15876	1039	
Saccade	15876	15906	30	
Saccade	15986	16006	20	
Saccade	16046	16076	30	
Fixation	16096	16276	180	
Fixation	16365	16475	110	
Fixation	16495	16615	120	
Fixation	16635	16865	230	
Fixation	16885	17045	160	
Fixation	17065	17705	640	
Fixation	17795	19404	1609	
Saccade	19404	19444	40	13.59
Fixation	19444	19574	130	
Saccade	19574	19594	20	
Saccade	19634	19654	20	
Fixation	19654	19853	200	
Fixation	19893	20103	210	
Saccade	20103	20163	60	
Saccade	20213	20263	50	
Saccade	20303	20343	40	
Saccade	20373	20393	20	
Fixation	20393	20543	150	
Fixation	20563	21792	1229	
Fixation	21812	22622	810	
Fixation	22662	23821	1159	
Saccade	23821	23841	20	
Saccade	23861	23881	20	
Fixation	23881	23981	100	
Saccade	23981	24011	30	
Fixation	24031	24201	170	
Saccade	24201	24221	20	5.54
Fixation	24221	25690	1469	
Saccade	25760	25850	90	
Saccade	25870	25900	30	
Fixation	25900	26400	500	
Saccade	26400	26440	40	1.19
Fixation	26440	27859	1419	
Fixation	28019	28199	180	
Saccade	28199	28229	30	
Saccade	28448	28468	20	
Saccade	28518	28538	20	
Fixation	28728	28828	100	
Fixation	28868	28978	110	
Fixation	28998	29508	510	
Fixation	29548	30357	810	
Fixation	30377	31876	1499	
Fixation	31896	32426	530	
Fixation	32446	32576	130	
Fixation	32596	32716	120	
Saccade	32736	32766	30	
Saccade	32916	32976	60	
Saccade	33076	33096	20	
Fixation	33136	33236	100	
Saccade	33296	33316	20	
Fixation	33316	33425	110	
Fixation	33495	33565	70	
Fixation	33585	33725	140	
Fixation	33745	34265	520	
Fixation	34395	34625	230	
Fixation	34645	34795	150	
Fixation	34815	34965	150	
Fixation	35045	35314	270	
Fixation	35334	35464	130	
Fixation	35634	35714	80	
Fixation	35734	35854	120	
Fixation	35894	35994	100	
Fixation	36034	36144	110	
Fixation	36184	36254	70	
Saccade	36254	36274	20	
Fixation	36334	36524	190	
Fixation	36614	36824	210	
Fixation	36864	37113	250	
Fixation	37153	37293	140	
Fixation	37313	37523	210	
Fixation	37563	38093	530	
Fixation	38153	39212	1059	
Fixation	39252	39432	180	
Fixation	39532	41421	1889	
Saccade	41421	41511	90	16.21
Fixation	41511	41881	370	
Fixation	41901	42090	190	
Saccade	42090	42150	60	14.43
Fixation	42150	42290	140	
Fixation	42310	42460	150	
Fixation	42480	42590	110	
Fixation	42610	42710	100	
Fixation	42730	43010	280	
Fixation	43030	43240	210	
Fixation	43320	44789	1469	
Fixation	44869	47697	2828	
Fixation	47797	47957	160	
Fixation	48047	48287	240	
Fixation	48327	48427	100	
Fixation	48487	50256	1769	
Saccade	50256	50296	40	
Saccade	50366	50386	20	
Fixation	50386	50585	200	
Saccade	50585	50605	20	
Saccade	50615	50625	10	
Fixation	50625	50755	130	
Fixation	50795	50865	70	
Fixation	50885	50965	80	
Fixation	51045	51245	200	
Fixation	51295	51425	130	
Fixation	51445	51545	100	
Fixation	51565	51635	70	
Saccade	51635	51645	10	
Saccade	51705	51735	30	
Saccade	51795	51815	20	
Fixation	51815	52145	330	
Fixation	52165	52245	80	
Fixation	52294	52374	80	
Saccade	52454	52474	20	
Saccade	52534	52554	20	
Fixation	52554	52644	90	
Saccade	52644	52674	30	
Saccade	52734	52754	20	
Fixation	52754	52924	170	
Saccade	52924	52944	20	
Saccade	52994	53014	20	
Fixation	53014	53164	150	
Fixation	53264	53504	240	
Fixation	53584	53694	110	
Saccade	53694	53764	70	
Fixation	53844	54043	200	
Fixation	54103	54173	70	
Fixation	54213	54323	110	
Fixation	54363	54593	230	
Fixation	54633	54893	260	
Fixation	54913	56092	1179	
Fixation	56162	56292	130	
Fixation	56312	56462	150	
Saccade	56462	56502	40	1.04
Fixation	56502	56822	320	
Fixation	56862	57312	450	
Fixation	57431	59071	1639	
Fixation	59111	60899	1789	
Saccade	60899	60909	10	4.94
Fixation	60909	61029	120	
Fixation	61119	61219	100	
Fixation	61299	61449	150	
Fixation	61579	61749	170	
Saccade	61769	61809	40	
Fixation	61849	61939	90	
Saccade	61939	61999	60	
Saccade	62019	62039	20	
Fixation	62119	62259	140	
Fixation	62279	62489	210	
Fixation	62529	62808	280	
Fixation	62828	62958	130	
Fixation	63078	63188	110	
Saccade	63248	63278	30	
Saccade	63298	63328	30	
Saccade	63418	63458	40	
Fixation	63528	63678	150	
Fixation	63698	63788	90	
Fixation	63828	63948	120	
Fixation	63968	64058	90	
Saccade	64058	64078	20	
Saccade	64118	64138	20	
Fixation	64138	64347	210	
Fixation	64397	64477	80	
Fixation	64517	64757	240	
Fixation	64827	64987	160	
Fixation	65067	65257	190	
Saccade	65257	65297	40	11.24
Fixation	65297	65497	200	
Fixation	65517	65627	110	
Saccade	65627	65647	20	
Saccade	65667	65697	30	
Saccade	65717	65757	40	
Fixation	65817	65917	100	
Fixation	65937	66166	230	
Fixation	66186	66296	110	
Fixation	66336	66876	540	
Fixation	67016	67146	130	
Saccade	67146	67186	40	
Saccade	67616	67646	30	
Fixation	67656	67825	170	
Fixation	67895	67975	80	
Fixation	68035	68225	190	
Fixation	68285	68485	200	
Fixation	68535	68645	110	
Fixation	68655	68755	100	
Saccade	68755	68775	20	
Fixation	68935	69025	90	
Saccade	69025	69045	20	
Saccade	69085	69105	20	
Saccade	69165	69185	20	
Fixation	69185	69325	140	
Fixation	69345	69434	90	
Saccade	69434	69454	20	
Fixation	69494	69714	220	
