start_time	end_time	Carton	IFU	Instructions	Phone	Pump Unit	ReservoirUnit	YpsoPod	skin
0.35	1.249	87.3	1600.0	378.1	392.2	1600.0	157.9	0.0	1600.0
1.448	1.678	257.6	1600.0	762.8	0.0	1600.0	554.7	43.0	525.6
1.719	1.789	193.3	1600.0	1600.0	1600.0	1600.0	1600.0	239.3	483.3
1.884	1.984	280.6	1600.0	820.3	1600.0	1600.0	409.6	1600.0	117.7
2.087	2.217	1600.0	1600.0	812.7	1600.0	308.0	454.0	335.3	195.4
2.396	2.576	643.9	1600.0	1600.0	1600.0	1600.0	1600.0	1600.0	1600.0
2.599	2.969	235.8	1600.0	377.9	732.6	1600.0	452.3	1600.0	1600.0
3.356	3.566	547.8	1600.0	19.0	241.0	1600.0	399.0	1600.0	1600.0
3.588	3.848	210.8	1600.0	75.8	163.0	1600.0	64.0	1600.0	1600.0
3.968	4.118	444.1	1600.0	915.7	1600.0	1600.0	686.6	1600.0	430.2
4.457	4.547	699.4	1249.4	933.9	1600.0	1600.0	916.0	1600.0	1600.0
4.735	4.845	302.4	1600.0	311.2	557.1	1600.0	407.0	1600.0	1600.0
5.743	5.813	272.7	1600.0	47.0	299.7	1600.0	235.8	1600.0	1600.0
5.886	6.046	213.9	1600.0	0.0	179.0	1600.0	125.4	1600.0	1600.0
6.373	6.503	171.8	1600.0	50.0	180.5	1600.0	78.3	1600.0	1600.0
6.583	6.713	395.7	1600.0	0.0	273.3	1600.0	320.0	1600.0	1600.0
6.734	6.964	388.6	1600.0	0.0	246.9	1600.0	302.7	1600.0	1600.0
7.002	7.112	421.8	1600.0	0.0	195.2	1600.0	316.0	1600.0	1600.0
7.136	7.246	414.8	1600.0	63.0	129.7	1600.0	292.1	1600.0	1600.0
7.263	7.423	336.8	1600.0	98.5	45.3	1600.0	201.2	1600.0	1600.0
7.462	7.692	463.6	1600.0	338.7	0.0	1600.0	317.2	1600.0	1600.0
7.812	7.922	516.0	1600.0	165.0	100.9	1600.0	357.6	1600.0	328.6
7.935	8.065	525.3	1600.0	116.0	128.0	1600.0	369.3	1600.0	319.7
8.255	8.385	589.9	1600.0	75.0	523.2	1600.0	525.8	1600.0	636.7
8.405	8.475	583.3	1600.0	59.0	515.0	1600.0	514.3	1600.0	1600.0
8.513	8.723	549.7	1600.0	4.0	465.6	1600.0	447.4	1600.0	1600.0
8.851	9.051	434.0	1600.0	0.0	408.0	1600.0	342.3	690.9	311.8
9.073	9.173	486.3	1600.0	0.0	388.6	1600.0	382.8	633.2	348.1
9.232	9.332	436.0	1600.0	0.0	372.0	1600.0	325.0	660.4	1600.0
9.354	9.554	451.2	1600.0	0.0	370.5	1600.0	342.6	1600.0	1600.0
9.57	9.73	601.8	1600.0	0.0	410.1	1600.0	477.2	549.6	1600.0
9.771	10.011	555.6	1600.0	0.0	389.6	1600.0	434.0	1600.0	1600.0
10.054	10.154	532.9	1600.0	0.0	366.6	1600.0	411.5	576.0	1600.0
10.17	10.3	447.2	1600.0	0.0	341.9	1600.0	329.5	627.9	294.7
10.322	10.712	413.0	1600.0	0.0	340.0	1600.0	296.6	650.1	265.9
10.729	10.949	447.0	1600.0	0.0	337.2	1600.0	321.8	1600.0	1600.0
11.02	11.13	544.4	1600.0	0.0	346.3	1600.0	417.7	1600.0	1600.0
11.169	11.279	568.2	1600.0	0.0	353.9	1600.0	444.9	1600.0	401.4
11.304	11.414	551.8	1600.0	0.0	351.9	1600.0	430.6	1600.0	387.7
11.432	11.552	548.2	1600.0	0.0	344.6	1087.9	418.8	545.7	1600.0
11.56	11.91	581.7	1600.0	0.0	283.2	1600.0	428.5	1600.0	481.5
11.923	12.003	485.2	1600.0	102.0	151.6	1600.0	314.3	1600.0	543.4
12.021	12.111	498.6	1600.0	108.0	144.2	1600.0	315.8	485.2	539.6
12.401	12.511	664.1	1600.0	448.3	0.0	1600.0	434.3	1600.0	561.0
12.533	12.633	649.2	1600.0	449.0	0.0	1600.0	429.7	1600.0	588.0
12.668	12.778	668.7	1600.0	453.5	0.0	1600.0	481.8	1600.0	568.0
12.948	13.048	715.9	1600.0	495.8	0.0	1600.0	476.8	1600.0	593.1
13.073	13.153	707.6	1600.0	484.1	0.0	1600.0	502.3	1600.0	599.0
13.199	13.479	817.1	1600.0	600.9	0.0	1600.0	570.9	1600.0	617.6
13.517	13.607	859.9	1600.0	620.0	0.0	1600.0	647.9	1600.0	607.4
13.678	14.118	681.4	1600.0	400.0	0.0	1600.0	410.5	1600.0	610.5
14.178	14.428	697.9	1600.0	428.0	0.0	1600.0	429.4	1600.0	588.0
14.452	14.672	632.9	1600.0	325.0	0.0	1600.0	388.5	1600.0	545.4
14.741	14.851	549.7	1600.0	83.0	188.7	1600.0	363.9	1600.0	564.6
14.867	14.947	549.1	1600.0	87.0	189.8	1600.0	357.5	529.2	311.9
15.05	15.2	645.0	1600.0	0.0	517.3	1600.0	544.2	661.5	656.4
15.271	15.381	588.8	1600.0	0.0	446.4	1600.0	477.4	643.5	603.0
15.451	15.681	526.8	1600.0	0.0	389.3	973.2	410.9	648.4	561.9
15.778	15.998	468.9	1600.0	0.0	369.4	920.2	338.9	686.2	310.4
16.029	16.219	596.1	1600.0	0.0	401.6	1030.4	462.5	594.7	432.4
16.237	16.667	572.6	1600.0	0.0	465.8	1600.0	465.0	1600.0	431.6
16.69	16.8	438.3	1600.0	0.0	491.8	1600.0	369.2	1600.0	1600.0
16.856	17.106	389.8	1600.0	0.0	291.6	1600.0	278.9	1600.0	1600.0
17.15	17.33	531.3	1600.0	0.0	269.5	1600.0	436.8	1600.0	1600.0
17.47	17.83	365.5	1600.0	0.0	65.9	1600.0	1600.0	1600.0	1600.0
17.967	18.047	371.6	1600.0	331.1	0.0	1600.0	1600.0	174.0	1600.0
18.068	18.168	354.8	1600.0	283.6	0.0	1600.0	1600.0	171.7	1600.0
18.246	18.446	339.0	1600.0	243.3	0.0	1600.0	1600.0	1600.0	1600.0
18.519	18.649	354.9	1600.0	236.6	0.0	1600.0	1600.0	1600.0	1600.0
18.665	18.775	350.1	1600.0	279.3	0.0	1600.0	1600.0	1600.0	1600.0
18.819	19.079	411.0	1600.0	286.3	0.0	1600.0	1600.0	1600.0	1600.0
19.136	19.276	406.6	1600.0	341.6	0.0	1600.0	1600.0	1600.0	774.4
19.295	19.915	412.8	1600.0	335.6	0.0	1600.0	1600.0	1600.0	1600.0
20.069	20.329	407.0	1600.0	352.0	0.0	1600.0	1600.0	1600.0	1600.0
20.366	21.066	404.3	1600.0	348.5	0.0	1600.0	1600.0	1600.0	1600.0
21.087	21.367	538.0	1600.0	440.8	0.0	1600.0	1600.0	1600.0	735.1
21.653	21.783	538.5	1600.0	438.0	0.0	1600.0	1600.0	1600.0	1600.0
22.203	22.993	536.3	1600.0	440.8	0.0	1600.0	1600.0	1600.0	731.2
23.015	23.105	486.3	1600.0	399.5	0.0	1600.0	1600.0	1600.0	1600.0
23.162	23.382	469.6	1600.0	400.3	0.0	1600.0	1600.0	1600.0	1600.0
23.466	23.646	410.8	1600.0	405.9	2.0	1600.0	1600.0	1600.0	1600.0
23.736	24.286	433.6	1600.0	347.0	0.0	1600.0	1600.0	1600.0	1600.0
24.306	24.616	452.0	1600.0	312.0	0.0	1600.0	1600.0	1600.0	1600.0
24.632	24.962	505.9	1600.0	404.9	0.0	1600.0	1600.0	1600.0	1600.0
25.153	25.333	232.9	1600.0	153.2	0.0	1600.0	1600.0	1600.0	1600.0
25.412	25.652	248.1	1600.0	195.5	0.0	1600.0	1600.0	1600.0	1600.0
25.751	26.161	291.0	1600.0	205.7	0.0	1600.0	1600.0	1600.0	788.0
26.184	26.514	261.2	1600.0	218.9	0.0	1600.0	1600.0	1600.0	1600.0
26.542	26.852	249.4	1600.0	101.3	0.0	1600.0	1600.0	1600.0	1600.0
26.872	27.162	230.4	1600.0	134.9	0.0	1600.0	1600.0	800.6	1600.0
27.18	27.4	235.5	1600.0	126.5	0.0	1600.0	1600.0	792.3	1600.0
27.42	27.66	216.4	1600.0	158.8	0.0	1600.0	1600.0	815.0	1600.0
27.68	28.08	191.5	1600.0	206.5	0.0	1600.0	1600.0	851.7	1600.0
28.119	28.209	178.3	1600.0	247.4	0.0	1600.0	1600.0	1600.0	1600.0
28.273	28.683	185.0	1600.0	149.3	0.0	1600.0	1600.0	1600.0	1600.0
28.901	29.111	194.5	1600.0	160.0	0.0	1600.0	1600.0	1600.0	1600.0
29.13	29.46	183.1	1600.0	179.1	0.0	1600.0	1600.0	1600.0	1600.0
29.478	29.708	283.7	1600.0	123.5	0.0	1600.0	1600.0	1600.0	1600.0
29.74	30.01	349.5	1600.0	235.2	0.0	1600.0	1600.0	1600.0	1600.0
30.053	30.153	318.9	1600.0	237.2	0.0	1600.0	1600.0	1600.0	1600.0
30.231	30.311	309.2	1600.0	243.7	0.0	1600.0	1600.0	1600.0	1600.0
30.33	30.45	313.9	1600.0	235.1	0.0	1600.0	1600.0	771.1	1600.0
30.472	30.642	297.9	1600.0	258.5	0.0	1600.0	1600.0	1600.0	1600.0
30.75	30.85	454.1	1600.0	346.2	0.0	1600.0	1600.0	1600.0	1600.0
30.872	31.232	413.4	1600.0	327.3	0.0	1600.0	1600.0	1600.0	1600.0
31.239	31.549	467.3	1600.0	327.1	0.0	1600.0	1600.0	1600.0	1600.0
31.572	31.692	463.3	1600.0	305.6	0.0	1600.0	1600.0	1600.0	1600.0
31.762	32.002	198.0	1600.0	114.1	0.0	1600.0	1600.0	1600.0	1600.0
32.022	32.242	165.1	1600.0	166.0	0.0	1600.0	1600.0	1600.0	1600.0
32.262	32.402	113.7	1600.0	264.3	0.0	1600.0	1600.0	1600.0	1600.0
32.419	32.579	112.4	1600.0	265.3	0.0	1600.0	1600.0	1600.0	1600.0
32.611	32.881	301.6	1600.0	29.8	64.0	1600.0	1600.0	1600.0	709.1
32.941	33.211	643.5	1600.0	0.0	433.6	1600.0	1600.0	1600.0	1600.0
33.246	33.516	582.3	1600.0	0.0	380.1	1600.0	1600.0	1600.0	1600.0
33.539	33.709	571.7	1600.0	0.0	367.8	1600.0	1600.0	1600.0	1600.0
33.727	34.067	495.0	1600.0	0.0	291.2	1600.0	1600.0	1600.0	598.6
34.086	34.176	472.5	1600.0	0.0	270.0	1600.0	1600.0	1600.0	1600.0
34.2	34.63	576.9	1600.0	0.0	365.5	1600.0	1600.0	1600.0	1600.0
34.666	34.896	560.7	1600.0	0.0	344.9	1600.0	1600.0	1600.0	1600.0
34.92	35.15	577.4	1600.0	0.0	361.0	1600.0	1600.0	1600.0	1600.0
35.187	35.827	555.2	1600.0	0.0	335.9	1600.0	1600.0	525.4	1600.0
35.845	35.965	255.2	1600.0	57.1	6.0	1600.0	1600.0	1600.0	1600.0
35.989	36.099	238.7	1600.0	71.6	0.0	1600.0	1600.0	1600.0	1600.0
36.247	36.367	333.0	1600.0	315.2	0.0	1600.0	1600.0	1600.0	1600.0
36.386	36.526	323.1	1600.0	255.0	0.0	1600.0	1600.0	1600.0	1600.0
36.539	36.669	280.4	1600.0	218.0	0.0	1600.0	1600.0	1600.0	1600.0
36.686	36.896	295.3	1600.0	215.8	0.0	1600.0	1600.0	775.1	1600.0
36.908	37.198	283.0	1600.0	264.9	0.0	1600.0	1600.0	1600.0	1600.0
37.235	37.695	300.6	1600.0	219.2	0.0	1600.0	1600.0	1600.0	1600.0
37.718	37.818	293.6	1600.0	145.0	0.0	1600.0	1600.0	1600.0	1600.0
37.835	38.185	246.6	1600.0	117.4	0.0	1600.0	1600.0	1600.0	1600.0
38.207	38.467	204.1	1600.0	175.1	0.0	1600.0	1600.0	1600.0	1600.0
38.504	39.014	206.8	1600.0	204.3	0.0	1600.0	1600.0	1600.0	1600.0
39.036	39.106	198.5	1600.0	239.8	0.0	1600.0	1600.0	858.5	1600.0
39.188	40.337	244.1	1600.0	192.2	0.0	1600.0	1600.0	1600.0	1600.0
40.357	40.737	263.1	1600.0	192.9	0.0	1600.0	1600.0	1600.0	1600.0
40.757	40.987	255.2	1600.0	183.8	0.0	1600.0	1600.0	1600.0	1600.0
41.066	41.656	211.1	1600.0	171.0	0.0	1600.0	1600.0	1600.0	1600.0
41.664	42.194	264.6	1600.0	197.1	0.0	1600.0	1600.0	1600.0	1600.0
42.213	42.363	250.7	1600.0	228.1	0.0	1600.0	1600.0	818.4	1600.0
42.406	42.686	270.6	1600.0	210.8	0.0	1600.0	1600.0	1600.0	1600.0
42.702	42.932	286.2	1600.0	213.1	0.0	1600.0	1600.0	1600.0	1600.0
43.003	43.323	375.1	1600.0	262.6	0.0	1600.0	1600.0	1600.0	1600.0
43.705	43.905	403.3	1600.0	283.9	0.0	1600.0	1600.0	1600.0	1600.0
43.921	44.031	393.5	1600.0	290.2	0.0	1600.0	1600.0	1600.0	1600.0
44.054	44.304	390.9	1600.0	302.2	0.0	1600.0	1600.0	1600.0	1600.0
44.343	44.833	410.5	1600.0	270.3	0.0	1600.0	1600.0	1600.0	1600.0
44.882	45.012	388.6	1600.0	309.4	0.0	1600.0	1600.0	1600.0	1600.0
45.031	45.111	380.3	1600.0	314.0	0.0	1600.0	1600.0	1600.0	765.1
45.292	45.492	427.1	1600.0	278.1	0.0	1600.0	1600.0	1600.0	1600.0
45.534	46.054	442.8	1600.0	343.9	0.0	1600.0	1600.0	1600.0	1600.0
46.072	46.162	437.2	1600.0	383.4	0.0	1600.0	1600.0	1600.0	1600.0
46.204	46.584	525.8	1600.0	425.6	0.0	1600.0	1600.0	1600.0	1600.0
46.599	46.689	505.2	1600.0	423.4	0.0	1600.0	1600.0	1600.0	1600.0
46.753	46.833	505.9	1600.0	403.7	0.0	1600.0	1600.0	1600.0	1600.0
46.873	46.963	492.7	1600.0	403.4	0.0	1600.0	1600.0	1600.0	1600.0
47.002	47.192	483.2	1600.0	409.3	0.0	1600.0	1600.0	1600.0	1600.0
47.223	47.413	291.1	1600.0	228.4	0.0	1600.0	1600.0	1600.0	1600.0
47.433	47.683	317.0	1600.0	183.8	0.0	1600.0	1600.0	1600.0	720.4
47.753	48.003	608.8	1600.0	0.0	378.1	1600.0	1600.0	1600.0	1600.0
48.018	48.088	514.3	1600.0	0.0	289.5	1600.0	1600.0	1600.0	1600.0
48.342	48.422	186.0	1600.0	323.8	0.0	1600.0	1600.0	1600.0	1600.0
48.471	48.551	162.3	1600.0	236.0	0.0	1600.0	1600.0	1600.0	1600.0
48.568	48.678	182.0	1600.0	208.7	0.0	1600.0	1600.0	1600.0	1600.0
48.701	48.811	203.3	1600.0	185.6	0.0	1600.0	1600.0	1600.0	1600.0
48.819	48.979	184.0	1600.0	153.5	0.0	1600.0	1600.0	848.2	1600.0
49.002	49.122	170.9	1600.0	174.3	0.0	1600.0	1600.0	1600.0	1600.0
49.138	49.248	157.7	1600.0	191.2	0.0	1600.0	1600.0	1600.0	1600.0
49.268	49.378	137.9	1600.0	226.6	0.0	1600.0	1600.0	1600.0	1600.0
49.418	49.658	154.5	1600.0	215.7	0.0	1600.0	1600.0	1600.0	1600.0
49.699	49.909	210.8	1600.0	166.7	0.0	1600.0	1600.0	1600.0	1600.0
49.988	50.058	209.0	1600.0	175.6	0.0	1600.0	1600.0	1600.0	1600.0
50.101	50.221	176.2	1600.0	228.8	0.0	1600.0	1600.0	1600.0	1600.0
50.268	50.578	367.7	1600.0	311.8	0.0	1600.0	1600.0	1600.0	1600.0
50.651	51.181	203.2	1600.0	203.2	0.0	1600.0	1600.0	1600.0	1600.0
51.321	51.861	219.2	1600.0	258.4	0.0	1600.0	1600.0	1600.0	1600.0
52.05	52.3	407.8	1600.0	343.0	0.0	1600.0	1600.0	1600.0	1600.0
52.32	52.56	411.6	1600.0	344.6	0.0	1600.0	1600.0	1600.0	1600.0
52.599	52.869	447.2	1600.0	376.3	0.0	1600.0	1600.0	1600.0	1600.0
52.918	52.998	467.6	1600.0	390.5	0.0	1600.0	1600.0	1600.0	1600.0
53.015	53.125	460.2	1044.3	404.5	0.0	1600.0	1600.0	1600.0	1600.0
53.285	53.445	374.4	1600.0	331.0	0.0	1600.0	1600.0	1600.0	1600.0
53.469	53.749	471.5	1600.0	408.7	0.0	1600.0	1600.0	1600.0	1600.0
53.959	54.089	413.3	1600.0	364.3	32.8	1600.0	1600.0	1600.0	1600.0
54.134	54.234	314.4	1600.0	299.8	0.0	1600.0	1600.0	1600.0	1600.0
54.307	54.537	183.6	1600.0	219.0	0.0	1600.0	1600.0	871.7	1600.0
54.557	54.927	187.0	1600.0	201.9	0.0	1600.0	1600.0	1600.0	1600.0
55.115	55.365	175.8	1600.0	232.9	0.0	1600.0	1600.0	1600.0	1600.0
55.386	55.566	167.5	1600.0	278.1	0.0	1600.0	1600.0	1600.0	1600.0
55.578	55.698	172.3	1600.0	242.0	0.0	1600.0	1600.0	1600.0	1600.0
55.788	56.028	252.2	1600.0	380.1	76.0	1600.0	101.6	1600.0	1600.0
56.083	56.193	0.0	1600.0	421.8	200.6	1600.0	241.9	1600.0	1600.0
56.218	56.328	0.0	1600.0	403.8	197.3	1600.0	218.7	220.1	1600.0
56.363	56.483	162.2	1600.0	295.6	184.3	1600.0	3.0	36.0	1600.0
56.507	56.887	116.0	1600.0	306.3	218.0	1600.0	30.4	1600.0	37.7
57.033	57.143	0.0	1600.0	319.2	324.7	1600.0	1600.0	208.9	1600.0
57.456	57.566	264.2	694.4	406.6	36.0	1600.0	99.0	1600.0	1600.0
57.582	57.692	297.2	724.2	455.1	0.0	1600.0	143.1	196.0	1600.0
57.856	58.116	552.2	1600.0	663.5	0.0	1600.0	1600.0	365.6	1600.0
58.136	58.266	456.3	1600.0	521.6	0.0	1600.0	281.2	1600.0	242.5
58.327	58.817	464.5	1600.0	497.8	0.0	1600.0	1600.0	269.0	229.3
58.856	59.016	447.9	1600.0	490.0	0.0	1600.0	1600.0	256.6	218.5
59.052	59.322	188.0	1600.0	383.3	0.0	1600.0	1600.0	155.5	180.4
59.376	59.516	524.8	1600.0	524.7	0.0	1600.0	1600.0	289.5	280.0
59.532	59.722	465.7	1600.0	462.8	0.0	1600.0	1600.0	227.8	216.5
59.773	60.063	109.3	1600.0	343.0	0.0	1600.0	1600.0	145.8	174.0
60.081	60.561	143.3	1600.0	347.1	0.0	1600.0	1600.0	128.8	166.7
60.573	60.693	195.9	1600.0	346.9	0.0	1600.0	1600.0	106.9	144.2
60.71	60.96	328.2	1600.0	399.4	0.0	1600.0	1600.0	158.0	137.3
60.991	61.451	152.1	1600.0	331.8	0.0	1600.0	1600.0	106.9	151.4
61.473	61.563	150.9	1600.0	377.0	0.0	1600.0	1600.0	146.7	179.2
61.581	61.701	150.2	1600.0	425.0	0.0	1600.0	1600.0	1600.0	206.4
61.75	61.85	136.6	1600.0	455.2	0.0	1600.0	230.3	1600.0	1600.0
61.94	62.16	154.7	773.6	486.3	0.0	1600.0	178.0	1600.0	160.8
62.273	62.703	132.6	874.9	528.2	0.0	1600.0	287.3	1600.0	1600.0
62.821	62.951	91.8	909.3	536.0	45.3	878.7	327.5	1600.0	307.2
62.991	63.431	0.0	839.4	422.8	186.2	1600.0	310.4	1600.0	303.4
63.519	63.659	0.0	1600.0	521.7	121.3	1600.0	366.6	1600.0	344.6
63.721	63.951	329.1	1600.0	781.2	0.0	1600.0	471.0	1600.0	434.0
63.971	64.061	307.3	1600.0	843.8	0.0	1600.0	471.0	1600.0	446.2
64.078	64.578	312.6	1600.0	937.9	0.0	1600.0	1600.0	1600.0	472.9
64.613	65.163	340.3	1600.0	1600.0	0.0	1600.0	397.0	1600.0	904.7
65.222	65.332	180.4	1600.0	347.1	341.2	1600.0	491.4	1600.0	1600.0
65.393	65.623	115.9	725.3	267.2	262.6	1600.0	1600.0	1600.0	390.4
65.639	65.999	41.0	721.7	279.6	312.0	1600.0	305.0	1600.0	1600.0
66.052	66.232	8.1	762.6	335.0	376.3	1600.0	1600.0	1600.0	1600.0
66.249	66.579	56.1	1600.0	253.6	374.0	1600.0	284.9	1600.0	1600.0
66.622	66.882	6.0	1600.0	317.0	308.8	1001.4	228.7	111.0	1600.0
66.901	67.301	0.0	1600.0	370.0	340.1	1600.0	254.5	1600.0	1600.0
67.322	67.622	1600.0	1600.0	287.3	191.2	255.2	125.9	1600.0	138.2
67.769	67.979	1600.0	1600.0	339.7	0.0	657.3	273.7	1600.0	231.8
68.02	68.13	1600.0	1600.0	319.5	0.0	1600.0	235.7	1600.0	701.3
68.15	68.32	1600.0	1600.0	299.8	0.0	1600.0	210.2	666.6	703.5
68.349	68.419	611.5	1600.0	428.0	0.0	1600.0	305.5	738.4	755.4
68.441	68.551	577.9	1600.0	416.0	0.0	1600.0	267.1	660.1	1600.0
68.57	68.92	589.2	1600.0	405.6	0.0	1600.0	267.4	1600.0	746.5
68.937	69.127	480.9	1600.0	300.2	0.0	1600.0	105.9	274.2	763.6
69.246	69.516	529.6	1600.0	359.8	0.0	1600.0	165.0	250.2	762.9
69.54	69.67	587.0	967.4	415.2	0.0	1600.0	228.8	1600.0	742.9
69.689	69.819	589.6	1600.0	416.9	0.0	1600.0	225.1	1600.0	743.9
69.87	70.08	538.8	1600.0	375.6	0.0	1600.0	179.1	222.8	163.0
70.1	70.35	461.8	1600.0	326.4	37.0	1600.0	114.8	110.2	1600.0
70.495	70.745	298.5	1600.0	227.7	205.0	1600.0	13.4	1600.0	1600.0
70.815	70.935	408.0	1600.0	321.7	116.0	134.6	1600.0	154.7	809.0
70.989	71.069	665.9	1600.0	519.7	0.0	1600.0	1600.0	329.7	737.3
71.209	71.479	549.8	1600.0	395.8	0.0	1600.0	1600.0	186.1	142.1
71.519	71.699	327.0	1600.0	278.9	141.3	1600.0	1600.0	1600.0	105.8
71.769	71.919	351.2	1600.0	349.5	102.0	1600.0	1600.0	43.0	924.3
71.937	72.017	389.8	1600.0	320.2	76.2	1600.0	1600.0	28.8	72.8
72.038	72.168	409.4	1600.0	285.7	73.0	1600.0	1600.0	1600.0	802.8
72.217	72.397	416.4	1600.0	246.6	85.6	1600.0	1600.0	0.0	1600.0
72.439	72.659	457.1	1600.0	292.0	55.9	1600.0	1600.0	21.4	739.7
72.715	72.955	477.1	973.5	318.2	41.8	1600.0	1600.0	31.1	754.7
73.035	73.315	661.0	1600.0	504.2	0.0	1600.0	1600.0	224.5	737.2
73.378	73.638	332.8	1600.0	262.4	142.9	1600.0	1600.0	0.0	844.8
73.715	73.985	345.5	1600.0	265.4	148.1	1600.0	1600.0	0.0	842.9
74.007	74.707	358.9	1600.0	284.3	122.1	1600.0	1600.0	20.0	843.7
74.762	74.912	665.9	1600.0	496.5	0.0	1600.0	1600.0	372.1	710.1
74.935	75.025	618.0	1600.0	457.7	0.0	1600.0	1600.0	224.0	725.2
75.107	75.327	581.2	1600.0	436.5	0.0	1600.0	1600.0	182.2	746.3
75.385	75.565	593.1	1600.0	452.9	0.0	1600.0	1600.0	174.0	1600.0
75.657	75.817	585.0	1600.0	439.5	0.0	1600.0	1600.0	166.0	773.8
75.852	76.042	602.5	1600.0	417.9	0.0	1600.0	1600.0	1600.0	739.6
76.236	76.556	597.2	1600.0	439.0	0.0	1600.0	1600.0	1600.0	153.0
76.564	76.814	604.6	1600.0	428.5	0.0	1600.0	1600.0	1600.0	745.3
76.833	77.163	555.9	985.5	423.6	0.0	1600.0	1600.0	1600.0	192.0
77.181	77.281	529.1	1600.0	402.7	0.0	1600.0	1600.0	209.5	800.0
77.356	77.436	488.2	1600.0	360.0	0.0	1600.0	1600.0	1600.0	788.7
77.602	77.852	480.6	1600.0	286.3	0.0	1600.0	1600.0	1600.0	1600.0
77.875	78.005	482.3	1600.0	306.5	0.0	1600.0	1600.0	130.0	1600.0
78.023	78.243	496.0	1600.0	332.4	0.0	1600.0	1600.0	1600.0	1600.0
78.281	78.551	515.1	1600.0	335.3	0.0	1600.0	1600.0	1600.0	1600.0
78.57	78.66	505.2	1600.0	337.3	0.0	1600.0	1600.0	154.0	781.3
78.685	78.855	496.9	1600.0	343.9	0.0	1600.0	1600.0	151.0	807.9
78.875	79.505	564.2	1600.0	397.9	0.0	1600.0	1600.0	219.0	758.9
79.522	79.642	447.4	1600.0	299.5	0.0	1600.0	1600.0	97.1	799.7
79.723	79.893	471.3	1600.0	312.8	0.0	1600.0	1600.0	1600.0	1600.0
79.934	80.144	489.5	1600.0	362.7	0.0	1600.0	1600.0	141.4	816.8
80.214	80.364	770.0	1600.0	590.5	57.2	1600.0	1600.0	432.0	729.2
80.383	80.863	702.5	1600.0	527.0	0.0	1600.0	1600.0	1600.0	748.0
80.904	81.164	430.7	1600.0	257.7	47.3	1600.0	1600.0	1600.0	9.2
81.202	81.302	350.2	1600.0	177.3	146.7	1600.0	1600.0	1600.0	802.8
81.453	81.583	370.9	1600.0	252.2	17.2	1600.0	1600.0	1600.0	20.1
81.603	81.903	378.4	1600.0	272.1	0.0	1600.0	1600.0	1600.0	1600.0
82.018	82.178	476.5	1600.0	369.5	0.0	1600.0	1600.0	1600.0	841.9
82.293	82.503	631.1	1600.0	473.7	0.0	1600.0	1600.0	1600.0	1600.0
82.509	83.349	644.6	1600.0	514.1	0.0	1600.0	1600.0	1600.0	1600.0
83.372	83.972	662.3	1600.0	509.4	0.0	1600.0	1600.0	353.0	280.2
83.989	84.279	503.8	1600.0	351.0	0.0	1600.0	1600.0	179.2	132.9
84.302	84.502	435.5	1600.0	297.8	0.0	1600.0	1600.0	1600.0	98.1
84.517	84.627	450.8	1600.0	300.0	0.0	1600.0	1600.0	1600.0	94.7
84.67	85.15	455.0	1600.0	285.0	0.0	1600.0	1600.0	107.0	74.3
85.218	85.618	433.8	1600.0	310.4	0.0	1600.0	1600.0	111.6	111.8
85.677	85.827	452.9	1600.0	269.9	0.0	1600.0	1600.0	122.0	1600.0
85.898	86.448	398.8	1600.0	219.4	0.0	1600.0	1600.0	775.2	1600.0
86.486	86.576	454.4	1600.0	242.9	0.0	1600.0	1600.0	1600.0	1600.0
86.619	87.179	471.2	1600.0	276.5	0.0	1600.0	1600.0	748.5	1600.0
87.219	88.248	528.2	1600.0	340.4	0.0	1600.0	1600.0	197.0	1600.0
88.285	88.835	347.1	1600.0	170.1	35.0	1600.0	1600.0	0.0	22.2
90.475	90.635	607.3	1600.0	411.5	0.0	1600.0	1600.0	243.0	247.7
90.654	90.864	581.5	1600.0	380.9	0.0	1600.0	1600.0	214.0	225.3
90.934	91.494	359.6	1600.0	188.4	22.0	1600.0	1600.0	0.0	36.7
91.553	92.073	561.9	1600.0	377.4	0.0	1600.0	1600.0	206.3	217.3
92.113	92.223	299.2	1600.0	167.3	88.0	1600.0	1600.0	16.0	1600.0
92.267	92.687	302.7	1600.0	162.6	83.0	1600.0	1600.0	1600.0	1600.0
92.706	93.216	343.9	1600.0	163.3	0.0	1600.0	1600.0	1600.0	775.2
93.263	93.483	359.7	1600.0	154.5	0.0	1600.0	1600.0	1600.0	1600.0
93.525	93.695	341.7	1600.0	134.4	0.0	1600.0	1600.0	1600.0	1600.0
93.716	94.066	419.5	1600.0	263.4	0.0	1600.0	1600.0	1600.0	1600.0
94.082	94.462	447.0	1600.0	297.8	0.0	1600.0	1600.0	764.8	1600.0
94.486	94.656	449.8	1600.0	330.8	0.0	1600.0	1600.0	785.7	146.1
94.684	95.334	335.7	1600.0	184.3	26.0	1600.0	1600.0	1600.0	0.0
95.351	96.51	379.3	1600.0	199.1	37.6	1600.0	0.0	1600.0	1600.0
96.725	96.815	736.4	1600.0	585.2	9.0	1600.0	375.0	1600.0	746.3
96.833	97.563	717.3	1600.0	559.8	0.0	1600.0	351.0	1600.0	346.5
97.594	97.764	482.6	1600.0	337.9	0.0	1600.0	115.0	1600.0	767.0
97.85	97.93	457.0	1600.0	268.2	0.0	1600.0	1600.0	1600.0	747.1
98.082	98.312	520.2	1600.0	319.9	0.0	1600.0	1600.0	1600.0	162.7
98.353	98.453	649.4	1600.0	477.2	22.6	1600.0	1600.0	1600.0	1600.0
98.474	98.584	578.2	1600.0	396.3	0.0	1600.0	1600.0	1600.0	1600.0
98.902	99.252	492.5	1600.0	319.5	0.0	1600.0	1600.0	1600.0	743.9
99.323	99.593	560.5	1600.0	390.9	0.0	1600.0	1600.0	1600.0	731.3
99.599	99.869	496.1	1600.0	330.5	0.0	1600.0	1600.0	1600.0	188.0
99.892	100.002	522.3	1600.0	354.4	0.0	1600.0	1600.0	1600.0	201.0
100.043	100.273	529.6	1600.0	369.1	0.0	1600.0	1600.0	1600.0	200.1
100.289	100.679	564.1	1600.0	400.7	0.0	1600.0	1600.0	1600.0	223.3
100.721	101.381	357.6	1600.0	205.4	39.0	1600.0	1600.0	1600.0	0.0
101.482	101.682	608.2	1600.0	439.5	0.0	1600.0	236.0	1600.0	726.8
101.697	101.807	612.7	1600.0	446.2	0.0	1600.0	1600.0	1600.0	252.7
101.872	101.982	629.0	1600.0	464.8	0.0	1600.0	1600.0	1600.0	311.1
101.997	102.227	633.3	1600.0	461.1	18.0	1600.0	1600.0	1600.0	708.2
102.267	102.377	596.7	1600.0	423.5	28.0	1600.0	1600.0	1600.0	711.4
102.541	102.801	514.1	1600.0	342.2	0.0	1600.0	1600.0	1600.0	1600.0
102.821	103.071	488.0	1600.0	323.6	0.0	1600.0	1600.0	1600.0	1600.0
103.088	103.498	487.2	1600.0	316.8	0.0	1600.0	1600.0	1600.0	749.4
103.517	103.677	510.1	1600.0	348.8	0.0	1600.0	1600.0	1600.0	211.0
103.796	104.176	515.2	1600.0	358.7	0.0	1600.0	1600.0	1600.0	191.0
104.199	104.309	487.5	1600.0	333.7	0.0	1600.0	1600.0	1600.0	150.6
104.366	104.966	346.5	1600.0	196.9	50.0	1600.0	4.0	1600.0	2.8
105.057	105.677	339.5	1600.0	179.0	0.0	1600.0	1600.0	1600.0	1600.0
105.719	105.929	302.9	1600.0	138.4	0.0	1600.0	1600.0	1600.0	1600.0
105.949	106.249	379.2	1600.0	223.7	0.0	1600.0	1600.0	1600.0	1600.0
106.304	107.233	438.7	1600.0	277.4	0.0	1600.0	1600.0	1600.0	1600.0
107.257	107.477	514.1	1600.0	354.0	0.0	1600.0	1600.0	747.4	197.0
107.554	107.784	537.4	1600.0	380.6	0.0	1600.0	1600.0	1600.0	211.0
107.808	107.938	510.3	1600.0	350.6	0.0	1600.0	1600.0	744.2	178.0
107.955	108.285	483.0	1600.0	320.4	0.0	1600.0	1600.0	1600.0	175.0
108.304	108.664	391.5	1600.0	318.5	0.0	1600.0	1600.0	1600.0	80.0
108.688	109.398	397.4	1600.0	458.2	0.0	1600.0	1600.0	1600.0	1600.0
109.483	109.783	289.3	1600.0	326.1	0.0	1600.0	1600.0	1600.0	1600.0
109.807	110.017	369.5	1600.0	387.3	0.0	1600.0	1600.0	1600.0	1600.0
110.057	110.147	354.3	1600.0	382.8	0.0	1600.0	1600.0	1600.0	1600.0
110.186	110.296	328.1	1600.0	412.2	0.0	1600.0	1600.0	1600.0	1600.0
110.312	110.452	311.6	1600.0	385.4	0.0	1600.0	1600.0	1600.0	1600.0
110.476	111.016	282.1	1600.0	360.2	0.0	1600.0	1600.0	1600.0	1600.0
111.036	111.266	290.4	1600.0	379.0	0.0	1600.0	1600.0	1600.0	1600.0
111.302	111.432	245.7	1600.0	355.9	0.0	1600.0	1600.0	1600.0	1600.0
111.474	112.034	337.4	1600.0	389.5	0.0	1600.0	1600.0	1600.0	1600.0
112.054	112.264	334.9	1600.0	447.5	20.5	1600.0	1600.0	1600.0	1600.0
112.281	112.661	304.9	1600.0	371.6	0.0	1600.0	1600.0	1600.0	1600.0
112.724	113.244	315.9	1600.0	361.2	0.0	1600.0	1600.0	1600.0	1600.0
113.284	113.914	329.8	1600.0	400.0	0.0	1600.0	1600.0	1600.0	1600.0
113.955	114.035	343.4	1600.0	392.2	0.0	1600.0	1600.0	1600.0	1600.0
114.062	114.192	448.3	1600.0	448.4	1.0	1600.0	1600.0	1600.0	1600.0
114.255	114.515	433.3	1600.0	412.6	0.0	1600.0	1600.0	1600.0	1600.0
114.534	114.724	417.7	1600.0	394.7	0.0	1600.0	1600.0	1600.0	1600.0
114.751	115.011	302.5	1600.0	282.3	0.0	1600.0	1600.0	1600.0	1600.0
115.051	115.231	318.3	1600.0	288.1	0.0	1600.0	1600.0	1600.0	1600.0
115.321	115.471	341.3	1600.0	281.6	0.0	1600.0	1600.0	1600.0	1600.0
115.504	115.714	456.1	1600.0	335.6	0.0	1600.0	1600.0	1600.0	1600.0
115.749	116.249	432.5	1600.0	274.9	0.0	1600.0	1600.0	1600.0	1600.0
116.27	116.42	322.0	1600.0	187.0	0.0	1600.0	1600.0	1600.0	1600.0
116.443	116.553	334.6	1600.0	194.6	3.0	1600.0	1600.0	1600.0	0.0
116.571	117.001	351.3	1600.0	198.4	0.0	1600.0	1600.0	1600.0	0.0
117.041	117.721	350.8	1600.0	189.9	6.0	1600.0	1600.0	1600.0	0.0
117.838	118.128	669.0	1600.0	492.4	0.0	1600.0	1600.0	1600.0	334.0
118.138	118.228	721.9	1600.0	551.4	45.0	1600.0	1600.0	1600.0	396.0
118.251	118.541	674.4	1600.0	508.5	0.0	1600.0	1600.0	1600.0	347.0
118.562	118.922	548.5	1600.0	371.8	0.0	1600.0	1600.0	1600.0	201.4
118.987	119.177	317.6	1600.0	167.4	75.0	1600.0	1600.0	1600.0	7.0
119.199	120.178	352.7	1600.0	165.8	0.0	1600.0	1600.0	1600.0	1600.0
120.241	120.351	352.0	1600.0	171.7	0.0	1600.0	1600.0	1600.0	1600.0
120.501	120.671	497.4	1600.0	313.2	0.0	1600.0	1600.0	1600.0	1600.0
120.687	120.967	449.3	1600.0	275.2	0.0	1600.0	1600.0	1600.0	1600.0
121.051	121.301	462.5	1600.0	300.2	0.0	1600.0	1600.0	1600.0	1600.0
121.316	121.576	517.0	1600.0	352.1	0.0	1600.0	1600.0	1600.0	200.0
121.597	121.807	560.3	1600.0	387.3	0.0	1600.0	1600.0	1600.0	243.7
121.82	122.25	492.3	1600.0	327.3	0.0	1600.0	1600.0	1600.0	1600.0
122.305	122.935	371.7	1600.0	338.1	0.0	1600.0	1600.0	1600.0	1600.0
122.96	123.2	274.1	1600.0	328.4	0.0	1600.0	1600.0	1600.0	1600.0
123.238	123.568	276.4	1600.0	335.3	0.0	1600.0	1600.0	1600.0	1600.0
123.576	123.786	335.9	1600.0	354.6	0.0	1600.0	1600.0	1600.0	1600.0
123.794	124.164	279.7	1600.0	318.1	0.0	1600.0	1600.0	1600.0	1600.0
124.206	125.165	278.4	1600.0	323.2	0.0	1600.0	1600.0	1600.0	1600.0
125.184	125.274	275.5	1600.0	299.8	0.0	1600.0	1600.0	1600.0	1600.0
125.317	125.567	282.4	1600.0	327.6	0.0	1600.0	1600.0	1600.0	1600.0
125.588	125.938	313.5	1600.0	359.3	0.0	1600.0	1600.0	1600.0	1600.0
125.948	126.078	375.8	1600.0	333.7	0.0	1600.0	1600.0	1600.0	1600.0
126.134	126.394	377.4	1600.0	386.3	26.2	1600.0	1600.0	1600.0	1600.0
126.413	126.643	372.2	1600.0	369.8	0.0	1600.0	1600.0	1600.0	1600.0
126.668	126.738	363.8	1600.0	318.8	0.0	1600.0	1600.0	1600.0	1600.0
126.815	127.085	366.8	1600.0	320.9	0.0	1600.0	1600.0	1600.0	1600.0
127.103	127.973	366.6	1600.0	335.6	0.0	1600.0	1600.0	1600.0	1600.0
128.103	128.173	650.5	1600.0	0.0	552.3	1600.0	1600.0	1600.0	1600.0
128.187	128.657	620.9	1600.0	0.0	531.8	1600.0	1600.0	1600.0	1600.0
128.674	129.314	573.3	1600.0	0.0	470.8	1600.0	1600.0	1600.0	1600.0
129.373	129.613	483.3	1600.0	0.0	373.9	1600.0	1600.0	1600.0	1600.0
129.634	129.894	437.8	1600.0	0.0	325.7	1600.0	1600.0	1600.0	661.2
129.986	130.186	418.4	1600.0	0.0	299.8	1600.0	1600.0	1600.0	685.9
130.225	130.325	372.8	1600.0	0.0	243.1	1600.0	1600.0	1600.0	1600.0
130.353	130.713	411.5	1600.0	0.0	291.8	1600.0	1600.0	1600.0	1600.0
130.813	131.043	366.5	1600.0	358.7	0.0	1600.0	1600.0	1600.0	1600.0
131.081	131.291	378.8	1600.0	308.4	0.0	1600.0	1600.0	1600.0	1600.0
131.301	131.831	301.2	1600.0	280.6	0.0	1600.0	1600.0	1600.0	1600.0
131.934	132.304	424.7	1600.0	341.9	0.0	1600.0	1600.0	1600.0	1600.0
132.35	132.51	526.5	1600.0	458.2	29.8	1600.0	1600.0	1600.0	1600.0
132.581	132.721	497.3	1600.0	428.5	0.0	1600.0	1600.0	1600.0	1600.0
132.751	133.021	376.4	1600.0	331.2	0.0	1600.0	1600.0	1600.0	1600.0
133.042	133.502	380.1	1600.0	353.7	0.0	1600.0	1600.0	949.7	107.0
133.512	134.182	484.2	1600.0	431.3	0.0	1600.0	1600.0	919.4	1600.0
134.203	134.363	399.8	1600.0	286.3	0.0	1600.0	1600.0	877.1	1600.0
134.399	134.979	378.3	1600.0	262.4	0.0	1600.0	1600.0	1600.0	1600.0
134.999	135.079	373.2	578.1	21.0	218.1	1600.0	1600.0	1600.0	1600.0
135.251	135.351	380.6	1600.0	0.0	277.3	1600.0	1600.0	1600.0	1600.0
135.368	135.578	302.9	1600.0	119.9	94.6	1600.0	1600.0	1600.0	1600.0
135.672	135.772	389.5	1600.0	362.6	0.0	1600.0	1600.0	1600.0	1600.0
135.789	135.919	403.9	1600.0	142.8	129.9	1600.0	1600.0	1600.0	1600.0
136.052	136.182	737.9	1600.0	155.2	734.6	1600.0	1600.0	1600.0	1600.0
136.198	136.328	1600.0	325.5	70.0	635.7	1600.0	1600.0	1600.0	575.7
136.349	136.729	1600.0	280.4	0.0	524.1	1600.0	1600.0	1600.0	1600.0
136.752	136.872	491.1	1600.0	0.0	434.7	1600.0	1600.0	1600.0	1600.0
136.89	136.98	522.5	541.7	0.0	458.9	1600.0	1600.0	1600.0	1600.0
137.321	137.571	410.8	581.0	285.4	0.0	1600.0	1600.0	1600.0	1600.0
137.891	138.101	482.6	1600.0	408.7	0.0	1600.0	1600.0	1600.0	1600.0
138.289	138.409	370.0	1600.0	301.2	0.0	1600.0	1600.0	1600.0	1600.0
138.436	138.526	239.8	1600.0	287.7	0.0	1600.0	1600.0	1600.0	1600.0
138.549	138.799	269.7	1600.0	272.5	0.0	1600.0	1600.0	1600.0	79.1
138.866	139.366	283.4	1600.0	282.0	0.0	1600.0	1600.0	1600.0	1600.0
139.519	139.769	286.2	1600.0	290.1	0.0	1600.0	1600.0	1600.0	1600.0
139.807	139.937	290.9	1600.0	323.5	0.0	1600.0	1600.0	1600.0	1600.0
140.09	140.25	303.2	1600.0	310.2	0.0	1600.0	1600.0	1600.0	1600.0
140.265	140.365	284.6	1600.0	293.3	0.0	1600.0	1600.0	1600.0	1600.0
140.39	140.8	285.0	1600.0	317.2	0.0	1600.0	1600.0	1600.0	1600.0
140.936	141.196	326.7	1600.0	321.5	0.0	1600.0	1600.0	1600.0	1600.0
141.236	141.466	320.7	1600.0	334.6	0.0	1600.0	1600.0	1600.0	1600.0
141.486	141.786	344.9	1600.0	321.5	0.0	1600.0	1600.0	1600.0	1600.0
141.804	141.894	344.4	1600.0	337.3	0.0	1600.0	1600.0	1600.0	1600.0
141.989	142.069	324.8	1600.0	321.3	0.0	1600.0	1600.0	1600.0	1600.0
142.085	142.345	252.4	598.4	301.4	0.0	904.8	1600.0	1600.0	1600.0
142.366	142.476	285.0	1600.0	288.4	0.0	887.6	1600.0	1600.0	1600.0
142.514	142.634	342.0	1600.0	320.8	0.0	901.0	1600.0	1600.0	1600.0
142.836	142.996	420.1	1600.0	374.8	0.0	923.8	1600.0	1600.0	1600.0
143.084	143.194	404.6	1600.0	349.0	0.0	1600.0	1600.0	1600.0	1600.0
143.238	143.418	387.4	1600.0	353.1	0.0	1600.0	1600.0	1600.0	1600.0
143.483	144.003	375.4	1600.0	379.2	0.0	1600.0	1600.0	1600.0	1600.0
144.065	144.215	435.3	1600.0	385.4	0.0	1600.0	1600.0	1600.0	1600.0
144.237	144.307	417.1	1600.0	371.3	0.0	1600.0	1600.0	1600.0	1600.0
144.356	144.606	316.3	1600.0	207.1	17.0	1600.0	1600.0	1600.0	1600.0
144.757	144.947	1015.2	491.0	254.6	355.1	1600.0	1600.0	1600.0	1600.0
145.063	145.243	628.5	337.3	0.0	595.7	1600.0	1600.0	1600.0	1600.0
145.284	145.404	489.0	1600.0	0.0	448.9	1600.0	1600.0	1600.0	353.4
145.425	145.695	419.3	1600.0	176.0	356.2	1600.0	1600.0	1600.0	262.4
145.757	145.927	370.5	1600.0	180.0	310.8	1600.0	1600.0	1600.0	1600.0
146.006	146.256	314.6	1600.0	88.1	126.2	1600.0	1600.0	1600.0	1600.0
146.275	146.395	342.7	1600.0	382.4	66.0	1600.0	1600.0	826.0	1600.0
146.801	147.171	563.1	1600.0	464.0	0.0	1600.0	1600.0	663.6	1600.0
147.236	147.336	551.0	1600.0	618.5	22.0	1600.0	1600.0	1600.0	1600.0
147.373	147.483	361.8	1600.0	0.0	234.0	1600.0	1600.0	1600.0	139.5
147.501	147.671	373.8	1600.0	272.9	217.3	1600.0	1600.0	1600.0	120.4
147.732	147.912	516.2	1600.0	156.1	459.8	1600.0	1600.0	1600.0	1600.0
147.935	148.375	499.9	1600.0	0.0	471.8	1600.0	1600.0	1600.0	258.3
148.39	148.48	569.0	1600.0	0.0	611.2	1600.0	1600.0	1600.0	1600.0
148.504	148.864	1600.0	1600.0	0.0	538.6	1600.0	1600.0	1600.0	1600.0
148.885	149.015	1600.0	557.2	0.0	495.9	1600.0	1600.0	1600.0	1600.0
149.031	149.141	594.7	491.0	0.0	539.8	1600.0	1600.0	430.6	1600.0
149.242	149.462	602.7	1600.0	0.0	531.1	1600.0	1600.0	1600.0	402.5
149.472	149.682	529.4	1600.0	0.0	463.7	1600.0	1600.0	1600.0	1600.0
149.701	150.231	439.8	1600.0	0.0	401.6	1600.0	1600.0	310.9	1600.0
150.271	150.381	402.7	1600.0	0.0	371.4	1600.0	1600.0	670.4	1600.0
150.464	150.684	602.8	1600.0	0.0	514.2	1600.0	1600.0	521.7	1600.0
150.704	151.064	549.6	1600.0	0.0	457.9	1600.0	1600.0	544.6	1600.0
151.099	151.499	454.4	1600.0	0.0	362.5	1600.0	1600.0	615.4	1600.0
151.551	151.681	358.6	1600.0	0.0	220.9	1600.0	1600.0	1600.0	1600.0
151.773	151.933	266.9	1600.0	136.3	56.4	1600.0	1600.0	68.0	1600.0
152.052	152.302	383.7	1600.0	361.8	0.0	1600.0	1600.0	147.3	1600.0
152.368	152.468	355.0	1600.0	267.6	0.0	1600.0	1600.0	1600.0	1600.0
152.623	152.883	461.1	1600.0	0.0	375.4	1600.0	1600.0	636.2	1600.0
152.902	153.002	391.5	1600.0	0.0	325.2	1600.0	1600.0	694.7	1600.0
153.04	153.18	387.5	1600.0	0.0	316.7	1600.0	1600.0	694.3	1600.0
153.202	153.402	501.8	1600.0	0.0	405.8	1600.0	1600.0	1600.0	1600.0
153.422	153.682	609.1	1600.0	0.0	505.8	1600.0	1600.0	1600.0	1600.0
154.018	154.558	413.8	1600.0	0.0	277.4	1600.0	1600.0	191.9	1600.0
154.741	154.831	561.1	1600.0	541.1	61.6	1600.0	1600.0	1600.0	288.9
154.999	155.379	532.2	1600.0	454.8	0.0	1600.0	1600.0	198.3	1600.0
155.398	155.498	503.5	1600.0	451.2	0.0	1600.0	1600.0	1600.0	199.7
155.556	155.796	416.9	977.6	305.0	0.0	1600.0	1600.0	860.0	1600.0
155.818	156.118	409.3	1600.0	321.4	0.0	1600.0	1600.0	879.2	1600.0
156.271	156.541	236.6	1600.0	266.1	0.0	1600.0	1600.0	1600.0	1600.0
156.559	156.799	59.7	782.8	382.5	75.3	1600.0	1600.0	1600.0	1600.0
156.855	157.345	60.0	1600.0	540.2	0.0	1600.0	1600.0	1600.0	1600.0
157.37	157.48	164.0	967.0	523.9	0.0	1600.0	1600.0	1600.0	1600.0
157.516	157.746	152.1	905.2	449.0	0.0	1600.0	1600.0	1600.0	1600.0
157.785	157.985	215.8	1600.0	508.5	0.0	1600.0	1600.0	1600.0	1600.0
158.089	158.199	194.1	1027.5	535.2	0.0	1600.0	1600.0	1600.0	1600.0
158.369	158.489	305.7	1600.0	548.0	0.0	1600.0	1600.0	1600.0	1600.0
158.508	158.768	302.3	1600.0	536.3	0.0	1600.0	1600.0	1600.0	1600.0
158.787	158.897	284.5	1600.0	546.1	0.0	1600.0	1600.0	1600.0	1600.0
158.914	159.034	264.1	1600.0	559.7	10.6	1600.0	1600.0	1600.0	1600.0
159.414	159.504	266.2	1600.0	568.7	0.0	1600.0	1600.0	1600.0	1600.0
159.529	159.839	303.4	1600.0	650.1	7.0	705.0	1600.0	1600.0	1600.0
159.845	160.375	281.1	1600.0	585.2	0.0	1600.0	1600.0	1600.0	1600.0
160.458	160.638	77.4	1600.0	580.5	0.0	1600.0	1600.0	1600.0	1600.0
162.223	162.533	259.5	1600.0	574.1	0.0	1600.0	1600.0	1600.0	1600.0
162.603	162.823	252.9	1600.0	560.0	0.0	1600.0	1600.0	1600.0	1600.0
162.852	163.112	302.2	1600.0	656.4	2.8	1600.0	1600.0	1600.0	1600.0
163.132	163.652	280.9	1600.0	591.4	0.0	1600.0	1600.0	1600.0	1600.0
163.686	163.856	117.9	1600.0	661.6	0.0	1600.0	1600.0	1600.0	1600.0
164.055	164.215	21.0	1600.0	507.0	0.0	1600.0	1600.0	1600.0	1600.0
164.231	164.311	29.1	1600.0	484.0	0.0	1600.0	1600.0	1600.0	1600.0
164.336	164.426	53.6	1600.0	468.0	4.0	1600.0	1600.0	1600.0	1600.0
164.443	164.893	131.0	1600.0	590.0	0.0	1600.0	1600.0	1600.0	1600.0
164.966	165.136	301.4	1600.0	574.3	0.0	1600.0	1600.0	1600.0	1600.0
165.685	165.925	281.2	1600.0	639.2	0.0	1600.0	1600.0	1600.0	1600.0
165.965	166.265	79.2	1600.0	535.0	0.0	1600.0	1600.0	1600.0	1600.0
166.341	166.651	145.8	1600.0	619.1	0.0	1600.0	1600.0	1600.0	1600.0
166.684	166.924	217.5	1600.0	607.0	0.0	1600.0	1600.0	1600.0	1600.0
166.934	167.224	277.3	1600.0	683.0	0.0	1600.0	1600.0	1600.0	1600.0
167.33	167.52	147.6	1600.0	583.7	0.0	1600.0	1600.0	1600.0	1600.0
167.833	168.103	326.4	1007.2	558.4	0.0	1600.0	1600.0	1600.0	1600.0
168.122	168.202	327.4	1015.4	567.1	0.0	1600.0	1600.0	1600.0	1600.0
168.244	168.394	336.4	1037.3	591.9	0.0	786.9	1600.0	1600.0	1600.0
168.439	168.979	61.5	1600.0	508.0	0.0	1600.0	1600.0	1600.0	1600.0
169.022	169.432	15.1	1600.0	486.5	0.0	1600.0	1600.0	1600.0	1600.0
169.451	169.561	13.0	1600.0	557.4	0.0	1600.0	1600.0	1600.0	1600.0
169.738	169.948	49.4	1600.0	721.0	1.0	1600.0	1600.0	1600.0	1600.0
170.043	170.213	84.7	1600.0	668.0	0.0	1600.0	1600.0	1600.0	1600.0
170.272	170.372	88.0	1600.0	639.0	0.0	1600.0	1600.0	1600.0	1600.0
171.112	171.192	1600.0	1600.0	0.0	879.3	1600.0	1600.0	1600.0	1600.0
171.247	171.417	269.3	696.8	195.4	273.2	1600.0	1600.0	1600.0	1600.0
171.502	171.592	175.5	883.6	377.8	86.0	1600.0	1600.0	1600.0	1600.0
171.9	172.02	399.1	1600.0	706.8	39.8	1600.0	1600.0	1600.0	1600.0
172.041	172.151	367.6	1600.0	644.6	0.0	1600.0	1600.0	1600.0	1600.0
172.188	172.698	342.7	1600.0	626.4	0.0	1600.0	1600.0	1600.0	1600.0
172.759	172.829	320.4	1600.0	687.0	18.7	1600.0	1600.0	1600.0	1600.0
172.911	173.381	1600.0	1052.5	518.0	0.0	1600.0	1600.0	1600.0	1600.0
173.388	173.998	1600.0	1600.0	424.0	0.0	1600.0	1600.0	1600.0	1600.0
174.017	174.107	141.2	1600.0	383.1	55.3	1600.0	1600.0	1600.0	1600.0
174.13	174.22	118.9	949.6	465.0	0.0	1600.0	1600.0	1600.0	1600.0
174.307	174.427	114.5	838.8	335.2	113.0	1600.0	1600.0	1600.0	1600.0
174.467	174.697	402.0	1600.0	248.5	298.3	1600.0	1600.0	1600.0	1600.0
175.019	175.379	1600.0	527.2	68.6	413.8	1600.0	1600.0	1600.0	1600.0
175.415	175.505	311.1	1600.0	156.8	318.8	1600.0	1600.0	1600.0	1600.0
175.649	175.739	496.4	1263.0	820.4	109.9	1600.0	1600.0	1600.0	1600.0
175.839	175.999	422.4	1600.0	677.4	15.0	1600.0	1600.0	1600.0	1600.0
176.105	176.365	384.4	1600.0	646.3	0.0	1600.0	1600.0	1600.0	1600.0
176.406	176.646	352.5	1600.0	612.9	0.0	1600.0	1600.0	1600.0	1600.0
176.669	177.089	328.1	1600.0	603.4	0.0	1600.0	1600.0	1600.0	1600.0
177.104	177.214	298.8	881.7	445.0	43.0	1600.0	1600.0	1600.0	1600.0
177.606	178.046	608.9	291.6	0.0	666.7	1600.0	1600.0	1600.0	1600.0
178.224	178.334	279.3	1180.7	680.4	15.0	1600.0	1600.0	1600.0	1600.0
178.378	178.468	145.1	1097.4	571.0	0.0	1600.0	1600.0	1600.0	1600.0
178.485	178.615	126.7	1068.2	546.0	0.0	1600.0	1600.0	1600.0	1600.0
178.697	178.767	403.2	1060.1	627.0	10.8	1600.0	1600.0	1600.0	1600.0
178.783	178.943	374.1	1038.6	599.1	0.0	1600.0	1600.0	1600.0	1600.0
179.077	179.187	359.6	1038.3	595.8	0.0	1600.0	1600.0	1600.0	1600.0
179.206	179.326	368.4	1059.1	617.6	0.0	1600.0	1600.0	1600.0	1600.0
179.367	179.867	108.4	1054.4	535.0	0.0	1600.0	1600.0	1600.0	1600.0
179.887	179.997	97.1	1038.2	521.0	0.0	1600.0	1600.0	1600.0	1600.0
180.032	180.302	49.4	1029.1	491.0	0.0	1600.0	1600.0	1600.0	1600.0
180.327	180.457	58.1	1026.5	490.0	0.0	1600.0	1600.0	1600.0	1600.0
180.532	180.602	80.3	1014.1	484.1	0.0	1600.0	1600.0	1600.0	1600.0
180.626	180.886	141.2	1600.0	468.7	0.0	1600.0	1600.0	1600.0	1600.0
180.926	181.116	116.7	940.4	465.4	0.0	1600.0	1600.0	1600.0	1600.0
181.153	181.673	1600.0	1600.0	139.1	237.0	1600.0	1600.0	459.3	1600.0
182.036	182.246	1600.0	1600.0	0.0	618.0	1600.0	1600.0	350.1	1600.0
182.283	182.403	423.2	1600.0	0.0	507.0	1600.0	1600.0	1600.0	1600.0
182.421	182.581	420.6	1600.0	3.0	494.5	1600.0	1600.0	1600.0	1600.0
182.613	182.853	354.1	618.6	0.0	445.6	1600.0	1600.0	1600.0	1600.0
182.871	182.951	1600.0	1600.0	0.0	536.6	1600.0	1600.0	279.6	1600.0
183.101	183.351	1600.0	1600.0	0.0	754.1	1600.0	1600.0	472.7	1600.0
183.373	183.513	1600.0	264.1	0.0	737.5	1600.0	1600.0	431.2	1600.0
183.673	183.853	1600.0	302.5	0.0	731.1	1600.0	1600.0	429.7	1600.0
183.945	184.135	1600.0	224.2	0.0	813.6	1600.0	1600.0	478.6	1600.0
184.151	184.321	1600.0	272.2	0.0	738.5	1600.0	1600.0	433.1	1600.0
184.722	184.972	1600.0	1600.0	0.0	685.7	1600.0	1600.0	1600.0	1600.0
185.051	185.131	1600.0	1600.0	0.0	615.9	1600.0	1600.0	227.0	1600.0
185.17	185.28	1600.0	1600.0	0.0	617.6	1600.0	1600.0	326.3	1600.0
185.301	185.421	469.1	1600.0	0.0	603.2	1600.0	1600.0	317.0	1600.0
185.444	185.554	1600.0	1600.0	0.0	572.7	1600.0	1600.0	1600.0	1600.0
185.634	185.834	1600.0	1600.0	0.0	732.1	1600.0	1600.0	1600.0	1600.0
185.854	185.924	1600.0	1600.0	0.0	748.6	1600.0	1600.0	1600.0	1600.0
185.932	186.212	1600.0	1600.0	0.0	710.8	1600.0	1600.0	1600.0	1600.0
186.27	186.76	1600.0	1600.0	0.0	669.9	1600.0	1600.0	325.4	1600.0
186.942	187.082	1600.0	1600.0	0.0	650.0	1600.0	1600.0	1600.0	1600.0
187.1	187.37	1600.0	1600.0	0.0	666.2	1600.0	1600.0	1600.0	1600.0
187.39	187.75	1600.0	1600.0	0.0	727.2	1600.0	1600.0	1600.0	1600.0
187.791	187.981	1600.0	1600.0	0.0	788.1	1600.0	1600.0	1600.0	1600.0
188.048	188.228	1600.0	1600.0	0.0	838.7	1600.0	1600.0	1600.0	1600.0
188.319	188.719	1600.0	1600.0	0.0	729.3	1600.0	1600.0	1600.0	1600.0
188.739	188.829	1600.0	1600.0	0.0	690.4	1600.0	1600.0	1600.0	1600.0
188.869	189.119	1600.0	1600.0	0.0	520.0	1600.0	1600.0	1600.0	1600.0
189.139	189.399	88.8	1600.0	402.1	38.0	1600.0	1600.0	1600.0	1600.0
189.706	189.986	1044.3	1042.8	551.4	0.0	1600.0	1600.0	1600.0	1600.0
190.12	190.19	195.2	1006.3	521.9	0.0	1600.0	1600.0	1600.0	1600.0
190.206	190.456	140.0	1053.0	536.0	0.0	1600.0	1600.0	1600.0	1600.0
190.466	190.676	1043.5	1006.0	489.6	0.0	1600.0	1600.0	1600.0	1600.0
190.756	190.906	124.0	1000.0	488.6	0.0	1600.0	1600.0	1600.0	1600.0
191.016	191.266	270.1	1003.7	543.0	0.0	1600.0	1600.0	1600.0	1600.0
191.286	191.386	246.8	1006.5	538.1	0.0	1600.0	1600.0	1600.0	1600.0
191.41	191.65	1105.8	1600.0	505.8	0.0	1600.0	1600.0	1600.0	1600.0
191.67	191.8	1091.3	1600.0	504.8	0.0	1600.0	1600.0	1600.0	1600.0
191.836	191.996	1091.8	1600.0	564.4	0.0	1600.0	1600.0	1600.0	1600.0
192.016	192.336	1600.0	1600.0	543.0	0.0	1600.0	1600.0	1600.0	1600.0
192.705	192.975	1600.0	1600.0	236.4	325.0	1600.0	1600.0	1600.0	1600.0
193.088	193.238	1600.0	1600.0	20.0	969.3	1460.9	1600.0	1600.0	1600.0
193.315	193.585	1600.0	462.3	0.0	550.4	1600.0	1600.0	1600.0	1600.0
193.604	193.684	287.8	1600.0	64.0	375.0	1600.0	1600.0	1600.0	1600.0
193.695	193.765	215.1	1600.0	144.2	304.0	1600.0	1600.0	1600.0	1600.0
193.895	194.015	302.1	1600.0	744.6	86.0	1600.0	1600.0	1600.0	1600.0
194.056	194.196	227.5	1083.1	605.7	0.0	1600.0	1600.0	1600.0	1600.0
194.219	194.479	151.2	1005.0	507.8	0.0	1600.0	1600.0	1600.0	1600.0
194.486	195.016	102.4	1025.7	519.0	0.0	1600.0	1600.0	1600.0	1600.0
195.057	195.207	82.3	1600.0	499.0	0.0	1600.0	1600.0	1600.0	1600.0
195.228	195.568	73.8	1063.6	546.2	0.0	1600.0	1600.0	1600.0	1600.0
195.605	195.815	78.7	1034.5	522.5	0.0	1600.0	1600.0	1600.0	1600.0
195.856	196.386	128.4	1600.0	518.7	0.0	1600.0	1600.0	1600.0	1600.0
196.553	197.063	385.0	997.0	585.8	0.0	1600.0	1600.0	1600.0	1600.0
197.133	197.353	412.2	1600.0	617.2	0.0	1600.0	1600.0	1600.0	1600.0
197.402	197.752	420.1	1600.0	593.9	0.0	1600.0	1600.0	1600.0	1600.0
197.803	198.203	1600.0	907.9	528.5	4.0	1600.0	1600.0	1600.0	1600.0
198.226	198.336	1600.0	1600.0	223.0	337.0	1600.0	1600.0	1600.0	1600.0
198.624	198.694	1600.0	1600.0	126.0	1130.7	1600.0	1600.0	491.2	1600.0
198.776	199.436	1600.0	1600.0	0.0	858.4	1600.0	1600.0	673.2	1600.0
199.456	199.616	1600.0	1600.0	0.0	809.7	1600.0	1600.0	714.0	1600.0
199.752	199.962	1600.0	1600.0	0.0	768.3	1600.0	1600.0	1600.0	1600.0
200.151	200.241	1600.0	1600.0	0.0	722.2	1600.0	1600.0	1600.0	1600.0
200.423	200.753	1600.0	1600.0	0.0	705.6	1600.0	1600.0	1600.0	1600.0
200.844	200.974	1600.0	1600.0	0.0	854.5	1600.0	1600.0	1600.0	1600.0
200.991	201.251	1600.0	1600.0	0.0	697.2	1600.0	1600.0	1600.0	1600.0
201.275	201.585	1600.0	1600.0	59.0	387.5	952.1	1600.0	1600.0	1600.0
201.67	202.01	224.7	706.0	221.7	214.0	1600.0	1600.0	1600.0	1600.0
202.143	202.333	463.3	1600.0	675.3	31.8	1600.0	1600.0	1600.0	1600.0
202.354	202.624	1600.0	1600.0	629.2	0.0	1600.0	1600.0	1600.0	1600.0
202.644	202.734	410.9	1026.0	616.3	0.0	1600.0	1600.0	1600.0	1600.0
202.792	202.882	1600.0	1016.0	602.2	0.0	1600.0	1600.0	1600.0	1600.0
202.9	203.01	390.5	997.0	579.2	0.0	1600.0	1600.0	1600.0	1600.0
203.054	203.144	382.2	983.0	565.0	0.0	1600.0	1600.0	1600.0	1600.0
203.151	203.431	419.7	1050.0	632.5	0.0	1600.0	1600.0	1600.0	1600.0
203.57	203.75	223.0	1600.0	586.6	0.0	1600.0	1600.0	399.2	1600.0
203.77	204.09	226.6	1600.0	604.5	0.0	1600.0	1600.0	412.8	1600.0
204.112	204.372	201.3	1600.0	502.1	0.0	1600.0	1600.0	1600.0	1600.0
204.498	204.568	218.9	1600.0	502.3	0.0	1600.0	1600.0	1600.0	1600.0
204.592	204.662	252.8	1600.0	533.9	0.0	1600.0	1600.0	1600.0	1600.0
204.868	205.078	402.7	940.2	540.7	0.0	1600.0	1600.0	1600.0	1600.0
205.299	205.369	1600.0	1600.0	171.8	383.2	1600.0	1600.0	1600.0	1600.0
205.45	205.55	1600.0	1600.0	13.0	627.5	1600.0	1600.0	1600.0	1600.0
205.638	205.828	490.5	1600.0	186.1	1221.2	1600.0	1600.0	1600.0	1600.0
205.898	206.008	754.0	1600.0	59.5	1600.0	1600.0	1600.0	1600.0	531.9
206.117	206.367	1600.0	326.9	5.0	800.6	1600.0	1600.0	455.8	1600.0
206.391	206.791	499.2	413.0	0.0	639.8	1600.0	1600.0	315.0	1600.0
206.811	207.071	181.9	1600.0	245.3	166.6	754.8	1600.0	1600.0	1600.0
207.091	207.161	163.5	1600.0	300.7	117.1	1600.0	1600.0	1600.0	1600.0
207.508	207.618	136.4	840.3	456.3	0.0	1600.0	1600.0	1600.0	1600.0
207.641	207.771	130.6	828.0	439.8	0.0	1600.0	1600.0	1600.0	1600.0
207.787	208.187	101.0	838.2	447.1	0.0	1600.0	1600.0	1600.0	1100.9
208.211	208.751	66.6	816.1	422.0	0.0	1600.0	1600.0	1600.0	1600.0
208.787	209.037	74.1	825.3	436.0	0.0	1600.0	1600.0	1600.0	1600.0
209.06	209.3	83.2	767.3	390.5	9.0	1600.0	1600.0	1600.0	1600.0
209.316	209.716	96.2	709.9	337.0	64.0	1600.0	1600.0	1600.0	1600.0
209.738	209.888	197.2	483.0	98.5	345.5	1600.0	1600.0	1600.0	1600.0
209.907	210.017	1600.0	463.1	41.8	441.2	1600.0	1600.0	1600.0	1600.0
210.316	210.546	1600.0	232.8	0.0	800.7	1600.0	1600.0	1600.0	1600.0
210.585	210.695	1600.0	243.6	0.0	728.8	1600.0	1600.0	1600.0	1600.0
210.708	210.998	1600.0	192.9	0.0	733.0	1600.0	1600.0	1600.0	1600.0
211.017	211.107	1600.0	1600.0	0.0	767.9	1600.0	1600.0	316.0	1600.0
211.119	211.249	1600.0	228.2	0.0	704.0	1600.0	1600.0	338.5	360.4
211.286	211.536	1600.0	436.6	0.0	716.3	1600.0	1600.0	1600.0	1600.0
211.556	211.786	1600.0	1600.0	0.0	653.7	1600.0	1600.0	310.6	1600.0
211.864	211.934	433.4	1600.0	0.0	594.3	1600.0	1600.0	1600.0	1600.0
212.038	212.388	412.9	1600.0	55.2	499.1	1600.0	1600.0	1600.0	1600.0
212.558	212.698	234.8	1600.0	358.4	108.0	1600.0	1600.0	1600.0	1600.0
212.826	212.956	401.7	1098.7	718.3	78.6	1600.0	1600.0	1600.0	1600.0
212.974	213.044	1600.0	1013.5	624.4	0.0	1600.0	1600.0	1600.0	1600.0
213.383	213.593	334.7	1005.8	620.7	0.0	1600.0	1600.0	1600.0	1600.0
213.633	213.743	332.1	1026.8	629.6	0.0	1600.0	1600.0	1600.0	1600.0
213.807	213.887	1600.0	1600.0	611.9	0.0	1600.0	1600.0	1600.0	1600.0
213.917	213.997	149.8	1600.0	511.0	0.0	1600.0	1600.0	1600.0	1600.0
214.104	214.304	73.0	1600.0	492.0	0.0	1600.0	1600.0	1600.0	1600.0
214.422	214.902	154.4	1600.0	531.2	0.0	1600.0	1600.0	1600.0	1600.0
214.923	215.323	1600.0	1600.0	564.5	0.0	1600.0	1600.0	1600.0	1600.0
215.362	215.612	402.4	1600.0	627.6	27.0	1600.0	1600.0	1600.0	1600.0
215.636	216.226	1600.0	986.7	643.6	1.0	1600.0	1600.0	1600.0	1600.0
216.335	216.555	1005.7	1600.0	0.0	702.2	1600.0	1600.0	1600.0	1600.0
216.762	216.902	1600.0	1600.0	0.0	814.4	1600.0	1600.0	1600.0	1600.0
217.036	217.326	166.4	970.9	560.7	0.0	1600.0	1600.0	1600.0	1600.0
217.603	217.683	1600.0	1600.0	719.1	31.1	1600.0	1600.0	1600.0	1600.0
217.705	217.775	375.7	1600.0	652.6	0.0	1600.0	1600.0	1600.0	1600.0
217.841	218.051	169.2	1600.0	518.6	0.0	1600.0	1600.0	1600.0	1600.0
218.123	218.253	200.8	1600.0	581.0	0.0	1600.0	1600.0	1600.0	1600.0
218.294	218.804	189.8	1009.5	560.3	0.0	1600.0	1600.0	1600.0	1600.0
218.822	218.932	173.3	971.1	526.0	0.0	1600.0	1600.0	1600.0	1600.0
218.954	219.254	182.8	989.1	546.4	0.0	1600.0	1600.0	1600.0	1600.0
219.37	219.48	211.6	1031.5	593.5	0.0	1600.0	1600.0	1600.0	1600.0
219.503	219.933	222.2	1048.1	616.3	0.0	1600.0	1600.0	1600.0	1600.0
220.071	220.281	261.2	1088.4	654.2	0.0	1600.0	1600.0	1600.0	1600.0
220.303	220.743	199.6	969.5	543.0	0.0	1600.0	1600.0	1600.0	1600.0
220.842	221.002	209.3	991.7	561.9	0.0	1600.0	1600.0	1600.0	1600.0
221.03	221.949	1600.0	1008.3	661.7	0.0	1600.0	1600.0	1600.0	1600.0
222.072	222.282	102.6	1600.0	529.0	0.0	1600.0	1600.0	1600.0	1600.0
222.38	222.57	1029.7	1600.0	534.8	0.0	1600.0	1600.0	1600.0	1600.0
222.587	222.697	1035.7	1600.0	527.4	0.0	1600.0	1600.0	1600.0	1600.0
222.742	222.832	1052.0	1600.0	521.0	0.0	1600.0	1600.0	1600.0	1600.0
222.861	223.231	53.9	1014.8	496.5	0.0	1600.0	1600.0	1600.0	1600.0
223.242	223.492	116.5	1600.0	567.0	0.0	1600.0	1600.0	1600.0	1600.0
223.498	223.928	903.5	1600.0	624.5	0.0	1600.0	1600.0	1600.0	1600.0
224.057	224.437	1600.0	1600.0	198.2	443.3	1600.0	1600.0	1600.0	1600.0
224.667	224.917	1600.0	1600.0	25.1	406.0	1600.0	1600.0	302.1	1600.0
224.957	225.077	118.7	749.5	258.5	85.6	1600.0	1600.0	1600.0	1600.0
225.288	225.498	1600.0	986.5	534.4	0.0	1600.0	1600.0	1600.0	1600.0
225.516	225.896	128.0	892.8	466.7	0.0	1600.0	1600.0	1600.0	1600.0
225.937	226.337	1600.0	880.7	417.3	0.0	1600.0	1600.0	1600.0	1600.0
226.359	226.749	1600.0	854.4	388.0	0.0	1600.0	1600.0	1600.0	1600.0
227.307	227.737	451.6	945.4	737.0	10.0	1600.0	1600.0	1600.0	1600.0
227.755	227.845	1600.0	960.1	655.3	0.0	1600.0	1600.0	1600.0	1600.0
227.866	228.136	387.8	947.0	620.3	0.0	1600.0	1600.0	1600.0	1600.0
228.159	228.669	1600.0	1600.0	1600.0	0.0	1600.0	1600.0	1600.0	1600.0
228.696	228.966	256.1	1600.0	1600.0	0.0	1600.0	1600.0	1600.0	1600.0
228.998	229.738	1600.0	998.0	708.4	27.0	1600.0	1600.0	1600.0	1600.0
230.078	230.528	361.3	987.3	647.4	0.0	1600.0	1600.0	1600.0	1600.0
230.554	230.734	1600.0	928.8	563.5	0.0	1600.0	1600.0	1600.0	1600.0
230.846	230.996	1600.0	594.0	404.7	263.2	1600.0	1600.0	1600.0	1600.0
231.038	231.158	1600.0	609.0	398.6	244.2	1600.0	1600.0	1600.0	1600.0
231.176	231.286	1600.0	623.0	408.1	233.5	1600.0	1600.0	1600.0	1600.0
231.327	231.657	474.5	603.1	408.6	255.9	1600.0	1600.0	1600.0	1600.0
231.737	232.007	461.8	582.0	250.4	259.3	1600.0	1600.0	69.5	1600.0
232.026	232.236	437.9	626.0	283.0	211.7	1600.0	1600.0	38.0	1600.0
232.282	232.472	1600.0	637.0	287.8	200.6	1600.0	1600.0	50.2	1600.0
232.555	232.985	1600.0	981.1	542.3	0.0	1600.0	1600.0	1600.0	1600.0
233.002	233.492	219.4	999.1	589.4	0.0	1600.0	1600.0	1600.0	1600.0
233.536	233.756	1600.0	1007.4	603.4	0.0	1600.0	1600.0	1600.0	1600.0
233.776	234.256	1600.0	943.7	551.2	0.0	1600.0	1600.0	1600.0	1600.0
234.276	234.416	1600.0	1600.0	576.3	0.0	1600.0	1600.0	1600.0	1600.0
234.742	235.122	1600.0	942.0	568.3	0.0	1600.0	1600.0	1600.0	1600.0
235.143	235.563	1600.0	922.4	558.2	0.0	1600.0	1600.0	1600.0	1600.0
235.621	235.801	1600.0	550.7	419.7	325.0	1600.0	1600.0	1600.0	1600.0
235.824	236.983	1600.0	564.1	435.1	307.3	1600.0	1600.0	1600.0	1600.0
237.084	237.224	140.6	1016.8	568.2	0.0	1600.0	1600.0	1600.0	1600.0
237.241	237.331	109.0	1600.0	534.5	0.0	1600.0	1600.0	1600.0	1600.0
237.374	237.474	90.4	1000.9	516.3	0.0	1600.0	1600.0	1600.0	1600.0
237.521	237.621	105.8	1600.0	514.2	0.0	1600.0	1600.0	1600.0	1600.0
237.643	237.783	103.4	1600.0	510.0	0.0	1600.0	1600.0	1600.0	1600.0
237.804	238.014	92.8	1012.6	521.0	0.0	1600.0	1600.0	1600.0	1600.0
238.052	238.342	112.4	1053.4	559.0	0.0	1600.0	1600.0	1600.0	1600.0
238.361	238.691	127.9	1600.0	471.8	0.0	1600.0	1600.0	1600.0	1600.0
238.773	238.983	145.5	1014.3	534.0	0.0	1600.0	1600.0	1600.0	1600.0
239.023	239.423	171.1	1091.1	569.6	0.0	1600.0	1600.0	1600.0	1600.0
239.439	239.949	169.4	1052.3	563.4	0.0	1600.0	1600.0	1600.0	1600.0
240.119	240.389	1600.0	982.0	1600.0	0.0	1600.0	1600.0	1600.0	1600.0
240.41	240.5	1600.0	999.1	542.3	0.0	1600.0	1600.0	1600.0	1600.0
240.692	240.902	225.7	1029.3	581.2	0.0	1600.0	1600.0	1600.0	1600.0
240.94	241.2	255.3	982.7	542.5	0.0	1600.0	1600.0	1600.0	1600.0
241.218	241.868	273.2	978.7	608.5	0.0	1600.0	1600.0	1600.0	1600.0
241.921	242.021	289.8	1600.0	553.4	0.0	1600.0	1600.0	1600.0	1600.0
242.037	242.147	1109.8	1600.0	576.1	0.0	1600.0	1600.0	1600.0	1600.0
242.21	242.42	1600.0	1600.0	595.1	0.0	1600.0	1600.0	1600.0	1600.0
242.459	242.549	328.7	1033.8	668.9	0.0	1600.0	1600.0	1600.0	1600.0
242.611	242.791	1600.0	991.9	1600.0	0.0	1600.0	1600.0	1600.0	1600.0
243.021	243.191	353.0	938.0	651.1	0.0	1600.0	1600.0	1600.0	1600.0
243.208	243.488	1600.0	1600.0	338.0	538.3	1600.0	1600.0	1600.0	195.3
243.836	243.966	1600.0	1600.0	0.0	871.9	1600.0	1600.0	572.4	1600.0
243.989	244.079	1600.0	1600.0	40.0	708.1	1600.0	1600.0	1600.0	1600.0
244.15	244.37	1600.0	1600.0	0.0	675.5	1600.0	1600.0	1600.0	1600.0
244.536	244.756	1600.0	1600.0	463.9	314.8	1600.0	1600.0	115.0	1600.0
244.836	244.996	191.1	1600.0	438.7	0.0	1600.0	1600.0	1600.0	1600.0
245.238	245.368	343.1	1600.0	506.6	31.8	1600.0	1600.0	1600.0	831.6
245.517	245.637	302.8	1600.0	475.0	0.0	1600.0	1600.0	1600.0	1600.0
245.808	245.958	271.3	1600.0	451.0	0.0	1600.0	1600.0	1600.0	1600.0
245.969	246.189	174.8	1600.0	421.2	0.0	1600.0	1600.0	1039.5	1600.0
246.209	246.609	13.3	1600.0	345.4	39.0	1600.0	1600.0	1600.0	1600.0
246.659	246.739	46.0	1600.0	370.2	11.0	1600.0	1600.0	1600.0	1600.0
246.776	246.866	57.0	961.6	386.6	0.0	1600.0	1600.0	1600.0	1600.0
246.908	247.088	62.3	1600.0	315.2	72.3	1600.0	1600.0	577.2	1600.0
247.103	247.283	101.8	1600.0	206.9	200.6	1600.0	1600.0	1600.0	1600.0
247.478	247.568	497.0	1600.0	254.2	559.7	1600.0	1600.0	1600.0	1600.0
247.886	247.966	424.4	1600.0	344.8	555.5	1600.0	1600.0	1600.0	1600.0
248.157	248.317	272.2	593.7	230.8	338.0	1600.0	1600.0	1600.0	1600.0
248.704	248.814	1600.0	462.1	104.0	613.8	1600.0	1600.0	1600.0	1600.0
248.975	249.085	408.2	1600.0	1600.0	608.2	1600.0	1600.0	1600.0	1600.0
249.134	249.214	1600.0	1600.0	133.6	604.4	1600.0	1600.0	1600.0	1600.0
249.273	249.353	429.6	1600.0	0.0	645.0	1600.0	1600.0	1600.0	1600.0
249.377	249.557	1600.0	1600.0	51.5	656.4	1600.0	1600.0	257.1	1600.0
249.657	249.767	466.8	592.7	217.1	578.0	1600.0	1600.0	1600.0	1600.0
249.783	249.893	1600.0	517.8	261.2	566.6	1600.0	1600.0	1600.0	1600.0
249.954	250.054	487.9	1600.0	235.9	575.6	1600.0	1600.0	1600.0	1600.0
250.077	250.157	539.7	1600.0	382.4	532.0	1600.0	1600.0	1600.0	1600.0
250.225	250.395	481.9	552.2	290.4	534.7	1600.0	1600.0	1600.0	1600.0
250.483	250.613	1600.0	1600.0	264.6	608.0	1600.0	1600.0	1600.0	1600.0
250.651	250.761	280.5	1600.0	214.2	338.5	1600.0	1600.0	1600.0	110.5
250.932	251.062	1.4	1600.0	439.4	0.0	862.9	1600.0	1600.0	1600.0
251.482	251.602	324.9	873.5	613.0	38.0	1600.0	1600.0	1600.0	1600.0
251.625	251.735	332.8	905.5	602.2	46.8	1600.0	1600.0	1600.0	1600.0
251.752	251.882	326.6	740.5	573.9	41.6	1600.0	1600.0	1600.0	1600.0
251.901	252.121	248.7	1600.0	374.1	0.0	1600.0	1600.0	1600.0	1600.0
252.474	252.714	7.0	1600.0	332.8	8.0	1600.0	1600.0	1600.0	1600.0
252.891	252.991	1600.0	1600.0	224.9	95.0	1600.0	1600.0	1600.0	1600.0
253.403	253.503	359.5	950.0	711.1	91.1	1600.0	1600.0	1600.0	383.8
