,action_change_index_ogd,action,start_time,end_time,action_numbers,change,start_time_action,end_time_action
0,0,Cap Off,330.0,430.0,0,,0.0,5487.0
1,44,Apply Tip,5487.0,5587.000000000001,1,1.0,5487.0,14870.999999999998
2,127,Setting Units,14870.999999999998,14970.999999999998,2,1.0,14870.999999999998,18529.0
3,157,Priming,18529.0,18629.0,3,1.0,18529.0,31011.999999999996
4,266,Setting Units,31011.999999999996,31081.999999999996,2,-1.0,31011.999999999996,35519.0
5,304,Injection,35519.0,35619.0,4,2.0,35519.0,39986.99999999999
6,335,Setting Units,39986.99999999999,40067.0,2,-2.0,39986.99999999999,43994.0
7,372,Injection,43994.0,44074.0,4,2.0,43994.0,56167.0
8,479,Remove Tip,56167.0,56266.99999999999,5,1.0,56167.0,64902.0
9,555,Cap On,64902.0,64971.99999999999,6,1.0,64902.0,74926.0
