event_type	start_time	end_time	duration	saccade_amplitude
Fixation	0	155	155	
Fixation	275	345	70	
Saccade	345	415	70	
Saccade	455	485	30	
Saccade	525	535	10	
Saccade	545	555	10	
Fixation	555	1904	1349	
Saccade	1904	1914	10	3.26
Fixation	1914	3423	1509	
Saccade	3423	3533	110	
Saccade	3543	3613	70	
Fixation	3613	3743	130	
Saccade	3743	3783	40	15.31
Fixation	3783	4063	280	
Saccade	4063	4093	30	
Saccade	4103	4133	30	
Saccade	4163	4193	30	
Fixation	4193	5932	1739	
Saccade	5932	5972	40	8.15
Fixation	5972	6761	790	
Saccade	6761	6771	10	10.85
Fixation	6771	7391	620	
Saccade	7391	7401	10	1.91
Fixation	7401	7581	180	
Saccade	7581	7601	20	
Saccade	7641	7661	20	
Fixation	7661	7860	200	
Saccade	7860	7880	20	
Saccade	7910	7920	10	
Saccade	7950	7970	20	
Fixation	7970	8090	120	
Saccade	8090	8110	20	
Saccade	8120	8190	70	
Saccade	8310	8350	40	
Saccade	8390	8410	20	
Saccade	8420	8430	10	
Fixation	8430	8510	80	
Saccade	8510	8540	30	6.04
Fixation	8540	8620	80	
Saccade	8620	8640	20	11.2
Fixation	8640	9090	450	
Saccade	9090	9100	10	2.65
Fixation	9100	11688	2589	
Saccade	11688	11698	10	3.11
Fixation	11698	12408	710	
Saccade	12408	12488	80	
Saccade	12538	12568	30	
Fixation	12568	13457	889	
Saccade	13457	13487	30	13.33
Fixation	13487	14127	640	
Saccade	14127	14137	10	1.97
Fixation	14137	14626	490	
Saccade	14626	14706	80	
Saccade	14716	14746	30	
Fixation	14746	14836	90	
Saccade	14836	14876	40	5.59
Fixation	14876	15096	220	
Saccade	15096	15126	30	7.58
Fixation	15126	15636	510	
Saccade	15636	15696	60	14.35
Fixation	15696	16136	440	
Saccade	16136	16205	70	24.33
Fixation	16205	16375	170	
Saccade	16375	16405	30	9.39
Fixation	16405	16995	590	
Saccade	16995	17045	50	12.11
Fixation	17045	17475	430	
Saccade	17475	17495	20	5.03
Fixation	17495	17675	180	
Saccade	17675	17715	40	12.02
Fixation	17715	17935	220	
Saccade	17935	17964	30	9.61
Fixation	17964	18174	210	
Saccade	18174	18204	30	6.17
Fixation	18204	18334	130	
Saccade	18334	18364	30	5.82
Fixation	18364	18584	220	
Saccade	18584	18614	30	5.66
Fixation	18614	19014	400	
Saccade	19014	19054	40	10.62
Fixation	19054	19234	180	
Saccade	19234	19274	40	5.2
Fixation	19274	19833	560	
Saccade	19833	19863	30	6.53
Fixation	19863	20063	200	
Saccade	20063	20083	20	3.23
Fixation	20083	20773	690	
Saccade	20773	20793	20	5.5
Fixation	20793	21013	220	
Saccade	21013	21043	30	7.14
Fixation	21043	21263	220	
Saccade	21263	21283	20	4.75
Fixation	21283	21412	130	
Saccade	21412	21432	20	5.04
Fixation	21432	21612	180	
Saccade	21612	21652	40	8.25
Fixation	21652	21962	310	
Saccade	21962	21972	10	3.05
Fixation	21972	22372	400	
Saccade	22372	22412	40	10.73
Fixation	22412	23481	1069	
Saccade	23481	23501	20	9.12
Fixation	23501	23701	200	
Saccade	23701	23711	10	3.82
Fixation	23711	23851	140	
Saccade	23851	23871	20	4.91
Fixation	23871	24501	630	
Saccade	24501	24611	110	
Saccade	24651	24671	20	
Saccade	24691	24701	10	
Saccade	24721	24751	30	
Saccade	24770	24790	20	
Saccade	24810	24840	30	
Saccade	24850	24870	20	
Saccade	24930	24940	10	
Fixation	24940	26250	1309	
Saccade	26250	26350	100	
Saccade	26370	26390	20	
Fixation	26390	26599	210	
Fixation	26619	27219	600	
Saccade	27219	27229	10	8.23
Fixation	27229	27409	180	
Saccade	27409	27439	30	7.87
Fixation	27439	28139	700	
Fixation	28159	29158	999	
Saccade	29158	29218	60	8.04
Fixation	29218	30007	790	
Saccade	30007	30027	20	5.0
Fixation	30027	30357	330	
Saccade	30357	30367	10	3.09
Fixation	30367	31946	1579	
Saccade	31946	31996	50	6.54
Fixation	31996	32206	210	
Saccade	32206	32246	40	8.25
Fixation	32246	32536	290	
Saccade	32536	32596	60	15.29
Fixation	32596	34055	1459	
Saccade	34055	34065	10	6.3
Fixation	34065	34145	80	
Fixation	34185	34585	400	
Saccade	34585	34705	120	
Saccade	34755	34775	20	
Saccade	34795	34815	20	
Fixation	34815	35024	210	
Saccade	35024	35044	20	9.33
Fixation	35044	35384	340	
Saccade	35384	35394	10	1.51
Fixation	35394	35574	180	
Saccade	35574	35594	20	2.53
Fixation	35594	35864	270	
Saccade	35864	35884	20	4.52
Fixation	35884	36444	560	
Saccade	36444	36464	20	0.64
Fixation	36464	36803	340	
Saccade	36803	36813	10	6.16
Fixation	36813	37203	390	
Saccade	37203	37213	10	3.08
Fixation	37213	39372	2159	
Fixation	39392	40661	1269	
Saccade	40661	40731	70	14.39
Fixation	40731	40921	190	
Saccade	40921	40941	20	11.0
Fixation	40941	41860	919	
Saccade	41860	41920	60	13.97
Fixation	41920	42130	210	
Saccade	42130	42140	10	3.79
Fixation	42140	42960	820	
Saccade	42960	42980	20	5.21
Fixation	42980	43510	530	
Saccade	43510	43549	40	8.63
Fixation	43549	43849	300	
Saccade	43849	43859	10	1.99
Fixation	43859	44639	780	
Saccade	44639	44659	20	6.9
Fixation	44659	46098	1439	
Saccade	46148	46198	50	
Fixation	46198	47057	859	
Saccade	47057	47077	20	5.26
Fixation	47077	47327	250	
Saccade	47327	47357	30	5.16
Fixation	47357	47537	180	
Saccade	47537	47547	10	2.19
Fixation	47547	47647	100	
Saccade	47647	47667	20	
Fixation	47687	48067	380	
Saccade	48067	48087	20	4.45
Fixation	48087	48617	530	
Saccade	48617	48696	80	
Saccade	48746	48756	10	
Fixation	48756	49056	300	
Fixation	49186	49426	240	
Saccade	49426	49446	20	8.26
Fixation	49446	50136	690	
Fixation	50156	50246	90	
Saccade	50246	50266	20	
Fixation	50286	50545	260	
Fixation	50585	50705	120	
Saccade	50705	50715	10	3.8
Fixation	50715	50905	190	
Fixation	50985	51165	180	
Saccade	51165	51185	20	6.23
Fixation	51185	51255	70	
Saccade	51295	51335	40	
Fixation	51335	51435	100	
Saccade	51435	51525	90	
Fixation	51575	51885	310	
Saccade	51885	51955	70	21.38
Fixation	51955	52044	90	
Saccade	52124	52144	20	
Fixation	52144	52354	210	
Saccade	52434	52464	30	
Fixation	52464	52684	220	
Saccade	52684	52764	80	18.99
Fixation	52764	53224	460	
Saccade	53224	53284	60	
Saccade	53324	53334	10	
Fixation	53334	53584	250	
Fixation	53644	53724	80	
Saccade	53724	53753	30	
Saccade	53773	53833	60	
Fixation	53873	54033	160	
Saccade	54033	54053	20	
Saccade	54073	54093	20	
Fixation	54093	54363	270	
Saccade	54363	54433	70	18.84
Fixation	54433	54723	290	
Saccade	54723	54773	50	15.95
Fixation	54773	55073	300	
Saccade	55073	55103	30	
Saccade	55193	55213	20	
Saccade	55263	55283	20	
Fixation	55472	56132	660	
Saccade	56132	56142	10	5.78
Fixation	56142	56672	530	
Fixation	56692	56802	110	
Saccade	56802	56932	130	
Saccade	56992	57032	40	
Saccade	57042	57052	10	
Saccade	57072	57092	20	
Fixation	57092	57191	100	
Saccade	57191	57221	30	
Fixation	57241	57721	480	
Saccade	57721	57741	20	5.34
Fixation	57741	58071	330	
Saccade	58071	58081	10	2.14
Fixation	58081	58231	150	
Saccade	58231	58271	40	8.29
Fixation	58271	58421	150	
Fixation	58441	58551	110	
Fixation	58621	59150	530	
Saccade	59220	59240	20	
Fixation	59290	59620	330	
Saccade	59620	59710	90	
Saccade	59750	59800	50	
Fixation	59800	60050	250	
Saccade	60050	60060	10	0.97
Fixation	60060	60180	120	
Saccade	60180	60190	10	
Saccade	60200	60230	30	
Saccade	60270	60290	20	
Fixation	60290	60500	210	
Saccade	60500	60510	10	3.85
Fixation	60510	60599	90	
Saccade	60599	60619	20	
Saccade	60639	60709	70	
Fixation	60709	61099	390	
Fixation	61139	61899	760	
Fixation	62009	62258	250	
Saccade	62258	62348	90	
Saccade	62378	62398	20	
Fixation	62398	62468	70	
Saccade	62468	62498	30	8.43
Fixation	62498	62608	110	
Fixation	62668	62768	100	
Fixation	62868	63348	480	
Fixation	63388	63568	180	
Saccade	63568	63628	60	18.75
Fixation	63628	63788	160	
Fixation	63808	63878	70	
Saccade	63878	63918	40	8.69
Fixation	63918	64077	160	
Saccade	64077	64107	30	4.01
Fixation	64107	64187	80	
Saccade	64207	64237	30	
Saccade	64267	64287	20	
Fixation	64287	64437	150	
Fixation	64457	64527	70	
Saccade	64527	64547	20	4.86
Fixation	64547	64697	150	
Fixation	64757	65267	510	
Fixation	65287	65527	240	
Saccade	65667	65686	20	
Saccade	65706	65726	20	
Fixation	65726	66086	360	
Saccade	66086	66096	10	10.63
Fixation	66096	66266	170	
Saccade	66466	66496	30	
Fixation	66496	66746	250	
Saccade	66746	66836	90	25.73
Fixation	66836	66996	160	
Saccade	66996	67016	20	
Saccade	67076	67096	20	
Fixation	67136	67246	110	
Fixation	67286	67435	150	
Saccade	67435	67465	30	5.56
Fixation	67465	67535	70	
Fixation	67585	67755	170	
Saccade	67755	67765	10	2.18
Fixation	67765	68105	340	
Fixation	68205	68305	100	
Saccade	68305	68325	20	4.26
Fixation	68325	68545	220	
Saccade	68545	68565	20	
Fixation	68655	68905	250	
Saccade	68905	68915	10	5.27
Fixation	68915	69284	370	
Saccade	69324	69354	30	
Fixation	69354	69544	190	
Fixation	69684	69934	250	
Saccade	69934	70024	90	27.11
Fixation	70024	70094	70	
Fixation	70184	70274	90	
Fixation	70294	70514	220	
Saccade	70514	70524	10	3.72
Fixation	70524	70873	350	
Fixation	70893	71033	140	
Fixation	71053	71393	340	
Fixation	71493	71573	80	
Saccade	71573	71583	10	3.03
Fixation	71583	71763	180	
Saccade	71763	71783	20	5.2
Fixation	71783	72033	250	
Saccade	72033	72053	20	3.59
Fixation	72053	72183	130	
Fixation	72303	72652	350	
Saccade	72652	72762	110	
Saccade	72772	72862	90	
Fixation	72862	73072	210	
Saccade	73092	73122	30	
Fixation	73202	73322	120	
Fixation	73342	73562	220	
Fixation	73682	74181	500	
Saccade	74181	74211	30	4.87
Fixation	74211	74281	70	
Fixation	74301	74571	270	
Fixation	74611	74681	70	
Fixation	74741	75021	280	
Saccade	75031	75131	100	
Saccade	75141	75161	20	
Saccade	75171	75201	30	
Saccade	75311	75341	30	
Fixation	75391	75491	100	
Saccade	75491	75501	10	
Fixation	75751	75910	160	
Saccade	75910	75940	30	6.8
Fixation	75940	76210	270	
Saccade	76210	76220	10	2.63
Fixation	76220	76360	140	
Saccade	76360	76390	30	6.41
Fixation	76390	76490	100	
Fixation	76670	77100	430	
Saccade	77100	77140	40	14.86
Fixation	77140	77410	270	
Fixation	77530	77739	210	
Fixation	77759	77929	170	
Saccade	77929	77949	20	3.23
Fixation	77949	78149	200	
Fixation	78169	78269	100	
Fixation	78289	78529	240	
Fixation	78589	79189	600	
Fixation	79269	79738	470	
Fixation	79758	80308	550	
Fixation	80358	80608	250	
Fixation	80738	81977	1239	
Fixation	81997	82187	190	
Fixation	82327	82547	220	
Fixation	82647	82846	200	
Saccade	82846	82906	60	
Saccade	82916	82926	10	
Saccade	82956	82966	10	
Fixation	82966	83296	330	
Saccade	83296	83306	10	8.24
Fixation	83306	83556	250	
Fixation	83636	84166	530	
Fixation	84206	84435	230	
Saccade	84435	84465	30	
Saccade	84495	84545	50	
Saccade	84565	84665	100	
Saccade	84725	84755	30	
Fixation	84755	85105	350	
Fixation	85185	85395	210	
Saccade	85395	85415	20	
Saccade	85455	85475	20	
Fixation	85475	86134	660	
Saccade	86184	86214	30	
Saccade	86354	86384	30	
Saccade	86404	86454	50	
Fixation	86454	86794	340	
Fixation	86954	88073	1119	
Fixation	88233	88563	330	
Saccade	88563	88613	50	
Saccade	88633	88663	30	
Saccade	88683	88693	10	
Saccade	88703	88773	70	
Fixation	88953	89772	820	
Saccade	89772	89792	20	5.12
Fixation	89792	89992	200	
Saccade	89992	90012	20	1.28
Fixation	90012	90152	140	
Fixation	90172	90332	160	
Fixation	90432	90712	280	
Fixation	90732	91102	370	
Saccade	91162	91211	50	
Saccade	91271	91291	20	
Fixation	91291	91421	130	
Saccade	91421	91431	10	2.17
Fixation	91431	91531	100	
Fixation	91591	91831	240	
Saccade	91831	91851	20	4.44
Fixation	91851	92011	160	
Saccade	92011	92051	40	8.76
Fixation	92051	92591	540	
Fixation	92731	93070	340	
Fixation	93090	93160	70	
Saccade	93160	93170	10	4.82
Fixation	93170	93330	160	
Fixation	93510	93730	220	
Saccade	93730	93770	40	8.88
Fixation	93770	94110	340	
Saccade	94110	94150	40	
Fixation	94210	94410	200	
Fixation	94649	95079	430	
Saccade	95079	95169	90	
Saccade	95209	95229	20	
Saccade	95239	95249	10	
Saccade	95259	95269	10	
Saccade	95299	95349	50	
Fixation	95469	95589	120	
Saccade	95589	95679	90	32.93
Fixation	95679	96159	480	
Saccade	96159	96308	150	
Saccade	96328	96348	20	
Fixation	96468	96908	440	
Fixation	96988	97138	150	
Fixation	97158	97268	110	
Saccade	97268	97298	30	5.74
Fixation	97298	97438	140	
Fixation	97458	97548	90	
Saccade	97548	97558	10	2.74
Fixation	97558	97668	110	
Fixation	97868	98107	240	
Saccade	98197	98217	20	
Fixation	98217	98407	190	
Saccade	98427	98467	40	
Fixation	98467	98647	180	
Fixation	98687	98907	220	
Fixation	98987	99217	230	
Fixation	99277	99597	320	
Fixation	99756	100066	310	
Fixation	100086	100186	100	
Fixation	100206	100376	170	
Saccade	100376	100386	10	2.87
Fixation	100386	100806	420	
Fixation	100876	101485	610	
Saccade	101565	101625	60	
Fixation	101625	101915	290	
Fixation	101955	102065	110	
Fixation	102085	102215	130	
Fixation	102235	102755	520	
Fixation	102855	102955	100	
Saccade	102955	102965	10	3.4
Fixation	102965	103084	120	
Saccade	103124	103144	20	
Fixation	103144	103454	310	
Fixation	103474	103564	90	
Saccade	103564	103634	70	
Saccade	103654	103744	90	
Fixation	103744	103874	130	
Saccade	103874	103914	40	10.38
Fixation	103914	104024	110	
Fixation	104044	104264	220	
Fixation	104304	104604	300	
Saccade	104624	104664	40	
Fixation	104704	104843	140	
Saccade	104843	104873	30	7.98
Fixation	104873	105193	320	
Fixation	105353	105803	450	
Saccade	105803	105833	30	
Saccade	105923	105963	40	
Saccade	105973	105993	20	
Saccade	106003	106033	30	
Saccade	106043	106073	30	
Saccade	106083	106113	30	
Fixation	106113	106213	100	
Saccade	106213	106233	20	4.09
Fixation	106233	106433	200	
Saccade	106552	106572	20	
Fixation	106572	106952	380	
Saccade	106952	106962	10	2.79
Fixation	106962	107112	150	
Fixation	107212	107292	80	
Saccade	107292	107312	20	4.02
Fixation	107312	107542	230	
Saccade	107542	107572	30	8.33
Fixation	107572	107832	260	
Fixation	107852	108331	480	
Fixation	108451	108561	110	
Saccade	108561	108591	30	3.63
Fixation	108591	109011	420	
Saccade	109011	109021	10	2.61
Fixation	109021	109101	80	
Fixation	109221	109711	490	
Saccade	109711	109731	20	2.84
Fixation	109731	109880	150	
Saccade	109880	109900	20	2.8
Fixation	109900	110080	180	
Fixation	110100	110460	360	
Saccade	110460	110490	30	
Fixation	110540	111000	460	
Fixation	111040	111240	200	
Fixation	111320	111500	180	
Saccade	111500	111570	70	15.8
Fixation	111570	112049	480	
Fixation	112069	112269	200	
Saccade	112269	112279	10	5.86
Fixation	112279	112489	210	
Fixation	112509	112799	290	
Fixation	112819	113009	190	
Saccade	113009	113019	10	3.48
Fixation	113019	113159	140	
Fixation	113279	113548	270	
Saccade	113568	113588	20	
Fixation	113588	113778	190	
Saccade	113778	113828	50	
Saccade	113908	113968	60	
Fixation	113968	114308	340	
Fixation	114328	115058	730	
Fixation	115077	115287	210	
Fixation	115307	115647	340	
Fixation	115667	115807	140	
Fixation	115827	116267	440	
Fixation	116407	116806	400	
Fixation	116826	118046	1219	
Saccade	118236	118266	30	
Fixation	118266	118495	230	
Saccade	118495	118525	30	
Saccade	118635	118665	30	
Fixation	118665	118805	140	
Fixation	118945	119385	440	
Fixation	119405	120005	600	
Fixation	120204	121004	800	
