event_type	start_time	end_time	duration	saccade_amplitude
Fixation	0	155	155	
Saccade	155	175	20	
Saccade	305	315	10	
Fixation	315	545	230	
Fixation	565	755	190	
Saccade	755	785	30	6.74
Fixation	785	1094	310	
Fixation	1144	1414	270	
Fixation	1434	1634	200	
Saccade	1634	1694	60	
Saccade	2144	2164	20	
Saccade	2174	2194	20	
Saccade	2264	2294	30	
Saccade	2314	2334	20	
Saccade	2374	2414	40	
Fixation	2414	2484	70	
Saccade	2484	2514	30	
Fixation	2554	2703	150	
Saccade	2703	2713	10	2.09
Fixation	2713	2813	100	
Fixation	2833	3113	280	
Saccade	3153	3193	40	
Fixation	3213	3483	270	
Saccade	3593	3603	10	
Fixation	3603	3763	160	
Fixation	3783	3883	100	
Fixation	3903	4183	280	
Fixation	4203	4302	100	
Saccade	4302	4322	20	
Fixation	4362	4462	100	
Fixation	4482	4592	110	
Saccade	4642	4672	30	
Saccade	4712	4742	30	
Saccade	6681	6711	30	
Saccade	6751	6761	10	
Saccade	6781	6801	20	
Fixation	6801	6911	110	
Saccade	6911	6931	20	
Saccade	6951	6971	20	
Fixation	6971	7061	90	
Saccade	7181	7211	30	
Fixation	7211	7341	130	
Fixation	7381	7611	230	
Saccade	7651	7690	40	
Fixation	7690	8000	310	
Saccade	8000	8030	30	
Fixation	8070	8160	90	
Fixation	8200	8310	110	
Fixation	8330	8460	130	
Saccade	8550	8600	50	
Fixation	8620	8750	130	
Fixation	8770	8990	220	
Saccade	8990	9010	20	
Fixation	9050	9160	110	
Fixation	9180	9449	270	
Fixation	9469	10029	560	
Fixation	10079	10199	120	
Fixation	10219	10299	80	
Saccade	10349	10359	10	
Fixation	10399	10579	180	
Fixation	10599	10849	250	
Fixation	10869	11128	260	
Fixation	11168	11408	240	
Fixation	11428	11498	70	
Fixation	11628	11838	210	
Fixation	11878	11998	120	
Fixation	12018	12148	130	
Fixation	12168	12538	370	
Saccade	12538	12588	50	2.0
Fixation	12588	12837	250	
Saccade	12837	12857	20	
Fixation	12877	12997	120	
Saccade	13047	13107	60	
Saccade	13117	13147	30	
Fixation	13177	13257	80	
Saccade	13257	13277	20	
Fixation	13297	13397	100	
Saccade	13397	13417	20	
Fixation	13437	13517	80	
Saccade	13517	13537	20	3.0
Fixation	13537	13747	210	
Saccade	13747	13777	30	6.46
Fixation	13777	14077	300	
Saccade	14077	14097	20	
Fixation	14137	14227	90	
Fixation	14247	14347	100	
Saccade	14347	14367	20	4.05
Fixation	14367	14496	130	
Saccade	14496	14526	30	
Fixation	14566	14676	110	
Fixation	14696	14816	120	
Saccade	14866	14906	40	
Fixation	14906	15076	170	
Saccade	15116	15126	10	
Saccade	15136	15156	20	
Fixation	15156	15276	120	
Fixation	15296	15366	70	
Fixation	15386	15676	290	
Fixation	15696	15796	100	
Saccade	16145	16175	30	
Fixation	16175	16285	110	
Saccade	16285	16315	30	
Fixation	16385	16765	380	
Saccade	16815	16825	10	
Fixation	16825	17095	270	
Saccade	17135	17155	20	
Saccade	17165	17245	80	
Saccade	17355	17365	10	
Fixation	17365	17445	80	
Fixation	17595	17675	80	
Saccade	17675	17705	30	
Saccade	17844	17864	20	
Fixation	18034	18184	150	
Saccade	18184	18214	30	6.71
Fixation	18214	18294	80	
Fixation	18314	18524	210	
Fixation	18594	18704	110	
Saccade	18704	18724	20	2.8
Fixation	18724	18974	250	
Saccade	18974	18994	20	3.56
Fixation	18994	19084	90	
Fixation	19164	19264	100	
Fixation	19284	19394	110	
Fixation	19414	19683	270	
Fixation	19703	19793	90	
Fixation	19813	19943	130	
Fixation	19963	20083	120	
Fixation	20103	20453	350	
Fixation	20533	20743	210	
Fixation	20783	21043	260	
Fixation	21063	21133	70	
Fixation	21153	21542	390	
Saccade	21542	21592	50	
Fixation	21612	21792	180	
Saccade	21792	21832	40	
Fixation	21882	22122	240	
Saccade	22162	22182	20	
Saccade	22192	22212	20	
Fixation	22212	22332	120	
Saccade	22342	22362	20	
Saccade	22432	22452	20	
Fixation	22452	22582	130	
Saccade	22582	22592	10	4.03
Fixation	22592	22862	270	
Saccade	22862	22882	20	
Fixation	22902	23031	130	
Fixation	23051	23181	130	
Fixation	23201	23381	180	
Fixation	23401	23531	130	
Fixation	23601	23691	90	
Fixation	23731	23981	250	
Fixation	24001	24121	120	
Saccade	24181	24221	40	
Fixation	24221	24451	230	
Saccade	24451	24481	30	5.59
Fixation	24481	24561	80	
Fixation	24581	24650	70	
Saccade	24650	24680	30	9.23
Fixation	24680	24780	100	
Fixation	24850	24960	110	
Fixation	25130	25250	120	
Saccade	25250	25260	10	1.4
Fixation	25260	25350	90	
Saccade	25350	25380	30	
Fixation	25450	25580	130	
Saccade	25580	25600	20	
Fixation	25670	25800	130	
Saccade	25840	25920	80	
Saccade	25970	25990	20	
Saccade	26040	26060	20	
Saccade	26100	26120	20	
Saccade	26130	26150	20	
Saccade	26170	26200	30	
Saccade	26240	26270	30	
Saccade	26280	26319	40	
Saccade	26379	26439	60	
Saccade	26479	26499	20	
Saccade	26509	26529	20	
Saccade	26549	26569	20	
Saccade	26619	26639	20	
Saccade	26679	26699	20	
Fixation	26699	26839	140	
Fixation	26899	27349	450	
Fixation	27369	27599	230	
Fixation	27619	27879	260	
Fixation	27899	27999	100	
Fixation	28148	28388	240	
Saccade	28468	28578	110	
Fixation	28598	28678	80	
Saccade	28678	28688	10	
Saccade	28698	28718	20	
Saccade	28778	28808	30	
Fixation	28828	28988	160	
Saccade	28988	29058	70	13.23
Fixation	29058	29138	80	
Saccade	29138	29168	30	
Saccade	29198	29228	30	
Fixation	29248	29448	200	
Saccade	29588	29608	20	
Saccade	29648	29668	20	
Fixation	29668	29777	110	
Fixation	29797	29887	90	
Saccade	29947	29977	30	
Fixation	29977	30057	80	
Fixation	30147	30257	110	
Saccade	30257	30307	50	
Fixation	30387	30617	230	
Fixation	30637	31317	680	
Fixation	31397	31526	130	
Fixation	31546	31646	100	
Fixation	31666	31736	70	
Saccade	31736	31766	30	
Saccade	31796	31826	30	
Saccade	31846	31866	20	
Saccade	32006	32046	40	
Saccade	32066	32086	20	
Saccade	32096	32146	50	
Fixation	32216	32586	370	
Fixation	32646	33175	530	
Fixation	33195	33855	660	
Fixation	33895	34015	120	
Saccade	34015	34045	30	
Saccade	34245	34265	20	
Saccade	34315	34335	20	
Fixation	34335	34405	70	
Saccade	34495	34515	20	
Fixation	34515	34695	180	
Saccade	34715	34755	40	
Fixation	34755	35074	320	
Saccade	35074	35094	20	
Fixation	35134	35454	320	
Saccade	35454	35504	50	
Fixation	35564	35704	140	
Saccade	35704	35724	20	
Fixation	35814	36084	270	
Fixation	36104	36344	240	
Fixation	36364	36484	120	
Fixation	36504	36763	260	
Saccade	36843	36883	40	
Saccade	36963	37003	40	
Saccade	37113	37123	10	
Fixation	37183	37273	90	
Fixation	37313	37433	120	
Fixation	37453	37533	80	
Saccade	37533	37563	30	
Saccade	37603	37623	20	
Fixation	37623	37713	90	
Saccade	37863	37903	40	
Fixation	37903	37983	80	
Fixation	38033	38133	100	
Fixation	38153	38262	110	
Fixation	38282	38372	90	
Saccade	38432	38462	30	
Fixation	38462	38562	100	
Fixation	38602	38842	240	
Fixation	38882	38972	90	
Fixation	39032	39112	80	
Saccade	39252	39272	20	
Fixation	39272	39532	260	
Saccade	39532	39542	10	3.56
Fixation	39542	39632	90	
Fixation	39652	39892	240	
Fixation	39912	40011	100	
Fixation	40161	40561	400	
Saccade	40561	40581	20	
Saccade	41061	41091	30	
Fixation	41111	41241	130	
Saccade	41631	41660	30	
Saccade	42270	42300	30	
Fixation	42400	42480	80	
Saccade	42480	42510	30	
Saccade	42580	42600	20	
Fixation	42600	42720	120	
Saccade	42720	42740	20	
Fixation	42950	43030	80	
Saccade	43030	43060	30	
Fixation	43100	43200	100	
Fixation	43220	43329	110	
Fixation	43349	43549	200	
Saccade	43549	43579	30	
Saccade	43819	43839	20	
Saccade	43849	43879	30	
Fixation	43949	44079	130	
Fixation	44099	44199	100	
Fixation	44219	45068	849	
Saccade	45068	45088	20	3.78
Fixation	45088	45668	580	
Saccade	45668	45698	30	
Fixation	45748	45848	100	
Saccade	45848	45868	20	4.31
Fixation	45868	45988	120	
Fixation	46078	46448	370	
Saccade	46498	46538	40	
Saccade	46598	46658	60	
Saccade	46747	46777	30	
Saccade	46787	46807	20	
Fixation	46827	46897	70	
Saccade	46897	46927	30	
Saccade	46967	46987	20	
Fixation	46987	47097	110	
Saccade	47097	47117	20	
Saccade	47137	47157	20	
Saccade	47167	47187	20	
Saccade	47217	47227	10	
Fixation	47227	47307	80	
Saccade	47307	47327	20	
Saccade	47357	47377	20	
Fixation	47377	47527	150	
Saccade	47547	47587	40	
Fixation	47587	47667	80	
Fixation	47717	47817	100	
Saccade	47817	47857	40	8.96
Fixation	47857	47947	90	
Saccade	48077	48117	40	
Fixation	48137	48227	90	
Saccade	48227	48247	20	
Saccade	48267	48287	20	
Fixation	48287	48377	90	
Fixation	48397	48506	110	
Saccade	48506	48516	10	2.42
Fixation	48516	48646	130	
Saccade	48666	48686	20	
Fixation	48686	48796	110	
Fixation	48816	48996	180	
Saccade	48996	49016	20	
Saccade	49286	49326	40	
Saccade	49366	49406	40	
Fixation	49516	49596	80	
Fixation	49636	49726	90	
Fixation	49786	49876	90	
Fixation	49896	50016	120	
Fixation	50036	50265	230	
Saccade	50265	50285	20	
Fixation	50435	50515	80	
Saccade	50635	50675	40	
Saccade	50735	50805	70	
Saccade	51245	51265	20	
Saccade	51285	51315	30	
Saccade	51485	51515	30	
Saccade	51565	51585	20	
Saccade	51605	51645	40	
Saccade	51665	51685	20	
Saccade	51695	51715	20	
Saccade	51795	51834	40	
Saccade	51864	51904	40	
Saccade	51924	51934	10	
Saccade	51994	52014	20	
Saccade	52194	52214	20	
Saccade	52324	52344	20	
Fixation	52494	52574	80	
Saccade	52574	52614	40	
Fixation	52664	52894	230	
Fixation	52934	53114	180	
Saccade	53114	53134	20	5.46
Fixation	53134	53543	410	
Fixation	53633	53763	130	
Saccade	53763	53813	50	11.05
Fixation	53813	53883	70	
Fixation	53903	54033	130	
Fixation	54053	54143	90	
Saccade	54223	54293	70	
Saccade	54323	54343	20	
Saccade	54353	54373	20	
Fixation	54453	54563	110	
Fixation	54583	54863	280	
Fixation	54883	54993	110	
Fixation	55013	55113	100	
Saccade	55163	55193	30	
Saccade	55232	55262	30	
Saccade	55462	55512	50	
Fixation	55512	55662	150	
Fixation	55732	55852	120	
Saccade	55852	55892	40	
Fixation	55982	56232	250	
Fixation	56252	56542	290	
Saccade	56582	56622	40	
Fixation	56622	56712	90	
Saccade	56712	56732	20	
Saccade	56812	56842	30	
Fixation	56842	56921	80	
Fixation	56961	57111	150	
Fixation	57131	57211	80	
Saccade	57211	57241	30	
Fixation	57261	57381	120	
Saccade	57401	57461	60	
Fixation	57531	57611	80	
Fixation	57651	57811	160	
Saccade	57811	57831	20	
Fixation	57911	58021	110	
Fixation	58061	58141	80	
Saccade	58141	58181	40	
Fixation	58201	58331	130	
Fixation	58381	58521	140	
Saccade	58521	58541	20	
Saccade	58581	58590	10	
Saccade	58640	58730	90	
Saccade	58810	58830	20	
Saccade	58900	58920	20	
Fixation	58920	59010	90	
Saccade	59010	59040	30	4.93
Fixation	59040	59310	270	
Fixation	59350	59520	170	
Saccade	59520	59540	20	
Saccade	59600	59640	40	
Saccade	59670	59690	20	
Saccade	59710	59730	20	
Fixation	59730	59810	80	
Fixation	59850	59980	130	
Fixation	60000	60110	110	
Fixation	60150	60339	190	
Saccade	60339	60359	20	
Fixation	60419	61009	590	
Saccade	61009	61049	40	
Saccade	61099	61149	50	
Saccade	61299	61329	30	
Fixation	61399	61609	210	
Saccade	61759	61779	20	
Fixation	61779	62028	250	
Saccade	62158	62188	30	
Fixation	62188	62258	70	
Saccade	62388	62418	30	
Saccade	62478	62518	40	
Saccade	62528	62548	20	
Saccade	62658	62688	30	
Saccade	62718	62738	20	
Saccade	62778	62808	30	
Saccade	62848	62878	30	
Saccade	62918	62938	20	
Saccade	62968	62998	30	
Fixation	63078	63158	80	
Saccade	63248	63258	10	
Fixation	63258	63328	70	
Saccade	63448	63478	30	
Saccade	63488	63498	10	
Fixation	63498	63578	80	
Saccade	63628	63648	20	
Saccade	63658	63668	10	
Fixation	63727	63827	100	
Saccade	63827	63847	20	
Fixation	63867	63957	90	
Fixation	64147	64237	90	
Saccade	64297	64317	20	
Fixation	64317	64397	80	
Saccade	64397	64407	10	3.61
Fixation	64407	64497	90	
Saccade	64497	64517	20	
Fixation	64567	64757	190	
Saccade	64757	64777	20	4.29
Fixation	64777	64917	140	
Saccade	64917	64947	30	5.37
Fixation	64947	65207	260	
Saccade	65317	65347	30	
Saccade	65566	65596	30	
Saccade	65666	65686	20	
Saccade	65696	65706	10	
Fixation	65706	65776	70	
Fixation	65796	65896	100	
Fixation	65936	66446	510	
Fixation	66486	66756	270	
Saccade	66756	66776	20	4.2
Fixation	66776	67265	490	
Saccade	67265	67285	20	5.19
Fixation	67285	67805	520	
Fixation	67845	68095	250	
Fixation	68115	68365	250	
Fixation	68385	68515	130	
Saccade	68515	68555	40	
Saccade	68824	68844	20	
Saccade	68884	68904	20	
Fixation	68904	68994	90	
Saccade	69014	69044	30	
Saccade	69134	69174	40	
Saccade	69194	69214	20	
Fixation	69214	69304	90	
Saccade	69344	69364	20	
Fixation	69364	69494	130	
Saccade	69494	69544	50	11.37
Fixation	69544	69734	190	
Saccade	69774	69814	40	
Fixation	69814	70014	200	
Saccade	70134	70154	20	
Fixation	70154	70234	80	
Saccade	70234	70264	30	
Fixation	70314	70623	310	
Saccade	70623	70663	40	10.54
Fixation	70663	70883	220	
Saccade	70883	70993	110	
Saccade	71143	71163	20	
Saccade	71173	71263	90	
Fixation	71263	71443	180	
Fixation	71463	71613	150	
Fixation	71633	72592	959	
Saccade	72612	72632	20	
Fixation	72632	72732	100	
Saccade	72812	72822	10	
Fixation	72882	73032	150	
Saccade	73032	73052	20	5.48
Fixation	73052	73282	230	
Saccade	73282	73312	30	6.01
Fixation	73312	73532	220	
Fixation	73552	74091	540	
Fixation	74131	74341	210	
Fixation	74361	74541	180	
Fixation	74631	74791	160	
Fixation	74901	75321	420	
Saccade	75321	75331	10	5.6
Fixation	75331	75431	100	
Fixation	75471	75710	240	
Fixation	75730	76700	969	
Fixation	76720	76850	130	
Fixation	76870	77529	660	
Fixation	77549	77779	230	
Saccade	77859	77869	10	
Fixation	77869	78019	150	
Fixation	78079	78749	670	
Fixation	78769	79048	280	
Saccade	79048	79078	30	
Saccade	79128	79178	50	
Saccade	79268	79298	30	
Saccade	79318	79338	20	
Saccade	79348	79378	30	
Saccade	79388	79398	10	
Saccade	79408	79428	20	
Fixation	79468	79558	90	
Saccade	79558	79578	20	
Saccade	79598	79638	40	
Fixation	79638	79708	70	
Saccade	79778	79818	40	
Fixation	79818	79918	100	
Saccade	79918	79928	10	1.65
Fixation	79928	79998	70	
Saccade	79998	80028	30	4.77
Fixation	80028	80128	100	
Saccade	80148	80178	30	
Fixation	80178	80348	170	
Saccade	80348	80368	20	
Fixation	80428	80558	130	
Fixation	80578	80657	80	
Saccade	80757	80777	20	
Fixation	80777	80917	140	
Saccade	80917	80927	10	2.88
Fixation	80927	81227	300	
Fixation	81247	81627	380	
Fixation	81647	81827	180	
Fixation	81937	82047	110	
Saccade	82047	82067	20	
Saccade	82077	82107	30	
Saccade	82117	82137	20	
Saccade	82187	82207	20	
Saccade	82217	82237	20	
Fixation	82237	82446	210	
Fixation	82466	82566	100	
Saccade	82606	82646	40	
Fixation	82646	82926	280	
Saccade	82926	82956	30	
Saccade	83016	83056	40	
Saccade	83086	83106	20	
Saccade	83136	83156	20	
Saccade	83196	83246	50	
Saccade	83266	83316	50	
Saccade	83336	83346	10	
Fixation	83346	83476	130	
Saccade	83476	83506	30	
Saccade	83546	83566	20	
Saccade	83576	83616	40	
Saccade	83686	83706	20	
Saccade	83726	83746	20	
Fixation	83746	83906	160	
Saccade	83906	83926	20	
Fixation	83946	84055	110	
Saccade	84055	84125	70	
Saccade	84145	84175	30	
Fixation	84175	84285	110	
Saccade	84285	84315	30	6.34
Fixation	84315	84385	70	
Saccade	84385	84415	30	
Saccade	84455	84475	20	
Saccade	84565	84575	10	
Fixation	84575	84645	70	
Fixation	84665	84885	220	
Saccade	84885	84905	20	
Saccade	84945	84975	30	
Fixation	84975	85055	80	
Fixation	85135	85255	120	
Saccade	85255	85275	20	
Fixation	85345	85425	80	
Saccade	85425	85435	10	
Fixation	85485	85695	210	
Saccade	85695	85715	20	
Saccade	85764	85784	20	
Fixation	85784	85874	90	
Saccade	85874	85884	10	3.35
Fixation	85884	86174	290	
Fixation	86194	86294	100	
Saccade	86294	86314	20	5.15
Fixation	86314	86424	110	
Saccade	86484	86524	40	
Saccade	86674	86714	40	
Fixation	86714	86844	130	
Saccade	86904	86924	20	
Saccade	87064	87094	30	
Fixation	87094	87294	200	
Saccade	87294	87344	50	
Saccade	87433	87453	20	
Saccade	87463	87483	20	
Fixation	87483	87553	70	
Saccade	87553	87583	30	
Saccade	87643	87653	10	
Fixation	87713	87983	270	
Fixation	88183	88323	140	
Saccade	88323	88343	20	
Fixation	88453	88713	260	
Saccade	88713	88733	20	4.19
Fixation	88733	88883	150	
Fixation	88903	89142	240	
Fixation	89162	89542	380	
Fixation	89632	89862	230	
Fixation	89882	90132	250	
Fixation	90152	90762	610	
Saccade	90762	90782	20	2.94
Fixation	90782	91231	450	
Fixation	91251	91381	130	
Fixation	91401	91491	90	
Saccade	94489	94559	70	
Saccade	94589	94619	30	
Saccade	94729	94749	20	
Saccade	94779	94809	30	
Saccade	94819	94899	80	
Fixation	94899	94969	70	
Saccade	94969	94979	10	
Saccade	95009	95059	50	
Fixation	95059	95219	160	
Saccade	95219	95239	20	4.42
Fixation	95239	95349	110	
Saccade	95349	95379	30	
Saccade	95519	95539	20	
Saccade	95609	95669	60	
Saccade	95699	95719	20	
Fixation	95719	95988	270	
Saccade	95988	96028	40	
Saccade	96098	96118	20	
Saccade	96148	96158	10	
Saccade	96248	96268	20	
Saccade	96298	96328	30	
Fixation	96328	96508	180	
Saccade	96508	96588	80	2.13
Fixation	96588	96788	200	
Saccade	96788	96808	20	
Saccade	96858	96878	20	
Fixation	96878	97148	270	
Saccade	97358	97398	40	
Saccade	97418	97428	10	
Saccade	97488	97528	40	
Fixation	97577	97647	70	
Saccade	97647	97707	60	
Saccade	97767	97777	10	
Saccade	97787	97807	20	
Fixation	97867	97987	120	
Saccade	97987	98047	60	
Saccade	98087	98117	30	
Saccade	98137	98157	20	
Saccade	98177	98207	30	
Fixation	98207	98327	120	
Saccade	98327	98347	20	3.71
Fixation	98347	98417	70	
Saccade	98487	98517	30	
Fixation	98587	98797	210	
Saccade	98847	98867	20	
Fixation	98867	98967	100	
Fixation	98987	99067	80	
Fixation	99147	100056	909	
Fixation	100146	100256	110	
Fixation	100296	100366	70	
Saccade	100466	100496	30	
Saccade	100566	100586	20	
Fixation	100586	100736	150	
Saccade	100736	100756	20	4.35
Fixation	100756	100826	70	
Fixation	100866	100975	110	
Saccade	100975	100995	20	
Fixation	101145	101275	130	
Saccade	101325	101375	50	
Saccade	101415	101435	20	
Fixation	101435	101545	110	
Fixation	101585	101655	70	
Saccade	101655	101675	20	
Fixation	101785	101875	90	
Saccade	101895	101925	30	
Saccade	102145	102165	20	
Saccade	102185	102215	30	
Saccade	102265	102285	20	
Fixation	102285	102475	190	
Saccade	102475	102515	40	
Fixation	102565	102665	100	
Fixation	102684	102754	70	
Saccade	102754	102794	40	
Saccade	102834	102854	20	
Saccade	102894	102924	30	
Fixation	103144	103244	100	
Fixation	103284	103434	150	
Saccade	103434	103464	30	
Fixation	103554	103664	110	
Fixation	103704	103824	120	
Saccade	103824	103844	20	
Saccade	103854	103864	10	
Saccade	103924	103944	20	
Saccade	103994	104004	10	
Fixation	104004	104084	80	
Fixation	104154	104224	70	
Saccade	104224	104264	40	
Fixation	104284	104384	100	
Fixation	104403	104543	140	
Fixation	104563	104683	120	
Fixation	104703	104783	80	
Saccade	104783	104843	60	
Saccade	105003	105043	40	
Saccade	105133	105193	60	
Fixation	105233	105343	110	
Saccade	105423	105463	40	
Saccade	105503	105523	20	
Saccade	105553	105563	10	
Fixation	105563	105653	90	
Saccade	105653	105683	30	4.74
Fixation	105683	105863	180	
Saccade	105863	105873	10	
Saccade	105893	105913	20	
Saccade	105933	105953	20	
Fixation	105953	106063	110	
Fixation	106082	106342	260	
Fixation	106362	106572	210	
Fixation	106612	106812	200	
Saccade	106812	106822	10	
Saccade	106832	106862	30	
Saccade	106912	106932	20	
Fixation	106932	107072	140	
Saccade	107072	107092	20	
Fixation	107102	107222	120	
Saccade	107222	107262	40	
Saccade	107342	107352	10	
Saccade	107362	107382	20	
Fixation	107482	107572	90	
Saccade	107612	107692	80	
Saccade	107722	107742	20	
Saccade	107752	107771	20	
Saccade	107791	107831	40	
Fixation	107831	107921	90	
Saccade	107921	107941	20	
Saccade	107951	107961	10	
Saccade	107991	108011	20	
Saccade	108031	108061	30	
Fixation	108081	108221	140	
Saccade	108221	108231	10	1.2
Fixation	108231	108341	110	
Saccade	108341	108391	50	11.06
Fixation	108391	108491	100	
Saccade	108491	108501	10	2.17
Fixation	108501	108571	70	
Saccade	108571	108591	20	4.13
Fixation	108591	108741	150	
Fixation	108761	108881	120	
Saccade	108881	108891	10	
Saccade	108951	108961	10	
Saccade	109021	109041	20	
Saccade	109221	109251	30	
Fixation	109251	109361	110	
Fixation	109381	109680	300	
Fixation	109720	109940	220	
Fixation	109980	110310	330	
Saccade	110310	110320	10	
Saccade	110340	110360	20	
Fixation	110360	110470	110	
Saccade	110470	110480	10	1.68
Fixation	110480	110550	70	
Saccade	110600	110640	40	
Fixation	110680	110910	230	
Saccade	110910	110930	20	3.21
Fixation	110930	111219	290	
Saccade	111219	111249	30	
Fixation	111269	111379	110	
Fixation	111399	111479	80	
Saccade	111479	111489	10	1.04
Fixation	111489	111779	290	
Fixation	111799	111889	90	
Saccade	111889	111909	20	
Fixation	111949	112079	130	
Fixation	112099	112179	80	
Fixation	112199	112359	160	
Fixation	112379	112459	80	
Saccade	112459	112489	30	5.33
Fixation	112489	112579	90	
Fixation	112619	112729	110	
Saccade	112749	112769	20	
Fixation	112769	112898	130	
Saccade	112898	112928	30	9.75
Fixation	112928	113028	100	
Saccade	113048	113118	70	
Fixation	113178	113578	400	
Fixation	113618	113858	240	
Fixation	113898	114078	180	
Fixation	114178	114248	70	
Saccade	114248	114278	30	
Saccade	114398	114428	30	
Saccade	114488	114508	20	
Saccade	114557	114577	20	
Saccade	114677	114727	50	
Saccade	114767	114827	60	
Saccade	114837	114857	20	
Fixation	114857	115007	150	
Saccade	115037	115077	40	
Saccade	115237	115257	20	
Saccade	115277	115327	50	
Saccade	115537	115567	30	
Saccade	115577	115597	20	
Saccade	115677	115707	30	
Fixation	115747	115857	110	
Saccade	115897	115927	30	
Fixation	115927	115997	70	
Saccade	115997	116017	20	
Saccade	116087	116107	20	
Saccade	116117	116147	30	
Saccade	116496	116516	20	
Saccade	116576	116596	20	
Saccade	116786	116806	20	
Fixation	116806	116876	70	
Fixation	116896	116996	100	
Saccade	117106	117126	20	
Saccade	117166	117186	20	
Fixation	117186	117266	80	
Saccade	117266	117296	30	
Saccade	117336	117356	20	
Fixation	117356	117556	200	
Fixation	117596	117706	110	
Fixation	117746	117876	130	
Fixation	117896	118025	130	
Saccade	118135	118165	30	
Fixation	118185	118295	110	
Fixation	118345	118425	80	
Saccade	118475	118485	10	
Fixation	118485	118575	90	
Fixation	118595	118705	110	
Saccade	118705	118715	10	
Saccade	118725	118755	30	
Fixation	118755	118825	70	
Fixation	118865	118995	130	
Fixation	119015	119115	100	
Saccade	119225	119275	50	
Saccade	119595	119624	30	
Fixation	119694	119864	170	
Fixation	119884	120074	190	
Fixation	120094	120174	80	
Saccade	120174	120194	20	
Saccade	120244	120284	40	
Saccade	120344	120354	10	
Fixation	120354	120424	70	
Saccade	120424	120444	20	
Fixation	120504	120584	80	
Saccade	120584	120594	10	2.07
Fixation	120594	120684	90	
Fixation	120704	120814	110	
Saccade	120814	120834	20	
Fixation	120914	121074	160	
Saccade	121114	121134	20	
Saccade	121164	121254	90	
Saccade	121383	121413	30	
Fixation	121413	121563	150	
Fixation	121603	121843	240	
Saccade	121843	121913	70	
Saccade	121933	121953	20	
Fixation	121953	122103	150	
Saccade	122103	122123	20	
Saccade	122163	122183	20	
Fixation	122183	122283	100	
Fixation	122303	122433	130	
Saccade	122483	122543	60	
Fixation	122733	122823	90	
Fixation	122863	122963	100	
Fixation	123002	123112	110	
Fixation	123132	123222	90	
Saccade	123222	123242	20	
Fixation	123282	123372	90	
Fixation	123412	123682	270	
Fixation	123702	123812	110	
Saccade	123892	123912	20	
Saccade	123922	123932	10	
Fixation	124162	124711	550	
Fixation	124731	124831	100	
Saccade	124831	124881	50	
Saccade	124991	125041	50	
Fixation	125041	125341	300	
Fixation	125411	125661	250	
Saccade	125671	125711	40	
Saccade	125841	125861	20	
Saccade	125881	125901	20	
Fixation	125981	126051	70	
Saccade	126530	126570	40	
Saccade	126620	126650	30	
Saccade	126690	126710	20	
Saccade	126770	126780	10	
Fixation	126780	127180	400	
Fixation	127220	127330	110	
Fixation	127350	127880	530	
Fixation	127920	128179	260	
Fixation	128199	128529	330	
Fixation	128619	128879	260	
Saccade	128879	128919	40	0.81
Fixation	128919	129049	130	
Saccade	129049	129089	40	
Fixation	129169	129299	130	
Fixation	129319	129399	80	
Saccade	129399	129429	30	
Saccade	129509	129549	40	
Saccade	129659	129679	20	
Fixation	129679	129759	80	
Saccade	129759	129778	20	
Fixation	129878	129958	80	
Saccade	129958	129968	10	
Saccade	130008	130018	10	
Fixation	130018	130448	430	
Fixation	130568	131018	450	
Saccade	131018	131108	90	
Saccade	131148	131168	20	
Fixation	131168	131248	80	
Fixation	131298	131408	110	
Fixation	131428	131557	130	
Fixation	131677	131777	100	
Fixation	131797	131927	130	
Saccade	131947	131967	20	
Fixation	131967	132207	240	
Saccade	132247	132267	20	
Fixation	132267	132527	260	
Fixation	132547	132687	140	
Saccade	132687	132707	20	5.34
Fixation	132707	132797	90	
Fixation	132817	132927	110	
Saccade	132927	132957	30	
Saccade	133027	133047	20	
Saccade	133187	133206	20	
Fixation	133206	133376	170	
Fixation	133396	133666	270	
Fixation	133686	134146	460	
Fixation	134236	134346	110	
Fixation	134386	134476	90	
Fixation	134516	134646	130	
Fixation	134666	134756	90	
Fixation	134846	135015	170	
Fixation	135085	135195	110	
Fixation	135215	135295	80	
Saccade	135295	135325	30	
Saccade	135415	135455	40	
Fixation	135495	135565	70	
Saccade	135565	135595	30	
Saccade	135635	135665	30	
Fixation	135665	135815	150	
Saccade	135815	135845	30	
Fixation	135895	136025	130	
Saccade	136095	136115	20	
Fixation	136115	136275	160	
Fixation	136315	136415	100	
Saccade	136415	136435	20	3.65
Fixation	136435	136864	430	
Fixation	136884	137494	610	
Fixation	137604	138533	929	
Saccade	138533	138563	30	9.03
Fixation	138563	138763	200	
Saccade	138763	138783	20	
Fixation	138803	138873	70	
Saccade	138873	138883	10	1.33
Fixation	138883	139013	130	
Fixation	139103	139193	90	
Fixation	139213	139323	110	
Fixation	139363	139683	320	
Saccade	139683	139713	30	5.92
Fixation	139713	140002	290	
Saccade	140062	140082	20	
Fixation	140082	140192	110	
Saccade	140192	140212	20	
Saccade	140472	140482	10	
Fixation	140482	140572	90	
Fixation	140632	140722	90	
Saccade	140722	140742	20	
Fixation	140762	140882	120	
Fixation	140902	140972	70	
Saccade	140972	141002	30	
Saccade	141052	141082	30	
Saccade	141162	141182	20	
Fixation	141182	141282	100	
Saccade	141302	141332	30	
Saccade	141392	141412	20	
Fixation	141452	141542	90	
Saccade	141542	141552	10	3.17
Fixation	141552	141691	140	
Saccade	141691	141711	20	
Fixation	141731	141891	160	
Saccade	141891	141921	30	
Fixation	142011	142081	70	
Saccade	142081	142111	30	
Saccade	142181	142211	30	
Fixation	142261	142341	80	
Saccade	142341	142381	40	1.43
Fixation	142381	142561	180	
Saccade	142561	142581	20	
Fixation	142681	142791	110	
Saccade	142791	142821	30	
Fixation	142861	142941	80	
Fixation	142981	143350	370	
Saccade	143350	143380	30	7.24
Fixation	143380	143580	200	
Saccade	143770	143800	30	
Fixation	143970	144090	120	
Saccade	144090	144130	40	
Saccade	144280	144310	30	
Fixation	144310	144460	150	
Fixation	144500	144630	130	
Fixation	144650	144800	150	
Fixation	144820	144900	80	
Fixation	144920	145099	180	
Saccade	145139	145159	20	
Fixation	145219	145359	140	
Fixation	145379	145459	80	
Saccade	145459	145479	20	
Fixation	145499	145649	150	
Fixation	145669	145759	90	
Saccade	145809	145819	10	
Fixation	145919	146179	260	
Saccade	146199	146239	40	
Saccade	146309	146339	30	
Fixation	146339	146419	80	
Saccade	146419	146449	30	
Saccade	146509	146539	30	
Fixation	146629	146778	150	
Saccade	146878	146898	20	
Fixation	146898	147028	130	
Saccade	147078	147108	30	
Fixation	147148	147238	90	
Saccade	147238	147258	20	3.18
Fixation	147258	147408	150	
Fixation	147428	147558	130	
Saccade	147558	147588	30	7.22
Fixation	147588	147948	360	
Saccade	147948	147978	30	7.38
Fixation	147978	148088	110	
Saccade	148128	148158	30	
Fixation	148158	148228	70	
Fixation	148248	148378	130	
Fixation	148447	148577	130	
Saccade	148577	148597	20	
Fixation	148697	148897	200	
Saccade	148897	148927	30	
Fixation	148947	149077	130	
Fixation	149237	149367	130	
Saccade	149437	149477	40	
Saccade	149537	149587	50	
Saccade	149697	149737	40	
Saccade	149817	149857	40	
Fixation	149947	150126	180	
Fixation	150216	150346	130	
Fixation	150366	150596	230	
Fixation	150616	150896	280	
Fixation	150946	151146	200	
Fixation	151186	151356	170	
Saccade	151356	151436	80	
Fixation	151586	151726	140	
Saccade	151726	151746	20	1.51
Fixation	151746	151885	140	
Saccade	151885	151935	50	
Saccade	151945	151985	40	
Fixation	151985	152145	160	
Fixation	152165	152265	100	
Fixation	152285	152545	260	
Fixation	152565	152695	130	
Fixation	152715	153105	390	
Fixation	153145	153395	250	
Fixation	153435	153504	70	
Fixation	153564	153724	160	
Fixation	153744	154084	340	
Saccade	154214	154234	20	
Saccade	154294	154314	20	
Saccade	154344	154364	20	
Saccade	154394	154414	20	
Saccade	154514	154544	30	
Fixation	154544	154614	70	
Saccade	154614	154634	20	
Saccade	154644	154694	50	
Fixation	154754	154824	70	
Saccade	154824	154844	20	
Saccade	154884	154894	10	
Fixation	154894	155054	160	
Saccade	155054	155094	40	
Fixation	155163	155313	150	
Saccade	155313	155333	20	
Saccade	155473	155513	40	
Fixation	155513	155583	70	
Fixation	155603	155693	90	
Fixation	155713	155843	130	
Fixation	155863	155963	100	
Fixation	156003	156093	90	
Saccade	156093	156113	20	
Fixation	156153	156613	460	
Saccade	156613	156633	20	
Fixation	156703	156882	180	
Saccade	156882	156892	10	1.92
Fixation	156892	157092	200	
Saccade	157092	157112	20	
Saccade	157182	157202	20	
Fixation	157202	157332	130	
Saccade	157332	157372	40	
Fixation	157412	157582	170	
Saccade	157582	157602	20	5.18
Fixation	157602	157692	90	
Fixation	157712	157832	120	
Saccade	157852	157882	30	
Fixation	157882	157962	80	
Fixation	157982	158082	100	
Saccade	158142	158152	10	
Fixation	158152	158332	180	
Fixation	158352	158492	140	
Fixation	158512	158601	90	
Fixation	158701	158791	90	
Fixation	158811	158911	100	
Fixation	158951	159041	90	
Fixation	159101	159191	90	
Fixation	159211	159301	90	
Fixation	159361	159741	380	
Fixation	159761	159861	100	
Saccade	159861	159891	30	
Saccade	160001	160031	30	
Saccade	160081	160111	30	
Saccade	160171	160191	20	
Saccade	160231	160251	20	
Fixation	160300	160380	80	
Saccade	160380	160400	20	1.64
Fixation	160400	160560	160	
Saccade	160650	160660	10	
Fixation	160660	160850	190	
Saccade	160850	160900	50	3.43
Fixation	160900	161130	230	
Fixation	161170	161280	110	
Fixation	161320	161500	180	
Saccade	161500	161520	20	
Fixation	161580	161710	130	
Fixation	161730	161830	100	
Saccade	161850	161870	20	
Saccade	161890	161949	60	
Saccade	161969	162009	40	
Saccade	162099	162129	30	
Saccade	162179	162199	20	
Saccade	162219	162239	20	
Saccade	162259	162279	20	
Saccade	162299	162319	20	
Saccade	162329	162379	50	
Saccade	162509	162519	10	
Fixation	162519	162699	180	
Fixation	162719	162979	260	
Saccade	162979	162989	10	2.07
Fixation	162989	163069	80	
Saccade	163169	163189	20	
Fixation	163189	163309	120	
Saccade	163309	163339	30	
Saccade	163439	163459	20	
Fixation	163459	163638	180	
Saccade	163678	163698	20	
Fixation	163698	163798	100	
Fixation	163818	164108	290	
Saccade	164248	164268	20	
Fixation	164268	164348	80	
Saccade	164478	164558	80	
Fixation	164648	164718	70	
Saccade	164718	164748	30	
Fixation	164768	164878	110	
Fixation	164898	164968	70	
Saccade	164968	164978	10	
Fixation	165068	165158	90	
Fixation	165198	165288	90	
Fixation	165328	165427	100	
Saccade	165447	165557	110	
Fixation	165597	165717	120	
Saccade	165787	165827	40	
Fixation	165897	166047	150	
Saccade	166197	166227	30	
Fixation	166227	166297	70	
Fixation	166337	166417	80	
Saccade	166417	166447	30	
Fixation	166467	166677	210	
Saccade	166677	166697	20	4.18
Fixation	166697	166877	180	
Saccade	166897	166917	20	
Fixation	166997	167096	100	
Saccade	167186	167216	30	
Fixation	167286	167396	110	
Fixation	167416	167536	120	
Saccade	167656	167676	20	
Fixation	167736	167896	160	
Saccade	167896	167906	10	3.1
Fixation	167906	167996	90	
Saccade	167996	168006	10	2.52
Fixation	168006	168076	70	
Fixation	168116	168226	110	
Fixation	168246	168366	120	
Fixation	168386	168825	440	
Fixation	168845	169035	190	
Fixation	169095	169175	80	
Fixation	169215	169315	100	
Fixation	169335	169445	110	
Fixation	169465	169685	220	
Saccade	169685	169705	20	
Saccade	169725	169755	30	
Saccade	169885	169905	20	
Saccade	170015	170035	20	
Saccade	170085	170105	20	
Fixation	170145	170265	120	
Fixation	170285	170504	220	
Saccade	170504	170524	20	
Saccade	170694	170724	30	
Fixation	170724	170794	70	
Fixation	170834	170944	110	
Fixation	170984	171094	110	
Saccade	171094	171114	20	4.46
Fixation	171114	171214	100	
Fixation	171234	171344	110	
Fixation	171404	171494	90	
Fixation	171514	171644	130	
Fixation	171664	171744	80	
Saccade	171744	171764	20	4.58
Fixation	171764	172044	280	
Fixation	172113	172333	220	
Fixation	172353	172733	380	
Fixation	172753	172863	110	
Fixation	172883	172993	110	
Saccade	173043	173063	20	
Saccade	173163	173193	30	
Saccade	173233	173253	20	
Saccade	173263	173283	20	
Fixation	173433	173613	180	
Fixation	173633	173792	160	
Saccade	173792	173812	20	
Fixation	173852	173962	110	
Fixation	173982	174102	120	
Saccade	174102	174132	30	
Fixation	174152	174252	100	
Saccade	174252	174282	30	
Saccade	174292	174312	20	
Saccade	174322	174332	10	
Fixation	174332	174412	80	
Fixation	174452	174572	120	
Saccade	174572	174592	20	
Saccade	174612	174642	30	
Fixation	174662	174752	90	
Saccade	174752	174772	20	
Fixation	174812	175062	250	
Saccade	175152	175192	40	
Saccade	175212	175232	20	
Fixation	175232	175312	80	
Fixation	175352	175452	100	
Saccade	175452	175492	40	15.52
Fixation	175492	175651	160	
Saccade	175651	175671	20	
Fixation	175761	175881	120	
Fixation	175961	176031	70	
Fixation	176051	176291	240	
Fixation	176311	176531	220	
Saccade	176611	176641	30	
Saccade	176701	176751	50	
Saccade	176801	176831	30	
Saccade	176881	176911	30	
Fixation	176911	177001	90	
Saccade	177041	177061	20	
Fixation	177061	177131	70	
Saccade	177190	177290	100	
Saccade	177300	177320	20	
Saccade	177350	177390	40	
Fixation	177390	177490	100	
Saccade	177490	177510	20	
Saccade	177630	177660	30	
Fixation	177660	177810	150	
Fixation	177850	178090	240	
Saccade	178090	178120	30	
Fixation	178180	178360	180	
Saccade	178380	178410	30	
Fixation	178450	178700	250	
Fixation	178720	178959	240	
Fixation	178979	179069	90	
Fixation	179169	179579	410	
Fixation	179599	180209	610	
Fixation	180229	180349	120	
Fixation	180399	180509	110	
Saccade	180509	180539	30	
Saccade	180588	180618	30	
Fixation	180668	180758	90	
Saccade	180758	180778	20	7.06
Fixation	180778	180908	130	
Fixation	180928	181038	110	
Fixation	181098	181288	190	
Fixation	181328	181458	130	
Fixation	181478	181588	110	
Fixation	181628	181728	100	
Saccade	181728	181748	20	
Fixation	181768	182198	430	
Saccade	182218	182277	60	
Saccade	182337	182357	20	
Saccade	182367	182387	20	
Fixation	182387	182467	80	
Saccade	182467	182477	10	5.88
Fixation	182477	182547	70	
Saccade	182547	182567	20	
Saccade	182667	182707	40	
Fixation	182707	182857	150	
Saccade	183017	183067	50	
Saccade	183117	183127	10	
Saccade	183167	183187	20	
Fixation	183187	183527	340	
Fixation	183587	183986	400	
Saccade	183986	184026	40	10.15
Fixation	184026	184096	70	
Fixation	184286	184476	190	
Saccade	184476	184516	40	
Fixation	184616	184826	210	
Fixation	184846	185116	270	
Saccade	185196	185226	30	
Fixation	185226	185416	190	
Saccade	185436	185466	30	
Fixation	185536	185675	140	
Fixation	185695	185795	100	
Fixation	185815	185985	170	
Saccade	185985	186035	50	
Fixation	186115	186335	220	
Saccade	186335	186365	30	
Saccade	186435	186475	40	
Fixation	186515	186625	110	
Fixation	186645	186755	110	
Saccade	186855	186905	50	
Saccade	186995	187035	40	
Saccade	187055	187075	20	
Saccade	187135	187155	20	
Saccade	187245	187255	10	
Saccade	187265	187285	20	
Fixation	187344	187454	110	
Saccade	187564	187584	20	
Fixation	187584	187824	240	
Saccade	187824	187854	30	7.16
Fixation	187854	188014	160	
Fixation	188064	188314	250	
Saccade	188314	188344	30	5.53
Fixation	188344	188464	120	
Saccade	188614	188644	30	
Saccade	188724	188754	30	
Saccade	188794	188814	20	
Fixation	188854	188964	110	
Fixation	189003	189113	110	
Saccade	189183	189213	30	
Saccade	189273	189313	40	
Saccade	189363	189393	30	
Saccade	189433	189453	20	
Saccade	189493	189503	10	
Fixation	189503	189663	160	
Saccade	189703	189723	20	
Fixation	189723	189933	210	
Fixation	189953	190073	120	
Fixation	190113	190203	90	
Fixation	190703	190792	90	
Saccade	190812	190832	20	
Fixation	190832	190922	90	
Saccade	190922	190932	10	3.02
Fixation	190932	191042	110	
Saccade	191042	191072	30	
Fixation	191322	191522	200	
Fixation	191562	191812	250	
Saccade	191902	191912	10	
Fixation	191912	192352	440	
Fixation	192411	192641	230	
Fixation	192681	192931	250	
Fixation	192951	193061	110	
Saccade	193131	193171	40	
Saccade	193241	193281	40	
Saccade	193291	193321	30	
Saccade	193381	193401	20	
Saccade	193411	193431	20	
Saccade	193491	193511	20	
Saccade	193571	193591	20	
Fixation	193681	193811	130	
Saccade	194001	194021	20	
Saccade	194041	194061	20	
Fixation	194150	194250	100	
Saccade	194250	194280	30	
Fixation	194370	194440	70	
Saccade	194500	194530	30	
Fixation	194530	194610	80	
Fixation	194650	194760	110	
Fixation	194780	194890	110	
Saccade	194930	194970	40	
Fixation	194970	195160	190	
Fixation	195200	195310	110	
Fixation	195330	195480	150	
Fixation	195500	195720	220	
Saccade	195780	195829	50	
Fixation	195829	196089	260	
Fixation	196179	196269	90	
Saccade	196269	196299	30	
Fixation	196319	196539	220	
Saccade	196539	196559	20	3.98
Fixation	196559	196789	230	
Saccade	196789	196819	30	5.88
Fixation	196819	196969	150	
Saccade	197069	197089	20	
Fixation	197089	197279	190	
Fixation	197299	197538	240	
Saccade	197538	197578	40	
Saccade	197618	197638	20	
Fixation	197638	197728	90	
Fixation	197748	197868	120	
Saccade	197868	197908	40	
Saccade	197988	198018	30	
Saccade	198048	198058	10	
Saccade	198108	198128	20	
Saccade	198168	198188	20	
Saccade	198218	198248	30	
Fixation	198298	198408	110	
Saccade	198428	198458	30	
Saccade	198478	198488	10	
Fixation	198488	198768	280	
Saccade	198768	198778	10	
Saccade	198798	198818	20	
Saccade	198908	198968	60	
Fixation	198968	199078	110	
Fixation	199227	199307	80	
Saccade	199367	199397	30	
Saccade	199517	199537	20	
Saccade	199547	199567	20	
Fixation	199637	199777	140	
Fixation	199837	200027	190	
Saccade	200137	200177	40	
Fixation	200197	200267	70	
Saccade	200267	200287	20	8.89
Fixation	200287	200627	340	
Fixation	200687	200817	130	
Fixation	200916	201006	90	
Saccade	201006	201036	30	
Saccade	201356	201446	90	
Saccade	201516	201526	10	
Fixation	201526	201706	180	
Fixation	201746	201926	180	
Saccade	201926	201956	30	7.21
Fixation	201956	202076	120	
Fixation	202146	202216	70	
Saccade	202216	202246	30	6.05
Fixation	202246	202346	100	
Saccade	202506	202535	30	
Fixation	202535	202695	160	
Saccade	202805	202815	10	
Fixation	202815	202905	90	
Saccade	202905	202965	60	
Fixation	202985	203155	170	
Saccade	203155	203205	50	19.2
Fixation	203205	203355	150	
Fixation	203395	203645	250	
Fixation	203685	203925	240	
Fixation	204085	204195	110	
Fixation	204215	204354	140	
Saccade	204354	204384	30	
Saccade	204484	204504	20	
Fixation	204504	204594	90	
Saccade	204594	204614	20	
Fixation	204764	204874	110	
Fixation	204934	205124	190	
Fixation	205184	205314	130	
Fixation	205334	205414	80	
Fixation	205454	205554	100	
Saccade	205554	205574	20	
Saccade	205584	205594	10	
Fixation	205594	205913	320	
Fixation	205933	206163	230	
Saccade	206163	206173	10	2.42
Fixation	206173	206543	370	
Fixation	206663	206783	120	
Saccade	206783	206803	20	4.71
Fixation	206803	206913	110	
Fixation	206983	207193	210	
Saccade	207233	207273	40	
Fixation	207273	207772	500	
Saccade	207772	207822	50	
Saccade	207882	207912	30	
Saccade	207992	208012	20	
Fixation	208012	208082	70	
Fixation	208132	208332	200	
Fixation	208352	208442	90	
Saccade	208442	208472	30	
Saccade	208512	208532	20	
Saccade	208542	208582	40	
Saccade	208702	208722	20	
Fixation	208722	209002	280	
Saccade	209012	209062	50	
Fixation	209212	209341	130	
Saccade	209361	209501	140	
Saccade	209521	209531	10	
Saccade	209541	209561	20	
Fixation	209651	209811	160	
Saccade	210021	210051	30	
Saccade	210081	210091	10	
Saccade	210141	210151	10	
Saccade	210201	210221	20	
Fixation	210221	210421	200	
Fixation	210461	210901	440	
Saccade	210901	210941	40	
Saccade	211190	211230	40	
Saccade	211270	211280	10	
Saccade	211290	211310	20	
Fixation	211380	211510	130	
Saccade	211510	211530	20	
Fixation	211550	211660	110	
Saccade	211810	211840	30	
Fixation	211840	212310	470	
Saccade	212410	212430	20	
Fixation	212430	212610	180	
Saccade	212670	212699	30	
Fixation	212749	212859	110	
Fixation	212879	212999	120	
Fixation	213019	213209	190	
Saccade	213209	213229	20	4.23
Fixation	213229	213349	120	
Saccade	213349	213369	20	
Fixation	213449	213579	130	
Fixation	213599	213679	80	
Fixation	213699	214229	530	
Fixation	214269	214508	240	
Saccade	214508	214538	30	
Saccade	214588	214618	30	
Fixation	214618	214718	100	
Saccade	214718	214738	20	
Saccade	214758	214778	20	
Saccade	214818	214838	20	
Fixation	214838	215088	250	
Saccade	215088	215108	20	5.52
Fixation	215108	215298	190	
Saccade	215298	215338	40	9.11
Fixation	215338	215928	590	
Saccade	215928	215968	40	9.29
Fixation	215968	216257	290	
Saccade	216257	216277	20	2.67
Fixation	216277	216807	530	
Saccade	216807	216827	20	6.53
Fixation	216827	217357	530	
Saccade	217357	217377	20	4.08
Fixation	217377	217447	70	
Fixation	217487	217597	110	
Saccade	217597	217617	20	4.11
Fixation	217617	217826	210	
Saccade	217826	217846	20	4.74
Fixation	217846	218076	230	
Saccade	218076	218106	30	6.44
Fixation	218106	218286	180	
Saccade	218286	218336	50	
Fixation	218626	218706	80	
Saccade	218706	218726	20	
Fixation	218736	219146	410	
Fixation	219166	219276	110	
Fixation	219296	219396	100	
Fixation	219435	219515	80	
Saccade	219515	219535	20	
Fixation	219705	220145	440	
Fixation	220185	220395	210	
Fixation	220445	221264	820	
Fixation	221284	222294	1009	
Fixation	222364	223143	780	
