event_type	start_time	end_time	duration	saccade_amplitude
Saccade	0	125	125	
Saccade	135	175	40	
Saccade	255	285	30	
Fixation	285	525	240	
Fixation	545	854	310	
Saccade	854	884	30	3.36
Fixation	884	1834	949	
Saccade	1834	1944	110	
Saccade	1994	2004	10	
Saccade	2014	2084	70	
Fixation	2084	2164	80	
Saccade	2164	2194	30	10.46
Fixation	2194	2354	160	
Saccade	2354	2394	40	6.21
Fixation	2394	3373	979	
Saccade	3373	3413	40	9.0
Fixation	3413	3523	110	
Saccade	3523	3563	40	3.01
Fixation	3563	4043	480	
Saccade	4043	4053	10	3.85
Fixation	4053	4362	310	
Saccade	4362	4372	10	
Saccade	4392	4442	50	
Saccade	4492	4522	30	
Saccade	4572	4592	20	
Saccade	4602	4622	20	
Saccade	4632	4692	60	
Saccade	4702	4742	40	
Saccade	4772	4802	30	
Fixation	4802	4962	160	
Saccade	4962	4992	30	6.48
Fixation	4992	5202	210	
Saccade	5202	5232	30	6.39
Fixation	5232	5432	200	
Saccade	5432	5462	30	4.54
Fixation	5462	5871	410	
Saccade	5871	5901	30	2.66
Fixation	5901	6431	530	
Saccade	6431	6461	30	7.44
Fixation	6461	6681	220	
Saccade	6681	6701	20	4.17
Fixation	6701	6961	260	
Saccade	6961	7011	50	10.31
Fixation	7011	7520	510	
Saccade	7520	7550	30	7.03
Fixation	7550	7730	180	
Saccade	7730	7750	20	4.99
Fixation	7750	8820	1069	
Saccade	8820	8840	20	
Saccade	8890	8920	30	
Saccade	8930	8940	10	
Saccade	8970	9020	50	
Fixation	9020	9549	530	
Saccade	9549	9599	50	
Saccade	9619	9639	20	
Saccade	9659	9689	30	
Fixation	9689	10129	440	
Saccade	10129	10149	20	2.6
Fixation	10149	10369	220	
Saccade	10369	10399	30	3.73
Fixation	10399	10669	270	
Saccade	10669	10679	10	2.06
Fixation	10679	10838	160	
Saccade	10838	10878	40	11.16
Fixation	10878	11028	150	
Saccade	11028	11048	20	3.75
Fixation	11048	11238	190	
Saccade	11238	11258	20	5.53
Fixation	11258	11428	170	
Saccade	11428	11448	20	3.14
Fixation	11448	11638	190	
Saccade	11638	11648	10	2.73
Fixation	11648	11878	230	
Saccade	11878	11928	50	8.86
Fixation	11928	12378	450	
Saccade	12378	12418	40	8.2
Fixation	12418	12597	180	
Saccade	12597	12617	20	3.93
Fixation	12617	12737	120	
Saccade	12737	12767	30	5.97
Fixation	12767	12957	190	
Saccade	12957	12967	10	1.64
Fixation	12967	13437	470	
Saccade	13437	13457	20	4.3
Fixation	13457	13617	160	
Saccade	13617	13647	30	7.53
Fixation	13647	13817	170	
Saccade	13817	13857	40	7.08
Fixation	13857	14226	370	
Saccade	14226	14266	40	6.33
Fixation	14266	14586	320	
Saccade	14586	14626	40	
Saccade	14676	14706	30	
Saccade	14766	14826	60	
Saccade	14836	14886	50	
Saccade	14896	14936	40	
Saccade	14946	15006	60	
Saccade	15026	15036	10	
Fixation	15036	15885	850	
Saccade	15935	15955	20	
Fixation	15975	16095	120	
Saccade	16095	16165	70	
Saccade	16225	16235	10	
Fixation	16235	16375	140	
Saccade	16375	16385	10	6.91
Fixation	16385	16815	430	
Saccade	16815	16845	30	10.63
Fixation	16845	17025	180	
Saccade	17025	17055	30	7.31
Fixation	17055	17464	410	
Saccade	17464	17484	20	2.43
Fixation	17484	17604	120	
Saccade	17644	17664	20	
Fixation	17664	17754	90	
Fixation	17774	17974	200	
Saccade	17974	17994	20	5.69
Fixation	17994	18294	300	
Saccade	18294	18374	80	
Saccade	18404	18434	30	
Saccade	18444	18464	20	
Fixation	18464	18594	130	
Saccade	18594	18624	30	2.78
Fixation	18624	18884	260	
Saccade	18884	18914	30	1.99
Fixation	18914	19153	240	
Saccade	19153	19173	20	6.2
Fixation	19173	19373	200	
Saccade	19373	19393	20	4.01
Fixation	19393	19603	210	
Saccade	19603	19633	30	4.93
Fixation	19633	19823	190	
Saccade	19823	19843	20	5.15
Fixation	19843	20013	170	
Saccade	20013	20093	80	
Saccade	20143	20163	20	
Saccade	20173	20193	20	
Saccade	20233	20253	20	
Saccade	20293	20323	30	
Fixation	20323	20553	230	
Fixation	20573	20842	270	
Saccade	20842	20912	70	29.61
Fixation	20912	21132	220	
Saccade	21132	21162	30	6.18
Fixation	21162	21352	190	
Saccade	21352	21382	30	5.03
Fixation	21382	21642	260	
Saccade	21642	21672	30	4.87
Fixation	21672	21812	140	
Saccade	21812	21822	10	
Saccade	21852	21862	10	
Saccade	21882	21902	20	
Saccade	21932	21972	40	
Fixation	22042	22851	809	
Fixation	22871	23081	210	
Saccade	23081	23121	40	8.32
Fixation	23121	23251	130	
Saccade	23271	23311	40	
Fixation	23311	23521	210	
Fixation	23541	23931	390	
Saccade	23931	23951	20	5.46
Fixation	23951	24090	140	
Fixation	24140	24220	80	
Saccade	24240	24260	20	
Saccade	24270	24320	50	
Saccade	24400	24430	30	
Saccade	24440	24550	110	
Fixation	24550	24640	90	
Fixation	24660	24760	100	
Saccade	24820	24840	20	
Saccade	24850	24890	40	
Saccade	24920	24950	30	
Fixation	24950	25310	360	
Saccade	25310	25340	30	
Saccade	25360	25400	40	
Fixation	25400	25470	70	
Saccade	25490	25540	50	
Fixation	25540	25640	100	
Saccade	25640	25680	40	3.62
Fixation	25680	25839	160	
Saccade	25839	25869	30	7.01
Fixation	25869	25989	120	
Fixation	26029	26139	110	
Saccade	26179	26199	20	
Fixation	26199	26439	240	
Saccade	26439	26459	20	
Fixation	26479	26639	160	
Saccade	26639	26669	30	
Saccade	26689	26709	20	
Fixation	26709	26869	160	
Saccade	26869	26909	40	0.67
Fixation	26909	26979	70	
Saccade	26979	26989	10	1.19
Fixation	26989	27059	70	
Saccade	27059	27069	10	2.13
Fixation	27069	27279	210	
Saccade	27279	27299	20	
Fixation	27389	27508	120	
Fixation	27528	27648	120	
Fixation	27688	27918	230	
Fixation	27978	28048	70	
Fixation	28088	28378	290	
Saccade	28378	28448	70	
Saccade	28508	28528	20	
Fixation	28528	28618	90	
Fixation	28638	28748	110	
Saccade	28748	28788	40	
Saccade	28828	28838	10	
Saccade	28888	28908	20	
Saccade	28928	28948	20	
Fixation	28948	29097	150	
Saccade	29097	29127	30	
Fixation	29207	29287	80	
Saccade	29287	29317	30	2.18
Fixation	29317	29417	100	
Saccade	29417	29437	20	
Saccade	29457	29547	90	
Saccade	29567	29587	20	
Saccade	29627	29637	10	
Saccade	29697	29727	30	
Fixation	29747	29837	90	
Saccade	29837	29857	20	
Saccade	29947	29987	40	
Fixation	29987	30187	200	
Saccade	30187	30217	30	9.28
Fixation	30217	30417	200	
Saccade	30417	30437	20	3.52
Fixation	30437	30597	160	
Saccade	30597	30607	10	
Saccade	30766	30806	40	
Saccade	30846	30866	20	
Fixation	30866	30956	90	
Saccade	30956	30966	10	2.26
Fixation	30966	31106	140	
Fixation	31126	31286	160	
Saccade	31286	31306	20	7.99
Fixation	31306	31686	380	
Saccade	31686	31716	30	
Fixation	31796	32206	410	
Saccade	32256	32296	40	
Saccade	32625	32675	50	
Saccade	32775	32795	20	
Saccade	32825	32845	20	
Saccade	32885	32905	20	
Saccade	32925	32945	20	
Saccade	32965	32985	20	
Saccade	33055	33075	20	
Fixation	33075	33335	260	
Saccade	33335	33355	20	4.09
Fixation	33355	33665	310	
Saccade	33725	33745	20	
Fixation	33745	34064	320	
Saccade	34064	34074	10	6.86
Fixation	34074	34394	320	
Saccade	34394	34414	20	
Saccade	34424	34444	20	
Saccade	34454	34494	40	
Fixation	34494	34564	70	
Saccade	34564	34584	20	3.09
Fixation	34584	34714	130	
Saccade	34714	34734	20	1.42
Fixation	34734	34804	70	
Saccade	34804	34854	50	
Saccade	34984	35034	50	
Saccade	35044	35064	20	
Fixation	35064	35144	80	
Saccade	35144	35154	10	
Saccade	35174	35194	20	
Fixation	35194	35664	470	
Saccade	35664	35694	30	6.82
Fixation	35694	35843	150	
Saccade	35843	35923	80	5.36
Fixation	35923	36013	90	
Saccade	36013	36033	20	1.52
Fixation	36033	36443	410	
Fixation	36473	36583	110	
Saccade	36583	36623	40	15.15
Fixation	36623	36763	140	
Saccade	36763	36793	30	
Saccade	36833	36863	30	
Saccade	36953	36973	20	
Saccade	36983	37003	20	
Fixation	37053	37203	150	
Saccade	37203	37223	20	8.9
Fixation	37223	37372	150	
Saccade	37372	37392	20	0.63
Fixation	37392	37802	410	
Fixation	37852	38172	320	
Saccade	38172	38192	20	
Saccade	38212	38232	20	
Saccade	38252	38272	20	
Fixation	38272	38442	170	
Saccade	38512	38542	30	
Fixation	38542	38772	230	
Saccade	38772	38802	30	6.23
Fixation	38802	39021	220	
Saccade	39021	39121	100	
Saccade	39171	39191	20	
Saccade	39221	39231	10	
Fixation	39231	39331	100	
Saccade	39331	39361	30	11.18
Fixation	39361	39511	150	
Saccade	39511	39541	30	8.61
Fixation	39541	39791	250	
Saccade	39791	39831	40	8.34
Fixation	39831	39971	140	
Saccade	39971	39991	20	3.99
Fixation	39991	40091	100	
Fixation	40111	40860	750	
Saccade	40860	40890	30	4.32
Fixation	40890	41320	430	
Saccade	41320	41350	30	
Saccade	41410	41450	40	
Saccade	41480	41580	100	
Saccade	41620	41630	10	
Saccade	41650	41670	20	
Fixation	41670	41830	160	
Saccade	41830	41860	30	7.6
Fixation	41860	42629	770	
Fixation	42709	43269	560	
Saccade	43339	43429	90	
Saccade	43439	43469	30	
Fixation	43469	43719	250	
Saccade	43719	43739	20	9.66
Fixation	43739	43889	150	
Saccade	43889	43909	20	4.86
Fixation	43909	44028	120	
Saccade	44028	44048	20	4.2
Fixation	44048	44258	210	
Saccade	44258	44288	30	10.45
Fixation	44288	44678	390	
Saccade	44678	44778	100	
Saccade	44808	44858	50	
Saccade	44878	44888	10	
Saccade	44918	44928	10	
Saccade	44978	44998	20	
Fixation	44998	45178	180	
Saccade	45178	45208	30	11.7
Fixation	45208	45368	160	
Saccade	45368	45388	20	4.16
Fixation	45388	45568	180	
Saccade	45568	45578	10	3.4
Fixation	45578	45847	270	
Fixation	45887	46007	120	
Saccade	46007	46027	20	3.73
Fixation	46027	46227	200	
Saccade	46227	46247	20	5.66
Fixation	46247	46557	310	
Saccade	46557	46607	50	
Saccade	46647	46727	80	
Saccade	46737	46797	60	
Saccade	46857	46887	30	
Fixation	46887	47067	180	
Saccade	47067	47087	20	3.35
Fixation	47087	47297	210	
Saccade	47297	47366	70	
Saccade	47396	47416	20	
Saccade	47436	47446	10	
Saccade	47496	47506	10	
Fixation	47506	47696	190	
Saccade	47696	47726	30	9.31
Fixation	47726	47976	250	
Saccade	47976	48006	30	5.0
Fixation	48006	48096	90	
Saccade	48096	48126	30	7.09
Fixation	48126	48556	430	
Saccade	48556	48566	10	2.8
Fixation	48566	48666	100	
Saccade	48666	48706	40	8.41
Fixation	48706	49045	340	
Saccade	49045	49065	20	5.77
Fixation	49065	49745	680	
Saccade	49745	49805	60	
Saccade	49865	49885	20	
Fixation	49885	50035	150	
Saccade	50035	50075	40	14.35
Fixation	50075	50325	250	
Fixation	50405	50505	100	
Fixation	50545	50724	180	
Saccade	50724	50744	20	3.24
Fixation	50744	50954	210	
Fixation	50974	51324	350	
Saccade	51324	51344	20	8.61
Fixation	51344	51554	210	
Saccade	51554	51654	100	
Saccade	51674	51734	60	
Saccade	51754	51774	20	
Fixation	51774	51864	90	
Saccade	51864	51884	20	8.91
Fixation	51884	52024	140	
Saccade	52024	52054	30	2.05
Fixation	52054	52244	190	
Saccade	52244	52274	30	7.41
Fixation	52274	52433	160	
Saccade	52433	52443	10	3.34
Fixation	52443	52593	150	
Fixation	52613	52803	190	
Saccade	52803	52843	40	6.92
Fixation	52843	53543	700	
Saccade	53613	53633	20	
Fixation	53633	53843	210	
Fixation	53913	54062	150	
Saccade	54062	54092	30	
Fixation	54192	54722	530	
Fixation	54742	55152	410	
Saccade	55152	55202	50	
Saccade	55312	55332	20	
Saccade	55352	55422	70	
Fixation	55422	55562	140	
Saccade	55562	55582	20	5.67
Fixation	55582	55731	150	
Saccade	55731	55761	30	5.81
Fixation	55761	55931	170	
Saccade	55931	55971	40	11.5
Fixation	55971	56171	200	
Saccade	56321	56331	10	
Saccade	56371	56401	30	
Fixation	56401	56801	400	
Saccade	56801	56831	30	3.44
Fixation	56831	57091	260	
Fixation	57111	57400	290	
Saccade	57400	57410	10	4.38
Fixation	57410	57670	260	
Fixation	57690	57930	240	
Saccade	57930	58000	70	
Saccade	58230	58240	10	
Fixation	58240	58390	150	
Saccade	58390	58410	20	3.49
Fixation	58410	58800	390	
Saccade	58800	58830	30	14.09
Fixation	58830	59079	250	
Saccade	59079	59149	70	
Saccade	59189	59199	10	
Saccade	59209	59239	30	
Fixation	59259	59359	100	
Saccade	59359	59389	30	7.15
Fixation	59389	59479	90	
Fixation	59599	59939	340	
Fixation	59959	60169	210	
Saccade	60169	60189	20	2.87
Fixation	60189	60608	420	
Saccade	60608	60648	40	9.59
Fixation	60648	60848	200	
Saccade	60848	60868	20	2.08
Fixation	60868	61128	260	
Saccade	61128	61148	20	2.02
Fixation	61148	61488	340	
Saccade	61488	61508	20	5.54
Fixation	61508	61618	110	
Saccade	61618	61628	10	1.61
Fixation	61628	61948	320	
Saccade	61948	61988	40	
Saccade	62078	62247	170	
Fixation	62247	62447	200	
Saccade	62447	62477	30	10.08
Fixation	62477	62627	150	
Saccade	62627	62657	30	5.22
Fixation	62657	62837	180	
Saccade	62837	62857	20	7.76
Fixation	62857	64156	1299	
Saccade	64156	64166	10	4.69
Fixation	64166	65086	919	
Saccade	65086	65176	90	
Saccade	65226	65246	20	
Saccade	65276	65286	10	
Saccade	65296	65326	30	
Fixation	65326	65486	160	
Saccade	65486	65516	30	8.77
Fixation	65516	65705	190	
Saccade	65705	65725	20	4.63
Fixation	65725	66075	350	
Saccade	66075	66085	10	1.46
Fixation	66085	66355	270	
Saccade	66355	66375	20	5.76
Fixation	66375	66805	430	
Saccade	66805	66825	20	6.98
Fixation	66825	67185	360	
Saccade	67185	67274	90	
Saccade	67304	67324	20	
Fixation	67324	68084	760	
Fixation	68104	68344	240	
Saccade	68344	68374	30	8.15
Fixation	68374	69003	630	
Saccade	69003	69043	40	9.66
Fixation	69043	69253	210	
Saccade	69253	69303	50	
Saccade	69313	69333	20	
Saccade	69373	69423	50	
Fixation	69423	69523	100	
Saccade	69523	69543	20	2.89
Fixation	69543	69713	170	
Saccade	69713	69743	30	6.51
Fixation	69743	69953	210	
Saccade	69953	70003	50	2.57
Fixation	70003	70173	170	
Saccade	70173	70253	80	
Saccade	70273	70283	10	
Fixation	70283	70842	560	
Saccade	70842	70852	10	3.83
Fixation	70852	71082	230	
Saccade	71082	71162	80	
Saccade	71182	71232	50	
Fixation	71232	71572	340	
Saccade	71572	71622	50	
Saccade	71692	71712	20	
Saccade	71742	71762	20	
Saccade	71782	71802	20	
Saccade	71822	71842	20	
Fixation	71842	73311	1469	
Saccade	73311	73331	20	
Saccade	73341	73471	130	
Saccade	73481	73581	100	
Fixation	73581	73930	350	
Saccade	73930	74010	80	
Saccade	74040	74060	20	
Saccade	74080	74100	20	
Fixation	74100	74240	140	
Saccade	74240	74260	20	7.43
Fixation	74260	74450	190	
Saccade	74450	74470	20	4.4
Fixation	74470	74730	260	
Saccade	74730	74760	30	3.94
Fixation	74760	75220	460	
Saccade	75220	75240	20	2.87
Fixation	75240	75899	660	
Saccade	75899	75919	20	
Saccade	75959	75969	10	
Fixation	75969	76659	690	
Saccade	76659	76709	50	
Saccade	76759	76779	20	
Saccade	76789	76819	30	
Saccade	76829	76869	40	
Saccade	76879	76889	10	
Saccade	76949	76979	30	
Fixation	76979	77338	360	
Saccade	77338	77348	10	2.3
Fixation	77348	77628	280	
Saccade	77628	77658	30	5.87
Fixation	77658	78238	580	
Saccade	78238	78258	20	4.72
Fixation	78258	78448	190	
Saccade	78448	78468	20	4.85
Fixation	78468	78937	470	
Saccade	78937	79057	120	
Saccade	79087	79137	50	
Saccade	79157	79177	20	
Saccade	79187	79217	30	
Saccade	79237	79257	20	
Fixation	79257	79497	240	
Saccade	79497	79517	20	2.32
Fixation	79517	79587	70	
Saccade	79587	79637	50	11.7
Fixation	79637	80097	460	
Saccade	80097	80127	30	7.51
Fixation	80127	80556	430	
Saccade	80556	80596	40	10.06
Fixation	80596	81036	440	
Saccade	81036	81076	40	8.17
Fixation	81076	81546	470	
Saccade	81546	81556	10	8.65
Fixation	81556	82106	550	
Saccade	82106	82145	40	
Saccade	82235	82435	200	
Saccade	82475	82485	10	
Fixation	82485	82605	120	
Saccade	82605	82635	30	9.34
Fixation	82635	82995	360	
Saccade	82995	83035	40	10.56
Fixation	83035	83185	150	
Saccade	83185	83215	30	4.59
Fixation	83215	84524	1309	
Saccade	84524	84614	90	
Saccade	84644	84674	30	
Fixation	84674	84814	140	
Saccade	84814	84834	20	8.6
Fixation	84834	85134	300	
Saccade	85134	85154	20	3.58
Fixation	85154	85433	280	
Saccade	85433	85453	20	4.65
Fixation	85453	85613	160	
Saccade	85613	85663	50	
Saccade	85823	85843	20	
Saccade	85903	85943	40	
Fixation	85943	91010	5067	
