Event Start Trial Time [ms]	Event End Trial Time [ms]	Event Duration [ms]
1709.002	1729.002	20
1718.993	1738.993	20
2558.508	2578.508	20
2568.526	2588.526	20
2798.396	2828.396	30
2808.387	2838.387	30
2818.379	2848.379	30
3298.098	3308.098	10
4747.257	4787.257	40
4757.251	4797.251	40
4767.239	4807.239	40
4777.233	4817.233	40
5866.629	5906.629	40
5876.623	5916.623	40
5886.61	5926.61	40
5896.601	5936.601	40
12932.528	12972.528	40
12942.524	12982.524	40
12952.515	12992.515	40
12962.502	13002.502	40
13022.486	13042.486	20
13032.479	13052.479	20
13102.419	13122.419	20
13112.441	13132.441	20
13142.418	13172.418	30
13152.408	13182.408	30
13162.396	13192.396	30
13302.312	13342.312	40
13312.306	13352.306	40
13322.296	13362.296	40
13332.284	13372.284	40
16130.682	16140.682	10
20298.274	20338.274	40
20308.269	20348.269	40
20318.255	20358.255	40
20328.245	20368.245	40
20358.253	20378.253	20
20368.245	20388.245	20
20418.204	20438.204	20
20428.196	20448.196	20
20508.162	20518.162	10
21597.522	21627.522	30
21607.515	21637.515	30
21617.509	21647.509	30
24106.074	24126.074	20
24116.06	24136.06	20
24186.037	24216.037	30
24196.024	24226.024	30
24206.018	24236.018	30
29432.996	29462.996	30
29442.99	29472.99	30
29452.983	29482.983	30
29482.984	29522.984	40
29492.981	29532.981	40
29502.972	29542.972	40
29512.959	29552.959	40
29562.917	29582.917	20
29572.912	29592.912	20
29602.915	29622.915	20
29612.907	29632.907	20
32631.15	32661.15	30
32641.144	32671.144	30
32651.135	32681.135	30
32771.096	32801.096	30
32781.058	32811.058	30
32791.049	32821.049	30
32900.989	32920.989	20
32910.978	32930.978	20
33030.937	33050.937	20
33040.932	33060.932	20
33120.864	33170.864	50
33130.857	33180.857	50
33140.852	33190.852	50
33150.869	33200.869	50
33160.863	33210.863	50
33240.795	33260.795	20
33250.787	33270.787	20
33410.717	33450.717	40
33420.709	33460.709	40
33430.695	33470.695	40
33440.689	33480.689	40
36948.676	36968.676	20
36958.67	36978.67	20
39956.929	40006.929	50
39966.923	40016.923	50
39976.918	40026.918	50
39986.904	40036.904	50
39996.893	40046.893	50
40966.332	40986.332	20
40976.327	40996.327	20
41296.146	41316.146	20
41306.136	41326.136	20
50540.81	50600.81	60
50550.8	50610.8	60
50560.795	50620.795	60
50570.787	50630.787	60
50580.774	50640.774	60
50590.769	50650.769	60
52159.859	52179.859	20
52169.882	52189.882	20
52609.607	52629.607	20
52619.594	52639.594	20
53888.873	53908.873	20
53898.859	53918.859	20
54458.546	54508.546	50
54468.538	54518.538	50
54478.534	54528.534	50
54488.525	54538.525	50
54498.511	54548.511	50
54548.498	54578.498	30
54558.496	54588.496	30
54568.487	54598.487	30
54618.443	54638.443	20
54628.437	54648.437	20
60255.203	60295.203	40
60265.193	60305.193	40
60275.19	60315.19	40
60285.181	60325.181	40
60405.112	60435.112	30
60415.099	60445.099	30
60425.093	60455.093	30
61204.657	61234.657	30
61214.643	61244.643	30
61224.638	61254.638	30
61664.36	61694.36	30
61674.357	61704.357	30
61684.378	61714.378	30
61714.352	61734.352	20
61724.346	61744.346	20
63293.431	63333.431	40
63303.452	63343.452	40
63313.414	63353.414	40
63323.409	63363.409	40
63743.178	63763.178	20
63753.169	63773.169	20
63883.092	63913.092	30
63893.084	63923.084	30
63903.073	63933.073	30
64102.966	64132.966	30
64112.96	64142.96	30
64122.955	64152.955	30
64602.675	64632.675	30
64612.663	64642.663	30
64622.656	64652.656	30
64852.523	64892.523	40
64862.515	64902.515	40
64872.512	64912.512	40
64882.532	64922.532	40
64982.446	65012.446	30
64992.443	65022.443	30
65002.464	65032.464	30
65462.166	65492.166	30
65472.162	65502.162	30
65482.184	65512.184	30
65602.115	65622.115	20
65612.106	65632.106	20
67061.262	67091.262	30
67071.255	67101.255	30
67081.246	67111.246	30
67221.158	67261.158	40
67231.15	67271.15	40
67241.146	67281.146	40
67251.132	67291.132	40
