start_time	end_time	App	Cap	Gauge	Pad	Pen	Safety	Tip	Action
									
1.669	1.769	242	10	199	490.7	0	410.2	1600	Cap Off
									
1.809	1.909	247.2	9.4	202.5	501.7	0	1600	1600	Cap Off
									
2.069	2.169	300.4	19	190	556	0	1600	1600	Cap Off
									
2.169	2.269	280.9	15.3	186.1	501.8	0	395.8	406.3	Cap Off
									
2.269	2.359	268.8	11.2	187.2	486.3	0	394	1600	Cap Off
									
2.409	2.509	257.6	0	195	462.4	6	382.4	1600	Cap Off
									
2.509	2.609	254.8	10.4	192	468.2	0	361.9	1600	Cap Off
									
2.609	2.709	273.9	21.1	190.4	490.5	0	333.5	800	Cap Off
									
2.709	2.809	285.2	22.1	202.8	502.2	0	324.3	791	Cap Off
									
2.809	2.909	298.9	28.1	209.6	516.4	0	320.1	1600	Cap Off
									
2.909	3.009	306	41.4	198	524.8	0	316.5	1600	Cap Off
									
3.009	3.109	305	60.2	196	521.6	0	333.8	1600	Cap Off
									
3.178	3.278	305.5	53	209	514.1	0	357.4	1600	Cap Off
									
3.278	3.358	300.8	38.3	222	505.3	0	358.4	1600	Cap Off
									
3.458	3.558	334.3	52	214	532	0	348.6	1600	Cap Off
									
3.558	3.618	332.7	48.2	224	536	0	354.4	1600	Cap Off
									
3.628	3.728	325.6	19	253.2	514	0	392.3	1600	Cap Off
									
3.858	3.958	394.2	317	371.9	1600	0	280.1	1600	Cap Off
									
3.958	4.058	396.4	806.6	351.6	1600	0	260.3	1600	Cap Off
									
4.058	4.158	400.6	266.1	334.4	726.4	0	242.9	1600	Cap Off
									
4.158	4.258	395.4	178.5	307.9	636.3	2	227.7	1600	Cap Off
									
4.308	4.408	358.9	66.1	324.6	562.2	0	276	1600	Cap Off
									
4.447	4.537	348.9	117.7	318.7	526.7	0	308.9	1600	Cap Off
									
4.557	4.657	295.5	118.4	340.5	480.3	0	356.2	1600	Cap Off
									
4.707	4.807	269.1	133	342.4	460.2	0	385.3	1600	Cap Off
									
4.807	4.907	279.9	113.5	325.7	475.6	0	376	1600	Cap Off
									
5.037	5.127	309.8	127.4	258.1	532.6	0	320.5	1600	Cap Off
									
5.177	5.277	248.1	69.1	296.4	490	0	340.2	825.1	Cap Off
									
5.297	5.397	220.1	50.6	306.2	460.7	0	349	1600	Cap Off
									
5.427	5.527	211	68	285	440.5	0	352.8	1600	Cap Off
									
5.527	5.627	220	62.4	1600	450.3	0	341.8	1600	Cap Off
									
5.627	5.727	235	68.2	1600	468.3	0	330	1600	Cap Off
									
5.727	5.777	260.3	90.4	353.8	496.8	12	311.5	1600	Cap Off
									
5.867	5.967	609	328.1	1600	865.2	297.8	9	425.2	Apply Tip
									
5.997	6.097	618.2	334.9	1600	879.1	299.2	11.7	417.2	Apply Tip
									
6.146	6.246	614	325.7	1600	883.7	289.3	2	1600	Apply Tip
									
6.246	6.346	620.8	331.7	1600	890.9	308	6.7	420.4	Apply Tip
									
6.346	6.406	604	317.6	656.8	870.2	302.4	1600	439.2	Apply Tip
									
6.466	6.556	337	198.3	1600	572.2	0	357	723.7	Apply Tip
									
6.576	6.676	357.6	177.5	380.6	598.1	7.8	1600	694.1	Apply Tip
									
6.726	6.826	408.5	194.6	418.1	655.7	39.8	172	1600	Apply Tip
									
6.826	6.926	413.1	211.6	400.8	655	19.7	132.5	1600	Apply Tip
									
6.926	6.986	422.1	229.6	400.2	663.7	21	91.4	1600	Apply Tip
									
7.026	7.126	481.2	268.3	460	721.2	70	0	575	Apply Tip
									
7.126	7.226	499.5	286.3	471.4	739.3	86.5	0	1600	Apply Tip
									
7.226	7.266	512.4	306.8	469	748.2	78.6	1.4	572.3	Apply Tip
									
7.326	7.426	484.8	276.5	451.1	727.7	51.9	0	610.9	Apply Tip
									
7.426	7.526	503.1	301.8	451.9	745.6	49.8	0	613.8	Apply Tip
									
7.596	7.696	499	301.3	441.7	741.9	31.6	0	1600	Apply Tip
									
7.696	7.796	498.1	300.7	439.3	741.3	28.9	0	1600	Apply Tip
									
7.796	7.896	497.1	299.6	439.3	739.8	28.9	0	1600	Apply Tip
									
7.896	7.996	497.4	301.5	433.2	738	28.4	0	1600	Apply Tip
									
7.996	8.096	500.6	304.3	431.7	740.8	25.7	0	1600	Apply Tip
									
8.096	8.196	499.4	309	429.5	740.6	20.2	0	1600	Apply Tip
									
8.196	8.236	503	314.1	423.9	741.6	15.3	0	1600	Apply Tip
									
8.275	8.365	507.6	313.8	428.2	749.4	19.3	0	635.8	Apply Tip
									
8.425	8.525	506	308.1	435.8	751	20.2	0	637.8	Apply Tip
									
8.525	8.625	505.8	314.4	1600	746.3	10.8	0	644.1	Apply Tip
									
8.625	8.725	499.9	315.3	1600	741.5	3	9.4	650	Apply Tip
									
8.725	8.795	490.7	307.8	398.8	730	0	9.1	655.2	Apply Tip
									
8.865	8.965	496.1	322.4	1600	730.5	11	1.4	650.2	Apply Tip
									
8.965	9.065	493.2	315.6	1600	727	16	0	1600	Apply Tip
									
9.065	9.165	492.5	313.6	1600	725.5	19	0	1600	Apply Tip
									
9.165	9.265	491	306.3	1600	726.4	28.3	0	639.7	Apply Tip
									
9.295	9.395	494.4	323.7	1600	722.1	24.1	0	648.5	Apply Tip
									
9.395	9.495	499.4	329.1	411.4	727	29	0	646.2	Apply Tip
									
9.495	9.595	501	326	1600	732.3	29	0	638.9	Apply Tip
									
9.595	9.655	510	331.8	1600	736.4	32.4	2.2	1600	Apply Tip
									
9.724	9.824	501.1	349.5	1600	720	17	0	1600	Apply Tip
									
9.824	9.924	503.6	349.5	1600	722.2	13	1	1600	Apply Tip
									
9.924	10.024	509.4	354.9	1600	729.6	17.7	11	1600	Apply Tip
									
10.024	10.124	515.2	355.9	1600	737.3	16.3	0	645.1	Apply Tip
									
10.144	10.244	505.5	339.2	399.4	733.6	11.7	0	568.4	Apply Tip
									
10.324	10.424	531.7	361.4	1600	757.8	28	0	624.1	Apply Tip
									
10.424	10.524	529.9	357.8	1600	756	53	9.8	623.8	Apply Tip
									
10.564	10.664	520.4	343	1600	750.2	59	1600	1600	Apply Tip
									
10.664	10.764	524	344.8	431.7	756.4	51.7	1600	1600	Apply Tip
									
10.764	10.864	523.9	346.1	428.8	754.3	29.1	0	622.7	Apply Tip
									
10.864	10.964	526.1	350.2	423.2	755.3	26	0	627.2	Apply Tip
									
10.964	11.064	523.1	347	428.6	751.6	38	0	626.5	Apply Tip
									
11.064	11.164	516.4	340.8	424.7	744.2	51.9	1600	629.3	Apply Tip
									
11.164	11.264	519.2	343	419	750	23.9	15	625.7	Apply Tip
									
11.264	11.364	518.3	341.2	427	748.4	41.1	1600	1600	Apply Tip
									
11.364	11.464	517.9	349	413.9	745.4	19.6	0	1600	Apply Tip
									
11.464	11.564	521.5	349.8	418.4	748	23.3	0	1600	Apply Tip
									
11.564	11.664	519.5	345.3	428.4	747.9	43	0	1600	Apply Tip
									
11.664	11.764	518.8	341.2	427.9	748.7	42.4	0	625.8	Apply Tip
									
11.764	11.864	521.7	347.5	424.6	750.7	24.2	0	630.1	Apply Tip
									
11.864	11.964	527	353.7	424.3	754.9	26.5	0	630.5	Apply Tip
									
11.964	12.064	538.5	362.4	432	769.3	27	0	1600	Apply Tip
									
12.093	12.193	509.9	326.1	476.9	744.2	63.1	209.8	25.7	Apply Tip
									
12.263	12.363	490.5	299.7	453.1	730.6	37.1	414.8	5.7	Apply Tip
									
12.363	12.463	503.2	312.5	457.3	747	43.4	466.6	6.4	Apply Tip
									
12.463	12.563	504.8	313.2	458.9	749.4	46.1	493.8	10.8	Apply Tip
									
12.563	12.623	511	316.8	454.2	754.2	47.7	514.2	12.1	Apply Tip
									
12.643	12.743	497.5	316.5	444	735.8	29.8	565.4	0	Apply Tip
									
12.743	12.843	500.3	316.8	446.5	737.4	35.6	582.3	1	Apply Tip
									
12.843	12.943	496.5	316.1	446.3	734.2	38.9	605.5	1	Apply Tip
									
12.943	13.043	496.9	312.5	450.1	735.1	38.9	625.9	4.5	Apply Tip
									
13.043	13.143	499.7	311.7	457.8	740	48.1	613.2	13.6	Apply Tip
									
13.143	13.243	499	303.2	465.6	741	57	659.1	21.2	Apply Tip
									
13.243	13.303	496.3	285.8	477	741.9	70.7	607	32.8	Apply Tip
									
13.382	13.452	497.9	271.6	444.2	748.4	38.5	600	4.5	Apply Tip
									
13.492	13.592	561.6	289	421.4	819.2	33.4	1600	0	Apply Tip
									
13.592	13.642	573.1	290.8	1600	840.1	10.2	476.4	24.5	Apply Tip
									
13.662	13.762	612.8	315.3	1600	896.6	31	445.8	36.7	Apply Tip
									
13.782	13.882	609.6	318.9	331	921	0	457.7	21.4	Apply Tip
									
13.882	13.972	632.6	347.1	344.1	958.9	5	451.7	3	Apply Tip
									
14.022	14.122	598.3	349.3	45.1	861.9	12.8	407.7	274.3	Setting Units
									
14.122	14.162	603	369.9	7.3	858.8	1.4	418.1	314.7	Setting Units
									
14.182	14.282	619.1	384.2	10.8	871.8	6	408.1	320.3	Setting Units
									
14.332	14.432	604.7	370.8	7.1	854.5	10	425	328.8	Setting Units
									
14.432	14.532	606.1	388.2	0	851.3	52	441.7	379	Setting Units
									
14.532	14.632	609.6	397.1	14	849.1	70.1	448.3	399.9	Setting Units
									
14.741	14.841	603.6	370.8	0	851	19.7	445.9	359	Setting Units
									
14.841	14.941	604.9	378.6	0	853.8	29.1	446.9	369	Setting Units
									
14.941	15.041	605.9	380.2	0	854.6	36	448.3	374	Setting Units
									
15.041	15.141	607.7	382	0	857.6	36.7	445.6	373.3	Setting Units
									
15.141	15.241	613.6	385	0	861.8	36	444.1	375	Setting Units
									
15.241	15.341	614.1	388.4	0	861.7	39.1	445.5	380.3	Setting Units
									
15.341	15.441	618	390.8	0	868	41.3	443.2	384.3	Setting Units
									
15.441	15.541	648.9	409.2	0	1600	46.2	413.9	401.6	Setting Units
									
15.581	15.681	669	403.7	0	1600	26.9	392.5	396.1	Setting Units
									
15.711	15.811	679.1	413	0	1600	31.8	380.6	407.8	Setting Units
									
15.861	15.961	666.5	399.5	0	1600	27.8	394.7	411.4	Setting Units
									
16.8	16.9	470.4	224.5	419.6	845.1	57.4	685.6	26.9	Priming
									
16.98	17.08	548.7	265.3	359.9	896.8	22	556.2	0	Priming
									
17.08	17.18	519.9	252.6	407.1	865.7	81.4	591.8	54.5	Priming
									
17.24	17.34	579.3	298.6	383.6	912.3	52	510.9	16	Priming
									
17.38	17.48	607.8	316.9	371.1	932.1	50	475.4	11.3	Priming
									
17.48	17.58	611.1	313.3	347.8	926	20	460.9	0	Priming
									
17.61	17.71	627.6	331.1	371.3	951.4	41	462.2	9.2	Priming
									
17.71	17.79	627.6	329.1	365.3	948.4	35	459.1	4.1	Priming
									
17.85	17.95	623.4	326.7	379	951	48	471.8	8.9	Priming
									
17.95	18.05	628.8	329.1	377.1	1600	41	467.5	8.6	Priming
									
18.05	18.15	629.2	329.4	375	1600	42	465.6	8.6	Priming
									
18.15	18.25	628.3	329.4	375	1600	42	465.1	7.2	Priming
									
18.25	18.35	628	328.8	377	1600	45	466	7.8	Priming
									
18.35	18.45	628	327.8	375	1600	43	466.2	5.7	Priming
									
18.45	18.51	628	327.5	373	1600	41.1	466.6	2.8	Priming
									
18.529	18.629	628.2	326.6	369	1600	38	465.2	2	Priming
									
18.689	18.789	632.6	332.8	380.1	957.4	50	467.3	10.3	Priming
									
18.789	18.889	631.5	331.1	379	955.5	50	467.7	9.8	Priming
									
18.889	18.989	630.2	330.3	379	956.6	48	467	8.9	Priming
									
18.989	19.089	629.7	329.1	378	953.2	44	468.4	8.2	Priming
									
19.089	19.159	627.2	327	377.5	949.3	41	469.1	3	Priming
									
19.199	19.299	634.4	333.6	374.3	947.8	40	461	3.6	Priming
									
19.299	19.399	633.3	330.6	373.3	944.8	41	461.5	2.2	Priming
									
19.399	19.499	632.6	332.7	377.2	946.5	47	463.1	5.7	Priming
									
19.499	19.549	626.6	329.4	379.5	941.1	47	467.7	7	Priming
									
19.938	20.008	0	236	744.2	159.1	704	1212.8	738.2	Priming
									
20.028	20.128	0	194.5	733.3	193.9	686.8	1600	723.2	Priming
									
20.178	20.278	0	242.1	787.8	143.9	757.7	1600	807.8	Priming
									
20.308	20.408	0	224	768.1	148	739.6	1600	794	Priming
									
20.408	20.508	0	236	781.2	139.8	750.4	1600	807.9	Priming
									
20.508	20.608	0	236.2	782.5	141.2	753.3	1600	807.2	Priming
									
20.608	20.708	0	226.3	773.6	152	742.7	1600	793.7	Priming
									
20.708	20.808	0	223.4	771.2	155.7	737.8	1600	788.7	Priming
									
20.848	20.948	0	188.7	752.4	201.1	707.7	1600	749.9	Priming
									
20.948	21.048	0	185.7	752.4	202.5	706	1600	748	Priming
									
21.048	21.148	0	188.9	755.6	201.5	708.8	1600	750.8	Priming
									
21.148	21.248	0	188.9	755.8	201.5	708.8	1600	750.9	Priming
									
21.248	21.348	0	187.7	754.4	201.5	707.2	1600	750.7	Priming
									
21.348	21.448	0	187.5	754.4	200.8	707.9	1600	749.8	Priming
									
21.448	21.548	0	188.5	756.7	200.9	709.9	1600	752.4	Priming
									
21.548	21.648	0	188.5	757.7	201.5	709.9	1600	753.4	Priming
									
21.648	21.748	0	190.2	758.8	199.1	712.3	1600	755.8	Priming
									
21.748	21.848	0	191	757.6	197.2	713.3	1600	756.5	Priming
									
21.848	21.948	0	193.4	760.4	194.9	718.8	1600	761.2	Priming
									
21.948	22.048	0	194.8	763.1	194.3	720.1	1600	763.3	Priming
									
22.048	22.148	0	196.5	762.8	192.3	721.2	1600	766	Priming
									
22.148	22.248	0	195.2	763.1	190.2	721.3	1600	766	Priming
									
22.248	22.348	0	198	765.3	188.2	723.6	224	769.1	Priming
									
22.348	22.448	0	198.1	767.5	187.3	725.7	1600	771.8	Priming
									
22.448	22.548	0	200	768.6	185.4	728.8	1600	773.7	Priming
									
22.548	22.648	0	200.8	770	185.7	730.7	1600	776.7	Priming
									
22.648	22.748	0	202	771.1	184.3	731.4	1600	778.8	Priming
									
22.748	22.848	0	203.8	772.2	182.9	733.5	1600	780.7	Priming
									
22.848	22.948	0	204.7	774.1	182.3	736.3	1600	782.8	Priming
									
22.948	23.048	0	205.5	774.6	181.5	735.9	1600	783.7	Priming
									
23.048	23.148	0	207.4	775.5	179.4	736.9	1600	786.5	Priming
									
23.148	23.248	0	206.4	774.9	179.3	737.4	1600	786.3	Priming
									
23.248	23.348	0	205.4	774.4	179.8	735.6	1600	785.5	Priming
									
23.348	23.448	0	206.3	774.9	179.6	737.5	1600	786.3	Priming
									
23.448	23.548	0	208.2	776.9	177.9	740.4	1600	790.1	Priming
									
23.548	23.648	0	208.1	775.8	177.3	739.3	1600	791.1	Priming
									
23.648	23.748	0	210	777.7	174.6	742.2	1600	793.9	Priming
									
23.748	23.848	0	210.2	778.5	172.9	742.7	1600	794.9	Priming
									
23.848	23.948	0	210.9	779.1	173.4	741.7	1600	794.7	Priming
									
23.948	24.006	0	210.8	779.1	172.9	742.9	1600	795.7	Priming
									
24.026	24.126	0	201	759.1	168.4	728	1600	786.3	Priming
									
24.196	24.296	0	204.2	775.2	180.6	738.7	1600	789.2	Priming
									
24.296	24.396	0	203.5	775.5	180.3	737.8	1600	790.1	Priming
									
24.396	24.496	0	205.3	776.3	179.6	738.7	1600	792.2	Priming
									
24.496	24.596	0	203.1	775.5	180.2	738.1	1600	792	Priming
									
24.596	24.696	0	204.1	775.2	179.7	737.4	1600	791.2	Priming
									
24.696	24.796	0	204.1	774.9	181.2	736.9	1600	790.3	Priming
									
24.796	24.896	0	204.3	776.3	178.7	740.7	1600	794.2	Priming
									
24.896	24.956	0	205.9	776.3	177.6	740	1600	794	Priming
									
25.016	25.116	0	202	761.8	168.6	726.7	1600	788.5	Priming
									
25.116	25.196	0	201	761	169.8	728.6	1600	788.4	Priming
									
29.083	29.163	675	478.3	41.6	889.6	70	372.3	396.2	Setting Units
									
29.183	29.283	577.3	357.4	25.3	815.5	2.2	437.5	328.3	Setting Units
									
29.283	29.383	649	415.9	16.4	897.1	61.5	386.1	426.5	Setting Units
									
29.383	29.483	660	439.8	47	906.4	95.8	390.6	484.9	Setting Units
									
29.483	29.553	641.4	427.7	64	876.1	120	421	513.7	Setting Units
									
29.593	29.693	522	350.8	0	733.8	53.7	562.3	444.2	Setting Units
									
29.733	29.833	499	343.1	0	705.1	47.9	596.9	438.4	Setting Units
									
29.833	29.933	484.8	346.5	0	685.2	40	622.7	425.5	Setting Units
									
29.933	29.973	484.5	350.8	0	682.7	34	629.6	415.6	Setting Units
									
30.143	30.243	517.6	362.6	0	720.6	45.1	614.4	436.4	Setting Units
									
30.243	30.343	516.1	367.8	0	717.8	36	618.9	434	Setting Units
									
30.343	30.443	514.9	367	0	717	37.7	621.1	431.3	Setting Units
									
30.443	30.543	515	368.5	0	716.6	34	621.2	435.2	Setting Units
									
30.543	30.643	513.2	367.1	0	714.5	36	621.6	436.6	Setting Units
									
30.732	30.832	525.3	366.5	0	730	50	605.3	453.1	Setting Units
									
30.832	30.932	523.5	365.1	0	729	50	607.5	453.3	Setting Units
									
30.932	31.032	523.4	364.9	0	727.6	50	608	453.3	Setting Units
									
31.032	31.132	522.4	365.5	0	725.3	51.4	610.1	451.7	Setting Units
									
31.132	31.232	522.4	365.4	0	725.9	51	610.2	451	Setting Units
									
31.232	31.332	522.5	365.5	0	724.9	51.6	610.2	451.7	Setting Units
									
31.332	31.432	520.5	365.3	0	724.3	43.9	612.4	450.6	Setting Units
									
31.432	31.532	519.5	364	0	721.9	42	612.4	447.7	Setting Units
									
31.532	31.632	517.4	361.8	0	721.8	44	613.3	446.9	Setting Units
									
31.632	31.732	515.8	360.4	0	717.8	39	615.1	443.3	Setting Units
									
31.732	31.832	514.9	359.7	0	717.8	41.6	615.9	442.2	Setting Units
									
31.832	31.932	512.7	360.9	0	716	40.8	618.6	440.7	Setting Units
									
31.932	32.032	509.7	359.4	0	713.5	33	621.7	437.7	Setting Units
									
32.032	32.132	507	357.9	0	710.9	29	623.4	434.6	Setting Units
									
32.132	32.232	506.1	357.9	0	708.8	22	625.2	432.4	Setting Units
									
32.232	32.332	505.1	357.8	0	706.2	25	627	429.4	Setting Units
									
32.332	32.432	505.1	355.7	0	706	25	629.7	427.5	Setting Units
									
32.432	32.532	501.5	355	0	705.3	24	630.1	426.8	Setting Units
									
32.532	32.632	500.7	355.7	0	704.7	25	631.5	425.6	Setting Units
									
32.632	32.732	500.8	355.7	0	704.5	23	632.8	424.2	Setting Units
									
32.732	32.832	498.9	355.7	0	703	22	633.7	423.2	Setting Units
									
32.832	32.932	497.4	354.3	0	700.9	20	636.4	420.6	Setting Units
									
32.932	33.032	493.3	349.4	0	695.6	11	637.8	415.4	Setting Units
									
33.401	33.491	149.4	442.4	692.4	0	245.5	1600	208.1	Injection
									
33.511	33.611	198.2	492.9	674	0	205	1600	165	Injection
									
33.691	33.791	191	1600	682.7	0	198.6	1600	166.8	Injection
									
33.81	33.91	184.1	1600	1600	0	239.3	1600	202.6	Injection
									
33.94	34.04	180	1600	1600	0	284.4	1600	244.8	Injection
									
34.09	34.19	177	1600	1600	0	210.2	1600	182.3	Injection
									
34.23	34.32	184.6	571.2	539.5	0	155.1	1600	118.8	Injection
									
34.4	34.48	169	491	509.5	0	120.4	1600	83.7	Injection
									
34.5	34.6	1600	482.3	475.9	0	83.2	1600	49.2	Injection
									
34.76	34.86	1600	513.3	430.9	0	58.4	1600	20.6	Injection
									
34.91	35.01	1600	499.5	421.6	0	47.8	1600	7.8	Injection
									
35.11	35.21	1600	495.4	416	3.6	32.2	1600	3.2	Injection
									
35.33	35.43	1600	497	1600	0	47.5	1600	19.2	Injection
									
35.499	35.599	1600	492.6	1600	4.5	19.6	1600	0	Injection
									
35.599	35.699	1600	495.2	1600	2	26	1600	0	Injection
									
35.699	35.799	1600	499.8	1600	0	30.1	1600	1	Injection
									
35.799	35.899	349	511.5	288	0	31.6	1600	7.3	Injection
									
35.899	35.999	341.7	515.7	1600	0	26.6	1600	1	Injection
									
35.999	36.099	325.7	507.9	1600	1.4	24	1600	0	Injection
									
36.099	36.199	317.6	508	1600	7.1	16	1600	0	Injection
									
36.199	36.299	302.3	501.7	1600	7.1	13	1600	0	Injection
									
36.529	36.629	195.1	496	51	268.6	0	1600	299.2	Setting Units
									
36.629	36.729	199.5	501	0	313.9	20.2	1600	344.7	Setting Units
									
36.729	36.829	209	507.9	8.1	357.1	54	1600	385.5	Setting Units
									
36.829	36.929	213.2	514.1	30.9	371.7	74.5	1600	401.9	Setting Units
									
36.929	37.029	223.9	522.2	47.8	385.3	94.4	1600	414	Setting Units
									
37.029	37.089	223.5	523.4	47.8	383.5	94.3	1600	413.4	Setting Units
									
37.129	37.229	192.2	500.8	0	333.2	42.6	1600	362.1	Setting Units
									
37.229	37.329	192.1	500.8	0	329.2	37.1	1600	359.6	Setting Units
									
37.329	37.379	193.9	503.1	0	324.4	33.6	1600	354.6	Setting Units
									
37.398	37.498	194.5	502.8	10.3	346.3	53.2	1600	377.6	Setting Units
									
37.498	37.598	194.5	502.8	8.5	342.6	54	1600	375.4	Setting Units
									
37.598	37.698	192.4	502.8	5.4	338.5	53	1600	371.9	Setting Units
									
37.698	37.798	190.9	502	2	338.1	51.1	1600	368.7	Setting Units
									
37.798	37.898	192.6	501.3	0	335.4	49.5	1600	366.8	Setting Units
									
37.898	37.998	189.9	498.5	0	334.1	52.2	1600	364.9	Setting Units
									
37.998	38.098	189.4	497.1	0	327	43.9	1600	358.6	Setting Units
									
38.098	38.198	191.3	497.2	0	324.2	38.3	1600	354.2	Setting Units
									
38.198	38.298	190.9	496.6	0	318.4	34.9	1600	349.8	Setting Units
									
38.378	38.478	197.5	499.6	5.1	348.9	56.3	1600	382.4	Injection
									
38.478	38.578	195.4	497.2	0	342.5	50	1600	376.1	Injection
									
38.578	38.628	191.6	494.4	0	338.8	50.2	1600	372.9	Injection
									
38.678	38.778	243.1	478.4	266.1	30.1	0	1600	56.9	Injection
									
38.798	38.898	270.7	486.3	329.5	11.7	8	1600	0	Injection
									
38.898	38.998	267.5	485.2	328.9	10.4	9	1600	0	Injection
									
39.077	39.177	278.1	495.7	337.6	2.8	17.7	1600	0	Injection
									
39.177	39.277	278	494.7	338.5	2	18.4	1600	0	Injection
									
39.277	39.377	275.2	490.7	336.8	4	17	1600	0	Injection
									
39.377	39.477	272.2	489.6	336.2	5	17	1600	0	Injection
									
39.477	39.577	267.8	488.5	332.7	6.7	14	1600	0	Injection
									
39.577	39.617	266.5	484.6	331.4	8.9	13	1600	0	Injection
									
39.897	39.997	0	261.2	254.6	216.2	190	1600	241.8	Injection
									
39.997	40.097	0	244.5	266.7	238.4	216.1	1600	261.8	Injection
									
40.097	40.197	0	232	277.6	256.6	238.7	1600	282.3	Injection
									
40.197	40.297	0	204.4	303.6	297.1	285.4	1600	325.1	Injection
									
40.367	40.467	0	234.6	298.2	265.4	264.2	1600	288.7	Injection
									
40.467	40.567	0	226.1	306.8	280.2	285.9	1600	305.3	Injection
									
40.617	40.717	0	229.9	310.4	282.1	283	1600	299.5	Injection
									
40.717	40.817	0	223.8	327.1	288	297.9	1600	304.4	Injection
									
40.817	40.917	0	229.2	332.5	285.3	297.9	1600	299.1	Injection
									
40.917	41.017	0	227.1	339.8	288	302.2	1600	304.8	Injection
									
41.017	41.117	0	231.7	339.3	281.9	296.9	1600	297.5	Injection
									
41.166	41.266	0	214.4	353.4	284.3	304	1600	307.7	Injection
									
41.266	41.366	0	225.4	337.8	277.2	293.1	1600	294.7	Injection
									
41.366	41.466	0	237.6	321.5	260.8	273.9	1600	276.8	Injection
									
41.466	41.536	0	236.5	320.7	256.6	271.3	1600	273.2	Injection
									
41.576	41.676	0	239.5	311.4	265	271.4	1600	276.6	Injection
									
41.676	41.776	0	245.9	297.9	262.4	264.6	1600	270.1	Injection
									
41.776	41.876	0	239.6	301.9	262	267	1600	271.7	Injection
									
41.876	41.976	0	238.5	307.3	254.6	264.1	1600	267.5	Injection
									
41.976	42.076	0	234.8	311.8	252.6	265.7	1600	268.3	Injection
									
42.076	42.176	0	233.5	317.1	253.6	267.9	1600	270.6	Injection
									
42.176	42.276	0	231.5	318	252.8	270.4	1600	271	Injection
									
42.276	42.376	0	230.1	317.1	256.6	270.4	1600	272.4	Injection
									
42.376	42.476	0	230.2	318.4	257.4	272.6	1600	274.6	Injection
									
42.476	42.576	0	229.7	317.1	258.6	272.9	1600	275	Injection
									
42.576	42.676	0	226.9	320.2	258.2	273.5	1600	275.9	Injection
									
42.676	42.776	0	226.7	321.5	256.8	272.6	1600	275	Injection
									
42.776	42.876	0	227.1	320.7	257.5	272.6	1600	275	Injection
									
42.876	42.976	0	227.9	321.1	258.6	274.3	1600	276.4	Injection
									
42.976	43.076	0	225.9	323.8	259.9	274.8	1600	278.2	Injection
									
43.076	43.176	0	223.8	326	258.9	275.8	1600	277.8	Injection
									
43.176	43.276	0	224.2	328.3	258.3	277.7	1600	278.6	Injection
									
43.276	43.376	0	223.6	329.2	256.8	277.4	1600	277.3	Injection
									
43.376	43.476	0	225.2	326	257	275.8	1600	277.3	Injection
									
43.476	43.576	0	227.5	323.3	256.6	273.2	1600	274.1	Injection
									
43.576	43.676	0	227.7	323.8	255.4	272.6	1600	273.7	Injection
									
43.676	43.776	0	226.6	324.2	256.9	273.4	1600	275.5	Injection
									
43.776	43.876	0	228	324.7	253.3	271.6	1600	273.3	Injection
									
43.876	43.976	0	229.5	324.7	250.7	270.1	1600	271.6	Injection
									
43.976	44.076	0	227.7	323.8	251.2	270.4	1600	271.5	Injection
									
44.076	44.176	0	229.7	323.3	252.5	270.4	1600	272	Injection
									
44.176	44.276	0	227.9	323.8	251.3	270.4	1600	271.9	Injection
									
44.276	44.376	0	226.1	324.2	252.9	272.3	1600	272.8	Injection
									
44.376	44.476	0	226.2	325.1	254	272.9	1600	274.6	Injection
									
44.476	44.576	0	224.7	326	252.6	273.1	1600	274.2	Injection
									
44.576	44.676	0	227.3	326.6	249.5	270.4	1600	269.9	Injection
									
44.676	44.776	0	227.1	328	247.4	270.1	1600	269.9	Injection
									
44.776	44.876	0	228	326.6	247.1	268.5	1600	268.5	Injection
									
44.876	44.976	0	230.4	323.9	246.1	267.2	1600	267.5	Injection
									
44.976	45.076	0	229.5	323	247.9	268.8	1600	268.4	Injection
									
45.076	45.176	0	228	326.6	248	269.4	1600	268.9	Injection
									
45.176	45.276	0	228.3	328.9	248.4	269.8	1600	269.8	Injection
									
45.276	45.376	0	227.3	328.8	248.1	271.1	1600	270.3	Injection
									
45.376	45.476	0	227.1	329.8	249.2	271.7	1600	270.7	Injection
									
45.476	45.576	0	227.1	329.8	248.7	271.4	1600	271.3	Injection
									
45.576	45.676	0	226	329.3	249.3	271.7	1600	271.6	Injection
									
45.676	45.776	0	225.9	330.2	247.2	270.9	1600	271.3	Injection
									
45.776	45.876	0	224.9	330.2	247.2	270.6	1600	270.5	Injection
									
45.876	45.976	0	225.7	330.7	246.5	270.1	1600	270.9	Injection
									
45.976	46.076	0	224.8	332.1	246.4	271	1600	271	Injection
									
46.076	46.176	0	224.9	330.2	249.8	273.6	1600	271.7	Injection
									
46.176	46.276	0	225.7	328.8	250.6	271.6	1600	272.1	Injection
									
46.276	46.376	0	225.3	327.9	251.6	272.2	1600	273.4	Injection
									
46.376	46.476	0	224.9	328.3	251.9	274	1600	274.2	Injection
									
46.476	46.576	0	225.3	327.5	250.4	272.5	1600	272.5	Injection
									
46.576	46.676	0	225.7	327.9	250.6	271.8	1600	272	Injection
									
46.676	46.776	0	226.9	325.7	250.8	271	1600	271.2	Injection
									
46.776	46.876	0	225.4	325.7	251.3	270.5	1600	271.2	Injection
									
46.876	46.976	0	225.4	326.6	250.9	272.2	1600	272.9	Injection
									
46.976	47.076	0	225	324.3	250.4	271	1600	271.6	Injection
									
47.076	47.176	0	226.7	322.5	251.5	271.3	1600	271.1	Injection
									
47.176	47.276	0	228	322.5	250.3	270.1	1600	270.2	Injection
									
47.276	47.376	0	226.7	323.4	251.5	270.8	1600	271.6	Injection
									
47.376	47.476	0	226.4	326.1	250.8	271.6	1600	272	Injection
									
47.476	47.576	0	227.3	324.4	248.5	269.5	1600	269.8	Injection
									
47.576	47.676	0	228.3	324.9	248.5	268.8	1600	269.4	Injection
									
47.676	47.776	0	227.1	327.1	248.2	270.4	1600	270.4	Injection
									
47.776	47.876	0	227.3	328.4	248.8	271.7	1600	271.6	Injection
									
47.876	47.976	0	223	330.2	251.6	274.4	1600	273.9	Injection
									
47.976	48.076	0	220.9	335	254	279	1600	277.6	Injection
									
48.076	48.176	0	215.7	340.3	256.2	282.6	1600	281.8	Injection
									
48.176	48.276	0	215.7	340.3	255.1	282.9	1600	281.7	Injection
									
48.276	48.376	0	214.3	339.4	259.7	285.2	1600	283.4	Injection
									
48.376	48.476	0	215.1	338.5	258	284.3	1600	283.3	Injection
									
48.712	48.812	158.9	428.2	292.5	21.4	52.8	1600	37.6	Injection
									
48.812	48.912	180.2	449.5	291.5	1	35.4	1600	19.2	Injection
									
48.912	48.972	196.8	466.2	284.1	0	24	1600	3.6	Injection
									
49.012	49.112	192	464.2	271	0	10.3	1600	0	Injection
									
49.112	49.212	205	470.6	294.2	0	36	1600	12.4	Injection
									
49.212	49.262	213.2	468	305.4	0	46	1600	21.6	Injection
									
49.311	49.391	224	473	307.8	0	36	1600	14	Injection
									
49.411	49.511	212.8	445.5	277.9	43.7	2	1600	6.1	Injection
									
49.511	49.611	165.3	433.9	356.9	83.9	29	1600	13	Injection
									
49.611	49.671	134.5	450.3	402.2	123.8	42.2	1600	18	Injection
									
49.711	49.811	92.6	1600	397.4	232.8	5.4	1600	10.8	Injection
									
49.811	49.891	62.1	1600	420	261.9	1	1600	11.3	Injection
									
49.981	50.081	33.4	173.1	441.1	327.4	12.2	1600	44	Injection
									
50.131	50.221	350.3	156.7	207.3	570.3	68	634.6	109.8	Remove Tip
									
50.241	50.341	397.4	221.9	1600	625.7	157.7	579.7	1600	Remove Tip
									
50.391	50.491	569.8	366.4	1600	813.1	0	453.3	33.9	Remove Tip
									
50.531	50.631	660.4	424.5	1600	927.9	3.6	394.2	0	Remove Tip
									
50.631	50.701	723.5	479.2	1600	1600	22.4	361.8	7.1	Remove Tip
									
50.811	50.911	1220	880.3	1600	1600	497	55.1	474.9	Remove Tip
									
50.931	51.031	1600	841.2	1600	1600	425.6	0	395.9	Remove Tip
									
51.031	51.071	1600	875.3	1600	1600	593	28.6	77.5	Remove Tip
									
51.09	51.19	1600	841.9	1600	1600	520.3	0	481.2	Remove Tip
									
51.19	51.28	1600	818.1	1035.9	1600	579.7	1600	540.7	Remove Tip
									
51.66	51.76	634.1	454.6	523.3	1600	57.3	507.9	24.7	Remove Tip
									
51.76	51.86	670.1	506.7	525.1	1600	56	427.8	17.5	Remove Tip
									
51.93	52.03	694.1	515.5	557.2	1600	65	187.8	24.7	Remove Tip
									
52.03	52.13	705	528.6	572.3	1600	80	76	34	Remove Tip
									
52.13	52.18	706.5	528.6	574.6	1600	86	58.2	37	Remove Tip
									
52.2	52.3	686.1	510.1	557	1600	60.9	40	18.7	Remove Tip
									
52.3	52.4	685.5	510.9	552.9	1600	58.1	29	13.3	Remove Tip
									
52.4	52.46	683.5	516.1	546.6	1600	45	28	3	Remove Tip
									
52.48	52.58	690.5	521.6	548.6	1600	48	11	5.1	Remove Tip
									
52.66	52.76	692.3	523	546.7	1600	46	0	1	Remove Tip
									
52.76	52.86	683.3	517.2	535.6	1600	40	7	0	Remove Tip
									
52.929	53.029	689.6	524.1	536.7	1600	40	2.2	0	Remove Tip
									
53.029	53.129	687.1	524.6	533.4	1600	37	6	0	Remove Tip
									
53.129	53.229	681.6	524.5	520.1	1600	26	0	4	Remove Tip
									
53.229	53.329	681	524.1	517.3	1600	21	0	3	Remove Tip
									
53.329	53.429	679.2	527.8	513.7	1600	19	1	0	Remove Tip
									
53.429	53.529	682.2	530.9	518.6	1600	19	0	643.1	Remove Tip
									
53.529	53.579	682.1	534	522.7	1600	31	0	647.2	Remove Tip
									
53.599	53.699	671.4	521	520.7	1600	27.2	0	646.7	Remove Tip
									
53.699	53.799	671.1	522.8	515.3	1600	17	0	651.2	Remove Tip
									
53.799	53.899	669	521.9	512.8	1600	14	0	652.7	Remove Tip
									
53.899	53.989	655.3	510.9	500.3	1600	12	0	655.7	Remove Tip
									
54.009	54.109	656.5	499.6	495.2	908.8	6	0	628.4	Remove Tip
									
54.129	54.229	671	510.8	502.2	923.7	17	0	617.3	Remove Tip
									
54.229	54.329	670.2	513.5	491.4	923.9	16	0	622.5	Remove Tip
									
54.329	54.429	670.9	516.8	497.5	925.5	29	1600	624.4	Remove Tip
									
54.528	54.628	681.4	526.8	514	1600	36	0	623.1	Remove Tip
									
54.628	54.728	679.5	526.3	508.6	1600	32	0	624.5	Remove Tip
									
54.728	54.828	675.5	520.6	508.1	1600	34	0	625.3	Remove Tip
									
54.848	54.948	658.6	508.6	486.1	1600	14	8.9	645.1	Remove Tip
									
54.948	55.048	658	506.9	487.3	1600	24	1600	642.9	Remove Tip
									
55.048	55.148	663.4	513	496	1600	24.3	0	649.6	Remove Tip
									
55.148	55.248	668.8	520.2	501.8	1600	28	0	649.5	Remove Tip
									
55.248	55.338	664	518	496.9	1600	12	0	649.5	Remove Tip
									
55.378	55.478	681.2	534	503	1600	20	1	645.8	Remove Tip
									
55.478	55.578	671	524.7	504.1	1600	17.9	8.9	645.3	Remove Tip
									
55.578	55.678	672.2	523.9	502.8	1600	27	0	641.3	Remove Tip
									
55.678	55.758	678.5	529.3	505.8	1600	26	0	636.4	Remove Tip
									
55.778	55.878	671.5	518.7	504.8	1600	25.6	0	635	Remove Tip
									
55.878	55.978	671.8	521.2	502.1	1600	13	0	639.1	Remove Tip
									
55.978	56.078	671.1	521.3	501.7	1600	18.4	0	641.3	Remove Tip
									
56.078	56.178	663.7	518	497.4	1600	14	3	646.3	Remove Tip
									
56.178	56.278	671	522.6	502.3	1600	17	0	644	Remove Tip
									
56.278	56.378	672.7	524.6	507.7	1600	42	1600	639.5	Remove Tip
									
56.378	56.478	671.2	522.8	503.3	1600	18.1	1	642.7	Remove Tip
									
56.478	56.578	673.1	523.2	506.1	1600	22	0	640	Remove Tip
									
56.578	56.678	669.4	520.6	510.3	1600	26	0	637.3	Remove Tip
									
56.678	56.778	666.8	518.4	507.3	1600	22	0	641.3	Remove Tip
									
56.778	56.878	670.5	520.9	506.9	1600	23	0	641.8	Remove Tip
									
56.878	56.978	672.7	517.6	510.5	1600	32.6	13	631.9	Remove Tip
									
56.978	57.078	666.2	514.9	504	1600	32	0	637.3	Remove Tip
									
57.078	57.178	670.7	518.2	505.4	1600	17	0	636.8	Remove Tip
									
57.178	57.278	672.3	519.7	501.6	1600	24	0	637.7	Remove Tip
									
57.278	57.378	672.5	521.1	498.6	1600	22	0	638.2	Remove Tip
									
57.378	57.478	667.5	518.9	505.4	1600	23	0	639.5	Remove Tip
									
57.478	57.577	669.4	518.8	504.7	1600	20	0	638.6	Remove Tip
									
57.617	57.717	665.1	514	502	1600	12.2	0	643.5	Remove Tip
									
57.717	57.817	665.9	512.7	503.7	1600	22	0	640.4	Remove Tip
									
57.866	57.966	658.7	501.8	513.1	1600	38.6	25.2	636.4	Remove Tip
									
57.966	58.066	649.8	497.5	517.7	1600	37.3	122.3	1600	Remove Tip
									
58.066	58.126	653.9	497	507	1600	29	135	643.1	Remove Tip
									
58.146	58.246	640	483.6	504.6	1600	27.5	186.2	644.7	Remove Tip
									
58.246	58.346	629.8	467.2	507.2	1600	39.3	290.8	638.9	Remove Tip
									
58.346	58.396	616.9	452.1	499.4	1600	38.3	382.2	636.8	Remove Tip
									
58.416	58.516	604	468.2	464.2	1600	5	510.5	669.6	Remove Tip
									
58.516	58.616	571.2	433.4	447.2	803.2	0	649.3	670	Remove Tip
									
58.616	58.676	550.9	409.7	439.7	783.1	1	706.3	670.5	Remove Tip
									
58.716	58.806	577.7	427.7	462.9	804	19.7	674.1	645.4	Remove Tip
									
58.826	58.926	582.7	430.3	470	812	26.8	653.3	632.7	Remove Tip
									
58.926	59.026	579.4	427.3	464.2	807	25.6	657.7	633.4	Remove Tip
									
59.026	59.126	570.6	421.7	457.2	798	18.8	663.6	638.8	Remove Tip
									
59.126	59.226	565.7	415.6	462.9	791	27.3	1600	1600	Remove Tip
									
59.296	59.396	264.4	14.9	486.7	554	304	1600	1600	Cap On
									
59.396	59.486	190.8	14.3	510.7	483.8	299.4	1023.4	896.1	Cap On
									
59.546	59.646	209.1	0	548.3	488.6	221.6	982.6	856	Cap On
									
59.845	59.935	182.5	0	545.9	452.6	217.3	1019.4	1600	Cap On
									
59.975	60.075	194.5	0	543.3	461.2	204.2	993.7	1600	Cap On
									
60.075	60.175	210	0	560.2	479.5	216	965.7	1600	Cap On
									
60.245	60.345	353.8	33.2	643.5	610.7	240.7	792.4	1600	Cap On
									
60.345	60.445	379.4	4.1	651.4	639.4	246.4	758.9	1600	Cap On
									
60.445	60.505	405.3	0	641.6	664.3	246	726.2	609.3	Cap On
									
60.525	60.605	525	33.2	676.3	765.7	255.4	591.7	502.6	Cap On
									
60.645	60.745	414.6	31.1	517.5	634.2	93.5	729	659.7	Cap On
									
60.825	60.925	418.6	35.1	475.8	619.6	47.9	762.2	710.6	Cap On
									
60.925	61.025	423.5	24.2	462.5	617.5	28.4	774.4	1600	Cap On
									
61.065	61.145	430.4	1	463.1	625.7	25	772.4	1600	Cap On
									
61.165	61.265	361.8	87.4	347.1	533.3	0	876.5	1600	Cap On
									
61.265	61.325	363	77.9	333.2	527.8	0	886.3	1600	Cap On
									
61.474	61.574	378.5	16	301.3	531.4	0	896.8	1600	Cap On
									
61.574	61.674	383.6	10	304	536.5	0	897.9	1600	Cap On
									
61.674	61.744	390.2	4	306.7	539.2	1	897.6	1600	Cap On
									
61.794	61.894	418.8	0	350.2	582	44	858.2	1600	Cap On
									
61.894	61.944	420.8	0	348.7	584.5	44	857.3	1600	Cap On
									
61.964	62.064	413	0	326.9	577.1	21	871.6	1600	Cap On
									
62.094	62.194	432.2	0	339.4	599.4	33	852.5	1600	Cap On
									
62.194	62.274	441.3	0	347.4	607.5	43	851.6	1600	Cap On
									
62.314	62.414	427.6	0	351	601	43	850	1600	Cap On
									
62.414	62.514	423.9	0	341.4	595.9	35	855.4	1600	Cap On
									
62.514	62.614	423.5	0	333.4	594.5	28	855.5	1600	Cap On
									
62.714	62.804	410.1	4	302.8	572.8	0	876.1	1600	Cap On
									
62.844	62.944	423.4	0	319.8	594.6	17.1	839	1600	Cap On
									
62.944	63.024	414.6	0	298.5	596.7	10	826.4	1600	Cap On
									
63.044	63.144	426	0	297.8	624	13.5	782.1	1600	Cap On
									
63.144	63.244	429	17.7	272.9	633.9	0	769.1	1600	Cap On
									
63.244	63.344	429.8	47.2	245.6	638.7	0	753.1	1600	Cap On
									
63.344	63.444	425.8	52.8	240.2	635.3	0	744	1600	Cap On
									
63.444	63.494	422	63.8	207.5	636.4	0	732	671.5	Cap On
									
63.513	63.613	406.2	100.8	147.9	641	13	715.1	640.5	Cap On
									
63.643	63.743	395.2	80.7	1600	637.6	0	715.8	634.9	Cap On
									
63.813	63.913	369.3	45	1600	615.2	0	746.4	1600	Cap On
									
63.913	64.013	370.1	50	1600	615	0	751.1	664.2	Cap On
									
64.013	64.063	368.1	45	1600	613.8	0	752.5	667.1	Cap On
									
64.083	64.183	345.1	25	1600	588.5	0	777	692	Cap On
									
64.183	64.283	343.8	25	170	586.2	0	776	690	Cap On
									
64.343	64.443	333.8	11	180	574.7	0	796.3	704.8	Cap On
									
64.443	64.543	356	29.1	166.8	596.2	0	780	1600	Cap On
									
64.543	64.583	372.8	50	150.3	610.4	0	760.4	682.9	Cap On
									
64.643	64.743	349.3	33	161.2	587.7	0	776	1600	Cap On
									
64.743	64.843	335.2	24	169.1	571.8	0	783.1	702	Cap On
									
64.843	64.943	322.8	14.1	176	556.5	0	791	709.1	Cap On
									
64.943	65.043	320.4	13	177.1	554.2	0	795.5	712.2	Cap On
									
65.043	65.143	311.2	2	190	545.9	2	811.4	728.7	Cap On
									
65.143	65.193	333.1	19	173.3	571.3	0	790.1	710.3	Cap On
									
65.212	65.302	348	29	165.3	589.9	0	778	1600	Cap On
									
67.351	67.451	1600	1600	398	1600	1600	945.5	1105.1	Cap On
									
67.511	67.611	1600	1600	1600	1600	1600	962.3	1119.4	Cap On
									
67.801	67.871	1600	106.8	367.6	1600	1600	926.2	1090.8	Cap On
									
67.881	67.981	1600	1600	383.7	1600	1600	936.9	1098.9	Cap On
