start_time	end_time	App	Cap	Gauge	Pad	Pen	Safety	Tip	Action
									
0.959	1.059	341.5	50	143	568.2	0	328.7	1600	Cap Off
									
1.059	1.159	339.1	49.1	146.2	564.2	0	358.9	1600	Cap Off
									
1.159	1.259	336.6	41	153	565.3	0	360.3	1600	Cap Off
									
1.299	1.399	607.1	292	57.4	863	97	428	1600	Cap Off
									
1.399	1.499	636.5	304.1	70.8	863	110.9	162.8	1600	Cap Off
									
1.679	1.779	623.6	297	64.2	838.3	109	144.9	1600	Cap Off
									
1.829	1.929	408	80	113	605.9	0	308.6	1600	Cap Off
									
1.929	2.019	393.7	72.2	119	595.4	0	303.8	1600	Cap Off
									
2.039	2.139	304.4	0	205.2	508.4	20	373	1600	Cap Off
									
2.139	2.239	298.2	0	209.8	500.2	24	378.4	1600	Cap Off
									
2.239	2.319	291.6	0	213.1	494.3	25	380.6	1600	Cap Off
									
2.359	2.459	293.4	0	212.5	494.5	23	377.2	1600	Cap Off
									
2.459	2.559	293.5	0	219.8	493.5	25	375.5	1600	Cap Off
									
2.559	2.659	291.9	0	221.4	498.9	18.7	366.5	1600	Cap Off
									
2.659	2.759	289.8	10	1600	500	17.7	360.2	1600	Cap Off
									
2.778	2.878	311.7	5	214.1	524.4	0	342.9	1600	Cap Off
									
2.878	2.938	311	22	215.2	531.4	2.2	335.4	1600	Cap Off
									
2.958	3.058	339.8	55.7	184	558.4	0	323.7	1600	Cap Off
									
3.058	3.158	346.7	70.1	186.9	562.7	0	322.7	1600	Cap Off
									
3.158	3.258	343.8	81.6	186.2	563.9	0	328.7	620	Cap Off
									
3.298	3.398	342	74.3	204.2	560.4	0	349.5	1600	Cap Off
									
3.398	3.498	342.3	103.1	284.1	595.2	0	354.4	1600	Cap Off
									
3.598	3.668	465.5	443.6	319.9	1600	0	218.4	595.2	Cap Off
									
3.708	3.808	462.2	372.8	309.3	708.8	0	224.3	595.1	Cap Off
									
3.808	3.908	446.9	323.8	308.1	680.8	4.1	226.9	602.5	Cap Off
									
3.908	3.958	449.7	314.5	305	684.6	20	218.6	597.2	Cap Off
									
3.978	4.078	445.2	297.3	309.5	673.4	0	243	613.9	Cap Off
									
4.078	4.168	443.2	322.9	311.4	663.3	0	261.8	632.1	Cap Off
									
4.307	4.407	237	0	889.3	165.5	539.2	866.3	1600	Cap Off
									
4.457	4.557	244	0	857.5	148.6	504.7	859.8	1600	Cap Off
									
4.577	4.677	260	5	842.3	156.2	492.5	864.5	1600	Cap Off
									
4.697	4.797	271	0	830	167.9	483.2	863.8	1600	Cap Off
									
4.987	5.087	416.9	545.9	255.8	636	18.6	288.4	659.8	Cap Off
									
5.087	5.187	460.5	727.6	207.9	683.2	0	245.1	605.4	Cap Off
									
5.187	5.227	475.4	703.3	179.6	704.4	0	229.3	582.8	Cap Off
									
5.267	5.367	371	575.8	272.2	609.4	32	269	658.3	Cap Off
									
5.367	5.467	355.7	573.6	257.4	599.2	2	269.2	662	Cap Off
									
5.467	5.507	360.8	592.6	238.8	608	2	260.1	1600	Cap Off
									
5.547	5.647	333.4	612.4	281.6	592.5	1.4	296	687.5	Cap Off
									
5.647	5.747	346.4	615.2	248.3	607.4	19.2	280.6	1600	Cap Off
									
5.747	5.847	346.2	611.7	1600	607.9	16.8	281.1	671.6	Cap Off
									
5.847	5.947	332.7	598.3	1600	591.8	6	293	682.9	Cap Off
									
6.017	6.117	356.9	629.3	1600	620.3	0	278.3	668.7	Cap Off
									
6.296	6.396	660.2	953.2	617.2	920.7	298.8	0	370.5	Apply Tip
									
6.396	6.446	678.3	1012.1	659.7	938.6	295.9	1600	351.2	Apply Tip
									
6.576	6.676	678.7	1004.5	662.6	947.6	283.1	0	1600	Apply Tip
									
6.676	6.776	685	996	662.3	955.7	280.4	23	1600	Apply Tip
									
6.776	6.826	667.1	972.3	642.8	939	265.5	1600	1600	Apply Tip
									
6.866	6.966	688.3	995.7	666.4	959.8	292.4	1600	1600	Apply Tip
									
6.966	7.066	674.1	973.9	647.6	940.7	278.4	0	1600	Apply Tip
									
7.066	7.106	672	970.5	644	939.5	274.6	1600	0	Apply Tip
									
7.266	7.366	667	946	620.8	926.2	259.1	1600	7	Apply Tip
									
7.366	7.406	664	940.2	610.4	921.4	243	3.6	17	Apply Tip
									
7.526	7.626	482.4	735	401.3	731.2	21.9	82.2	80.5	Apply Tip
									
7.696	7.796	519.1	768.1	429.8	767	42.2	10.8	538.4	Apply Tip
									
7.796	7.896	520.1	762.8	426.8	767	32.9	3.2	539.6	Apply Tip
									
7.896	7.996	518.7	760.9	423.8	764	29.1	0	539.4	Apply Tip
									
7.996	8.096	512.1	750.8	414.2	758	24.5	0	545.5	Apply Tip
									
8.096	8.196	510.4	747.6	409.5	756	15.7	0	548.9	Apply Tip
									
8.196	8.296	507.7	741.2	404.4	753	16.2	0	554	Apply Tip
									
8.296	8.396	508.2	737.1	402.7	749	14.9	0	557.1	Apply Tip
									
8.415	8.515	531.5	753.3	419.4	771.5	28.5	0	1600	Apply Tip
									
8.515	8.615	531.9	749	418.4	770.3	26.9	0	539.8	Apply Tip
									
8.615	8.715	529.7	747.5	419.1	768.5	34	0	1600	Apply Tip
									
8.715	8.815	528.4	743.8	419.4	765.6	33	0	545.4	Apply Tip
									
8.815	8.915	524.9	739.4	416.9	758.8	35.5	0	549.7	Apply Tip
									
8.915	9.015	520.3	730.3	410.9	757.1	29.6	0	555.6	Apply Tip
									
9.015	9.115	517.1	725.5	405.7	754.4	28.3	0	556.1	Apply Tip
									
9.115	9.215	515.2	720.9	404.9	749.2	23	0	556.7	Apply Tip
									
9.215	9.315	511.9	722.5	406.8	742.6	29.8	0	555.3	Apply Tip
									
9.315	9.415	512	720.6	405.4	744.8	29.3	0	552.7	Apply Tip
									
9.415	9.515	512.6	716.8	403.8	746.5	28.9	0	550.6	Apply Tip
									
9.515	9.615	509.1	710.6	401.3	744.1	24.4	0	552.2	Apply Tip
									
9.615	9.715	508.5	709.5	395.8	744.7	22.8	3.6	551.1	Apply Tip
									
9.715	9.815	509.4	707	393.9	743.1	26.1	10	553.7	Apply Tip
									
9.815	9.915	505.6	706.6	389.8	741.8	39.4	31	554	Apply Tip
									
9.915	9.974	501	712.2	393.6	737.9	29.7	15.5	554.7	Apply Tip
									
10.014	10.114	525.3	711.2	395.1	755.8	22	0	1600	Apply Tip
									
10.114	10.214	530.7	710.7	394.6	760.5	22.8	0	547.4	Apply Tip
									
10.214	10.314	528.1	702.5	395.4	760	28	0	546.7	Apply Tip
									
10.314	10.414	533.8	709.9	400.8	766.7	35.9	0	1600	Apply Tip
									
10.414	10.514	539.5	710.2	401.1	771.1	36.5	1	540.1	Apply Tip
									
10.514	10.614	546.2	719.2	404.3	777.2	43.3	1600	537	Apply Tip
									
10.614	10.714	548.4	717.2	406	779.2	33.7	7.8	533.6	Apply Tip
									
10.714	10.814	549.1	709.9	397.3	777.1	30.1	16.4	534.1	Apply Tip
									
10.814	10.913	547.4	714.1	397.6	776.6	26	0	537.9	Apply Tip
									
11.533	11.633	560	724.1	405.1	788.6	30.4	1	499.9	Apply Tip
									
11.663	11.763	545.5	715.2	396	769.7	20	2	562.1	Apply Tip
									
11.763	11.863	545.4	708.4	387.7	768	10	1	565.1	Apply Tip
									
11.863	11.903	545.8	712.5	393.6	771.1	36	8.1	560	Apply Tip
									
11.943	12.043	536.5	712.7	394.6	759.2	36.7	26	566.8	Apply Tip
									
12.043	12.143	533.5	714	391.6	764	14	2	560.6	Apply Tip
									
12.143	12.213	533.8	724.5	399.2	763.2	20	0	564.7	Apply Tip
									
12.233	12.303	535.1	724.2	400.5	767	19	0	1600	Apply Tip
									
12.343	12.443	547.6	741.7	407.4	782.9	19.2	0	546.5	Apply Tip
									
12.443	12.543	550	724.3	391.9	786.9	14.1	0	538.9	Apply Tip
									
12.633	12.733	579.2	747.7	414	820.8	24.6	39.2	0	Apply Tip
									
12.763	12.863	513.8	796.6	452.6	762	56	265.7	24.2	Apply Tip
									
12.863	12.963	513.2	785.9	442.7	765	48.8	323.7	17.7	Apply Tip
									
12.963	13.063	540	793.8	452.2	791	53.9	336.1	20.6	Apply Tip
									
13.092	13.192	539.4	794.4	453.9	791.2	54.8	393.9	20.6	Apply Tip
									
13.192	13.242	548.5	805.8	462.4	799.7	59.5	438.8	30.8	Apply Tip
									
13.282	13.382	509.1	798.1	452.1	769.8	53.9	524.1	24.8	Apply Tip
									
13.382	13.482	510.3	811.8	465.1	772	61.8	507.8	33.2	Apply Tip
									
13.482	13.542	499.4	806.2	464.9	765	67.2	529.7	34.4	Apply Tip
									
13.562	13.662	486.7	764.4	421.2	767.1	35.2	1600	3	Apply Tip
									
13.692	13.792	547.5	847.8	403.5	843.4	24.4	513.6	0	Apply Tip
									
13.832	13.932	605.7	917.7	428.8	911.7	64.4	457.8	34.1	Apply Tip
									
14.002	14.092	460.7	660.3	1600	711.5	0	507.4	193	Apply Tip
									
14.112	14.212	475.7	670.4	132.5	726.8	14.3	494.7	224.2	Apply Tip
									
14.212	14.312	479.6	673.4	1600	728.7	25.2	491.4	258.7	Apply Tip
									
14.382	14.482	560.4	708.7	10.4	797	36	420.5	375.8	Setting Units
									
14.532	14.632	522.7	719.6	72.1	776.7	56.6	462.3	360.1	Setting Units
									
14.632	14.732	516.6	692.3	16	763.1	38.3	476.6	394.3	Setting Units
									
14.732	14.832	514.3	672.7	0	754.5	46	489.9	408	Setting Units
									
14.832	14.932	521.1	649.1	53.6	748.8	75.8	510.4	434.4	Setting Units
									
14.932	14.972	527	642.9	72.5	747.3	89.2	518.6	441	Setting Units
									
14.991	15.091	495.3	667.6	0	735.9	38	536.1	407.2	Setting Units
									
15.091	15.191	496.9	668.5	0	737.2	36	535.5	405.4	Setting Units
									
15.191	15.291	505.7	673.5	0	743.2	40	526.8	411.8	Setting Units
									
15.291	15.391	508.9	678	0	749.8	41	523.9	415.4	Setting Units
									
15.391	15.491	510.1	676.8	0	750.8	40	521.5	416.9	Setting Units
									
15.491	15.591	506.6	676.1	0	748.2	40	524.9	412.7	Setting Units
									
15.591	15.691	505.8	674.8	0	746.9	37	526.1	408.9	Setting Units
									
15.691	15.791	506.2	676.1	0	748	36	523.7	408.9	Setting Units
									
15.791	15.891	506.2	676.1	0	747.8	35	522.6	406.9	Setting Units
									
15.891	15.991	506.4	676.8	0	747.8	33	522.7	406	Setting Units
									
16.061	16.161	509	673.1	0	748.4	37	520.3	409.2	Setting Units
									
16.161	16.261	509	676	0	748.8	38	517.6	407.8	Setting Units
									
16.261	16.361	509.7	686.5	1	755.6	47	511.3	412	Setting Units
									
16.361	16.421	512.1	691.7	0	758.7	54	506	424.9	Setting Units
									
16.46	16.56	504.8	684.3	0	746.2	46.5	508.7	426.6	Setting Units
									
16.56	16.61	497.7	684.1	2.2	737	15.8	512.3	396.6	Setting Units
									
16.66	16.76	503.6	702	1	747	2.2	482.4	368.1	Setting Units
									
16.76	16.82	491.2	680.4	44.8	733.3	0	489.6	314.4	Setting Units
									
17.05	17.15	450.6	762.3	356	742.4	26	594.3	0	Priming
									
17.15	17.21	453.3	772.2	376.1	749.8	50	600.4	9.9	Priming
									
17.31	17.41	485.4	807	400.8	788.8	73.3	576.1	39.8	Priming
									
17.41	17.51	483.8	804.7	405.6	786	79.4	581.1	42.5	Priming
									
17.51	17.61	475.1	797	406	776.9	76	583.9	38.3	Priming
									
17.61	17.71	475.6	795.7	403	776.2	74	580.9	35.1	Priming
									
17.71	17.81	477.1	792.2	399.9	777.8	70	576.9	30.1	Priming
									
17.81	17.91	479.8	792.2	398.8	778.1	67	573.4	30	Priming
									
17.91	18.01	479.3	791.6	398.9	779.2	67	571.8	31.3	Priming
									
18.01	18.11	481	792.2	400	777.3	68.1	571.3	33.5	Priming
									
18.11	18.21	481.6	792.2	398.9	778	71.1	570.1	31.4	Priming
									
18.21	18.31	481.7	790.9	396.9	775.5	66.6	569.5	29.5	Priming
									
18.31	18.41	477.4	785.3	393.7	772.7	64.2	572	25.5	Priming
									
18.41	18.51	477.2	783.8	394.6	770.1	66	571.5	25.5	Priming
									
18.51	18.61	475.1	781.1	393.5	767.5	66	572.7	24.4	Priming
									
18.61	18.71	473.9	778.2	393.4	767.5	66	573.4	22.1	Priming
									
18.71	18.81	471.5	777	391.3	762.3	64	574.3	20.6	Priming
									
18.81	18.91	471.2	775.6	391	762.1	64	574.7	20.2	Priming
									
18.91	19.01	468.3	774	391.4	759.5	61	575	17	Priming
									
19.01	19.11	468.3	771.1	391.4	760.1	61	574.5	18	Priming
									
19.11	19.21	464.9	765.1	388.6	756	59	575.8	18	Priming
									
19.21	19.31	464.5	763.8	386.6	753.9	57	575.7	16	Priming
									
19.31	19.41	463.7	758.8	385.1	750.1	54	577	14.6	Priming
									
19.41	19.51	462.5	756	384	749.6	45	576.9	11.7	Priming
									
19.51	19.61	462.3	756.1	381.1	748.1	42	577.3	8.5	Priming
									
19.61	19.71	461.7	751.9	378.3	747.3	48	577.3	7.8	Priming
									
19.71	19.81	460.2	748.4	375.3	746.7	42.4	575.8	5.8	Priming
									
19.81	19.91	460.1	747.8	374.3	746	43	575.3	4.2	Priming
									
19.91	19.988	460.2	747.8	374.5	746	44.1	575.2	4.5	Priming
									
20.008	20.108	477.5	769.6	393.6	765.5	62	570.8	18.7	Priming
									
20.108	20.208	476.3	768.4	386.6	764.4	55	571.6	12.1	Priming
									
20.318	20.418	464	664.4	202.6	719.4	4	511.1	135	Priming
									
20.418	20.468	464	663.5	191.7	718.4	0	510.9	146.3	Priming
									
20.558	20.658	475.8	611.5	37	710	0	499.2	301.8	Priming
									
20.658	20.748	477	611.1	36.4	711	0	498.2	301.5	Priming
									
20.978	21.078	0	415.5	594.9	239.7	403.5	1063.8	398.9	Priming
									
21.078	21.118	0	413.3	667.2	195.3	470	1139	461.8	Priming
									
21.318	21.408	0	381.5	661.1	208.6	435.5	1130.6	425.4	Priming
									
21.448	21.548	0	380.5	670.6	204.4	440.3	1148.1	430.6	Priming
									
21.548	21.648	0	387.2	676.3	207.2	443	1150.9	431	Priming
									
21.648	21.748	0	393.9	673.1	217.8	434	1140.3	421.2	Priming
									
21.748	21.848	0	397.1	669.9	221.3	428	1135.2	416.2	Priming
									
21.867	21.967	0	393.5	677.6	212.2	437	1143.6	425.2	Priming
									
21.967	22.067	0	400.5	674.9	218	435	1140.7	420.9	Priming
									
22.067	22.167	0	400.4	674.4	219.9	431	1136.8	417.9	Priming
									
22.167	22.267	0	396	670	220	428	1131.3	416.2	Priming
									
22.267	22.367	0	394.9	668.2	219.9	426	1128.7	415.4	Priming
									
22.367	22.467	0	391.6	670	217.8	428.1	1131.2	417.6	Priming
									
22.467	22.567	0	388.6	668.2	215	431.1	1133	420.8	Priming
									
22.567	22.667	0	386.6	664.7	213.6	431.1	1130.4	419.5	Priming
									
22.667	22.767	0	385.7	664.7	215	432.1	1130.2	419.4	Priming
									
22.767	22.867	0	385.7	664.2	213.6	428	1130.2	417.4	Priming
									
22.867	22.967	0	384.6	663.4	212.9	429.4	1131.8	418.6	Priming
									
22.967	23.067	0	384	663	213.6	430.2	1130.6	419.6	Priming
									
23.067	23.167	0	385.6	666.2	211.6	432.1	1134.7	420.6	Priming
									
23.167	23.267	0	383.5	670.6	210.1	435.3	1137.1	424.6	Priming
									
23.267	23.367	0	382.8	673.8	207.3	438.1	1140	425.7	Priming
									
23.416	23.516	0	407.5	665.6	236.4	420	1130	407.5	Priming
									
23.516	23.616	0	405	670.4	231.9	424	1135.3	411.6	Priming
									
23.616	23.716	0	403.9	671.3	231.2	427	1137	413.6	Priming
									
23.716	23.816	0	403.5	675.3	230.5	427	1137	414.6	Priming
									
23.816	23.916	0	403.4	675.4	230.5	427.1	1137	414.7	Priming
									
23.916	24.016	0	403.4	672.7	230.5	428	1137.9	415.6	Priming
									
24.016	24.116	0	404.4	674.5	230.5	429	1138.4	415.6	Priming
									
24.116	24.216	0	402.4	677.1	229.1	430	1139.9	416.8	Priming
									
24.216	24.316	0	402.2	677.1	227	432	1140.9	418.9	Priming
									
24.316	24.416	0	401.3	678.5	226.3	433	1143.3	419.9	Priming
									
24.416	24.516	0	402	678.9	225.6	433	1142.3	421.8	Priming
									
24.516	24.616	0	399.9	679.3	223.4	435	1144	422.8	Priming
									
24.616	24.716	0	398.9	682	222	436	1145.2	424.7	Priming
									
24.716	24.816	0	399.8	682.5	222.7	437	1145.4	425.9	Priming
									
24.816	24.916	0	398.8	687.4	222	439	1146.4	426.9	Priming
									
24.916	25.016	0	399.9	682.9	222.8	439	1147.6	426.9	Priming
									
25.016	25.116	0	400.1	685.1	222	440	1148.8	428.9	Priming
									
25.116	25.216	0	400.8	688.3	221.3	441	1150.8	429.7	Priming
									
25.216	25.316	0	400.3	689.6	221.3	443	1151.7	430.6	Priming
									
25.316	25.416	0	398.7	687.4	219.2	444	1152	431.8	Priming
									
25.416	25.516	0	397.7	687.8	218.5	445	1151.7	431.8	Priming
									
25.516	25.616	0	397.6	690.9	217.1	446	1152.9	434.8	Priming
									
25.616	25.716	0	395.6	689.6	215	446	1153.7	435.8	Priming
									
25.716	25.816	0	392.7	687.4	215	444	1153	434	Priming
									
25.816	25.916	0	393.6	687.8	215.7	444	1153.5	433	Priming
									
25.916	26.016	0	395.6	689.2	215.7	445	1154.7	432.9	Priming
									
26.016	26.116	0	396.6	690.1	217.1	445	1154.2	433.8	Priming
									
26.116	26.216	0	397.6	690.9	217.8	445	1155.4	434.7	Priming
									
26.216	26.316	0	397.6	690.5	216.4	448.1	1159.2	436.4	Priming
									
26.316	26.416	0	398.5	693.6	215.7	451	1163.1	437.4	Priming
									
26.416	26.516	0	398.5	693.6	215.7	451	1162.8	437.4	Priming
									
26.516	26.616	0	398.5	694.5	215.7	450.1	1600	437.5	Priming
									
26.616	26.716	0	398.5	695.4	215	451	1600	437.4	Priming
									
26.716	26.816	0	398.4	695	216.4	451.1	1600	438.4	Priming
									
26.816	26.916	0	399.4	695	216.4	451.1	1600	437.3	Priming
									
26.916	27.016	0	400.4	695.9	217.1	451.1	1164.2	437.3	Priming
									
27.016	27.116	0	400.4	696.3	216.4	451.1	1163.7	437.3	Priming
									
27.116	27.216	0	400.4	695.9	216.4	451.1	1164.2	437.3	Priming
									
27.216	27.316	0	400.4	695.9	215.7	453.1	1600	438.3	Priming
									
27.316	27.416	0	401.3	698.1	215.8	453.2	1600	439.2	Priming
									
27.416	27.516	0	401.4	698.6	216.5	454	1600	439.2	Priming
									
27.516	27.616	0	400.4	699.5	215	454.1	1600	440.2	Priming
									
27.616	27.716	0	401.4	699.9	215	454.1	1600	441.2	Priming
									
27.716	27.816	0	402.3	698.1	216.4	453.2	1166.6	440.2	Priming
									
27.816	27.916	0	402.4	697.7	217.1	453.2	1600	439.2	Priming
									
27.916	28.016	0	402.4	700.8	216.4	456	1600	440.2	Priming
									
28.016	28.116	0	402.3	702.2	215.7	454.2	1600	441.2	Priming
									
28.116	28.216	0	401.3	704	213.6	457.1	1600	443.2	Priming
									
28.216	28.316	0	401.3	703.1	214.3	458.1	1600	444.2	Priming
									
28.316	28.416	0	401.3	704.4	214.3	458.2	1600	444.2	Priming
									
28.416	28.516	0	401.3	704.4	215.1	456.1	1600	443.2	Priming
									
28.883	28.973	604.1	728.5	26	821.7	65.8	378.9	390.3	Setting Units
									
28.993	29.093	581.1	724.4	28.2	812.9	72.9	398.5	407.9	Setting Units
									
29.093	29.143	607.4	745.5	64.7	837.4	108.9	377.3	445.4	Setting Units
									
29.163	29.263	570	747.9	19.6	817.2	69	415.2	420.7	Setting Units
									
29.283	29.383	517.7	724.8	0	774	14	482.2	377.6	Setting Units
									
29.383	29.483	531.9	731.2	0	783.4	36	472.7	407	Setting Units
									
29.483	29.583	549.7	735.5	0	797.5	59	461.4	436.4	Setting Units
									
29.583	29.683	555.9	738.6	7	801.3	67	456.9	446.3	Setting Units
									
29.733	29.833	532.2	727.8	0	779.7	43	478.8	420.9	Setting Units
									
29.833	29.933	525.3	716.2	0	770.7	37	488	416.3	Setting Units
									
29.933	30.033	525.9	716.2	0	770.4	39	489	416.4	Setting Units
									
30.033	30.093	524.9	715.4	0	770.2	35	489.5	416.1	Setting Units
									
30.133	30.233	539.2	735.6	0	783.2	46	476.6	425.2	Setting Units
									
30.233	30.333	537.3	738.2	0	780.1	44	479.1	423	Setting Units
									
30.333	30.433	537.3	738.1	0	781.2	44	479.4	423	Setting Units
									
30.433	30.533	537.9	737.3	0	782.5	43	478.2	424	Setting Units
									
30.533	30.633	539.2	737.1	0	783.5	44	477.8	426	Setting Units
									
30.633	30.733	538.9	736	0	783.7	44	476.9	426	Setting Units
									
30.733	30.833	536	734.2	0	782.4	43	477.8	425	Setting Units
									
30.833	30.933	538.2	735.4	0	783.4	43	477.5	425	Setting Units
									
30.933	31.033	545.8	742.4	0	791.7	48	470.5	432.7	Setting Units
									
31.033	31.122	547.7	745.2	0	794.8	49.2	466.8	433.8	Setting Units
									
31.232	31.332	545.8	740.4	0	793.4	47.1	468.7	430	Setting Units
									
31.332	31.432	546.5	740.9	0	792.3	39	467.4	431	Setting Units
									
31.432	31.532	544.1	735.7	0	791.1	46	470.5	429.7	Setting Units
									
31.532	31.632	543.5	735.7	0	790.8	46	471.5	429.7	Setting Units
									
31.632	31.732	543.3	735.1	0	789.4	45	472.8	427.8	Setting Units
									
31.732	31.832	542.9	735.1	0	789.9	36.5	472.1	427.9	Setting Units
									
31.832	31.932	542.4	733.9	0	789.1	42	473.7	426.8	Setting Units
									
31.932	32.032	542.1	732.3	0	788.2	35.5	473.4	426.6	Setting Units
									
32.032	32.132	540.8	729.6	0	785.7	33	476.2	423.6	Setting Units
									
32.132	32.211	538.2	728.8	0	783	37	478.5	421.6	Setting Units
									
32.231	32.331	552.1	743.7	0	795.4	48	463.9	433	Setting Units
									
32.331	32.431	547.6	742	1	791.3	47	466.5	429	Setting Units
									
32.431	32.531	539.3	736.2	0	784.6	37	473.8	421.3	Setting Units
									
32.531	32.631	538.1	734.3	4	784.4	37	474.3	417	Setting Units
									
32.631	32.681	523.7	727	12	770.7	20	482.4	397	Setting Units
									
32.711	32.811	352.1	620.3	171.4	616.4	0	646.9	208	Injection
									
32.811	32.891	329.6	622.1	210	603.1	0	670.5	177.7	Injection
									
33.311	33.411	137	307.8	909	4	449.8	1600	413.9	Injection
									
33.461	33.561	131	298.8	1600	0	429.4	1600	383.1	Injection
									
33.73	33.81	183	319	274.4	0	291.2	1600	1600	Injection
									
33.85	33.95	185	329.7	1600	0	170.2	1600	140.7	Injection
									
33.98	34.08	1600	347.1	1600	0	112.3	1600	83.8	Injection
									
34.08	34.13	1600	344.8	1600	0	119.9	1600	94.6	Injection
									
34.25	34.35	1600	374.6	1600	0	67	1600	43	Injection
									
34.38	34.48	1600	386.9	1600	0	58	1600	29	Injection
									
34.51	34.61	1600	398.7	1600	0	51.6	1600	25	Injection
									
34.61	34.71	1600	393.7	1600	0	55	1600	30.1	Injection
									
34.71	34.81	1600	391	1600	0	51.8	1600	29.1	Injection
									
34.81	34.88	1600	389.7	1600	0	55	1600	27	Injection
									
34.96	35.06	388	393.6	1600	0	44	1600	22	Injection
									
35.06	35.16	392.6	386.9	1600	0	53	1600	26	Injection
									
35.16	35.23	1600	384.9	1600	0	55.6	1600	28	Injection
									
35.25	35.35	1600	402.2	1600	0	36.5	1600	2	Injection
									
35.399	35.499	1600	418.5	1600	11.2	22	1600	0	Injection
									
35.499	35.599	1600	414.7	1600	11.4	24	1600	0	Injection
									
35.599	35.699	1600	413.5	1600	9.2	23.3	1600	0	Injection
									
35.699	35.799	1600	413.5	1600	10.8	22	1600	0	Injection
									
35.799	35.899	1600	413.7	1600	9.5	15	1600	0	Injection
									
35.899	35.939	1600	415.5	1600	9.5	11	1600	0	Injection
									
36.099	36.179	345.6	406.1	1600	9	12.6	1600	0	Injection
									
36.199	36.269	332.7	396.3	1600	6.7	17	1600	0	Injection
									
36.329	36.429	310.3	389.3	1600	13.6	10	1600	0	Injection
									
36.459	36.559	286.9	376.9	364.3	9.2	15	1600	0	Injection
									
36.599	36.689	237.2	399.1	295.1	12.4	0	813.6	28.1	Injection
									
36.729	36.829	243.7	364.1	303.2	9.8	2	1600	5.8	Injection
									
36.829	36.929	232.2	377.1	279.1	15.2	0	1600	21	Injection
									
36.999	37.099	234.3	356.9	279.1	16	0	1600	10.8	Injection
									
37.099	37.199	239.5	355.7	279.6	15.3	0	1600	9.2	Injection
									
37.199	37.259	240.1	356	279	14	0	1600	8.1	Injection
									
37.278	37.378	225.5	356.5	277.1	10.2	0	1600	10.8	Injection
									
37.378	37.478	226.6	355.1	279.3	10.2	0	1600	9.8	Injection
									
37.478	37.578	229	351.7	284.1	11	1	1600	6.7	Injection
									
37.578	37.678	230.3	350.7	287.1	11.4	3	1600	5.8	Injection
									
37.678	37.778	229.4	348.4	289.2	9	4	1600	4.5	Injection
									
37.778	37.878	227.6	348.4	289.2	8.2	4.1	1600	5	Injection
									
37.958	38.058	194.7	676	0	299.7	40.3	1600	331.5	Setting Units
									
38.058	38.128	195.3	676	0	301	41	1600	331.4	Setting Units
									
38.148	38.248	189.9	684	0	307.4	42.2	1600	340.3	Setting Units
									
38.248	38.348	189.6	683	0	306.3	43	1600	338	Setting Units
									
38.348	38.448	191.6	683	0	306.3	43.7	1600	337.9	Setting Units
									
38.448	38.528	193.2	683	0	308.2	45.6	1600	338.9	Setting Units
									
38.548	38.648	190.6	691	6	314.6	50.4	1600	346.6	Setting Units
									
38.648	38.748	191	689	5	313.6	49.2	1600	344.5	Setting Units
									
38.748	38.848	190	688	3	312.4	44.9	1600	343.4	Setting Units
									
38.848	38.948	190.5	687	3	311.5	44.9	1600	343.4	Setting Units
									
38.948	39.048	190.3	684	2	309.3	44.9	1600	341.3	Setting Units
									
39.048	39.148	191	681	0	306.1	44	1600	339.3	Setting Units
									
39.148	39.248	190.4	680	0	305.5	43.7	1600	338.3	Setting Units
									
39.248	39.348	188.4	676	0	303.2	41.1	1600	335.3	Setting Units
									
39.348	39.448	187.2	674	0	300	39.6	1600	334.3	Setting Units
									
39.448	39.548	186.2	673	0	297.9	33.5	1600	332.2	Setting Units
									
39.548	39.648	186.2	671	0	295.9	31.8	1600	331.2	Setting Units
									
39.648	39.748	185.1	670	0	296.9	34	1600	330.3	Setting Units
									
39.748	39.848	184.3	670	0	296.7	33.6	1600	328.4	Setting Units
									
39.848	39.948	180.6	671	0	298.5	36.1	1600	330.6	Setting Units
									
39.948	40.048	181.2	671	0	296.7	37.1	1600	330.7	Setting Units
									
40.048	40.148	179.8	670	0	296.4	36.1	1600	328.7	Setting Units
									
40.148	40.248	180.2	672	0	297.4	34.9	1600	330.6	Setting Units
									
40.248	40.348	182.9	671	0	297.1	37.4	1600	330.7	Setting Units
									
40.417	40.517	214.9	381.8	249.5	18.4	0	1600	39.3	Injection
									
40.676	40.776	241.5	331	299.7	7.8	16	1600	0	Injection
									
40.776	40.876	240.2	332.3	298.3	8.5	15	1600	0	Injection
									
40.876	40.976	240.6	332.8	297	9.9	14	1600	0	Injection
									
40.976	41.076	240.2	332.8	297.1	9.9	14	1600	0	Injection
									
41.076	41.176	239.3	333.7	296.4	9.8	13	1600	0	Injection
									
41.176	41.276	238.8	334.5	295.4	8.9	13	1600	0	Injection
									
41.276	41.376	238.8	331.2	298.4	6.3	16	1600	0	Injection
									
41.376	41.476	238	332.6	298.4	6.4	15.3	1600	0	Injection
									
41.476	41.576	237.1	334.4	295.2	6.7	13	1600	0	Injection
									
41.646	41.746	23.3	403.5	290.4	172.7	177.5	1600	210.2	Injection
									
41.846	41.946	0	471.3	287.1	263.5	244.1	1600	295.6	Injection
									
41.996	42.096	0	473.2	301.3	276.6	261.7	1600	303.7	Injection
									
42.166	42.266	0	472.3	278.6	249.4	235.6	1600	274.4	Injection
									
42.266	42.366	0	474	291.6	264.3	254.7	1600	291.4	Injection
									
42.366	42.456	0	480.1	313.8	290.2	281.2	1600	316.2	Injection
									
42.475	42.575	0	483.3	299	273.1	265.1	1600	300.7	Injection
									
42.575	42.625	0	485.1	305.1	282.2	273.9	1600	307.6	Injection
									
42.725	42.825	0	480.4	304.6	276.1	269.5	1600	300.7	Injection
									
42.825	42.925	0	483.3	310	284.6	277.2	1600	307.9	Injection
									
42.925	42.975	0	486.1	314.7	291	282.6	1600	314	Injection
									
42.995	43.095	0	473.4	315	281.8	277	1600	302.6	Injection
									
43.095	43.195	0	477.2	318.4	288	282.4	1600	307.3	Injection
									
43.195	43.255	0	481.2	321.3	291.4	288.2	1600	310.4	Injection
									
43.295	43.395	0	471.5	297.4	262.4	258.4	1600	283	Injection
									
43.395	43.495	0	475.4	300.4	268.8	264.1	1600	289	Injection
									
43.495	43.595	0	477.5	302.3	273.8	269.4	1600	293.4	Injection
									
43.595	43.695	0	485.3	303.3	280.8	274.6	1600	300.7	Injection
									
43.695	43.795	0	489.1	306.4	287.3	280.4	1600	306.6	Injection
									
43.795	43.895	0	489.7	310.2	291.4	285.8	1600	310.9	Injection
									
43.895	43.995	0	488.5	313.6	292.2	288.8	1600	310.5	Injection
									
43.995	44.095	0	488.6	317	293.3	290.5	1600	313.5	Injection
									
44.095	44.195	0	489.3	318.9	297	292.9	1600	316.4	Injection
									
44.195	44.295	0	488.5	321.4	298.9	296.4	1600	317.4	Injection
									
44.295	44.395	0	485.4	326	299.3	296.7	1600	317.2	Injection
									
44.395	44.495	0	483.4	331.1	300.1	300	1600	319.6	Injection
									
44.495	44.595	0	482.5	332.5	300.1	300.8	1600	319.8	Injection
									
44.595	44.695	0	484.3	332.8	299.8	301.4	1600	319.8	Injection
									
44.695	44.795	0	482.4	334	301	301	1600	319.8	Injection
									
44.795	44.895	0	481.2	338.1	301.3	304.1	1600	320.8	Injection
									
44.895	44.995	0	479.2	341	300.1	305.3	1600	320.5	Injection
									
44.995	45.095	0	478.2	342	300.1	305	1600	322.9	Injection
									
45.095	45.184	0	478	344.2	299.4	305.5	1600	323.4	Injection
									
45.264	45.364	0	476.6	334	294.1	295.4	1600	313.6	Injection
									
45.364	45.464	0	477.5	333.2	295	295.6	1600	314.8	Injection
									
45.464	45.564	0	476.7	332.8	294.1	295.4	1600	314	Injection
									
45.564	45.664	0	478.6	335.2	295.5	297.8	243.5	316.2	Injection
									
45.664	45.764	0	478.6	333	295.9	295.2	242.8	314.8	Injection
									
45.764	45.864	0	478.6	333.2	295.1	295.2	1600	314.6	Injection
									
45.864	45.964	0	479.8	332	295.9	296.1	1600	313.8	Injection
									
45.964	46.064	0	481.6	334.5	298.6	299.2	240.9	316.6	Injection
									
46.064	46.164	0	480.7	335.4	298.9	299.9	240.9	318	Injection
									
46.164	46.264	0	482.6	336.7	302.1	303.1	1600	320.8	Injection
									
46.264	46.364	0	484.5	338.2	303.8	306.5	1600	322.2	Injection
									
46.364	46.413	0	485.4	339	305.1	307	1600	324	Injection
									
46.513	46.613	0	488.8	330.9	303.6	302.5	1600	321.1	Injection
									
46.613	46.713	0	488.9	331.3	304.4	302.3	1600	322.3	Injection
									
46.713	46.813	0	488.8	332	304.3	304.5	1600	323.1	Injection
									
46.813	46.913	0	488.8	333	305	305.1	1600	323.3	Injection
									
46.913	47.013	0	490.7	334.6	306	307	1600	324.7	Injection
									
47.013	47.113	0	489.6	334.8	304.6	306.5	1600	324.7	Injection
									
47.113	47.213	0	489.7	333.6	305.2	306.5	1600	324.5	Injection
									
47.213	47.313	0	490.7	330.9	304.6	304.6	1600	322.3	Injection
									
47.313	47.413	0	488.7	334.8	303.9	306	1600	324.7	Injection
									
47.413	47.513	0	488.6	336.9	306.5	307.2	1600	325.5	Injection
									
47.513	47.613	0	490.2	338.5	306.5	309.2	1600	327.1	Injection
									
47.613	47.713	0	490.2	338.5	307.1	310.1	1600	327.1	Injection
									
47.713	47.813	0	488.6	338.5	308	310.4	1600	327.8	Injection
									
47.813	47.913	0	489.6	337.5	308.2	310.1	1600	327.8	Injection
									
47.913	48.013	0	489.6	337.7	307.1	308.7	1600	327.2	Injection
									
48.013	48.113	0	488.6	337.7	307.6	308.7	1600	327.2	Injection
									
48.113	48.213	0	487.7	337.9	306.7	309.2	1600	326.6	Injection
									
48.213	48.313	0	488.5	338.7	307.7	309.4	1600	326.6	Injection
									
48.313	48.372	0	489.5	337.7	307.5	308.8	1600	327.2	Injection
									
48.462	48.562	0	485.5	337.8	304.1	306.6	1600	324.8	Injection
									
48.562	48.662	0	485.4	337.8	305.1	307.5	1600	325.4	Injection
									
48.662	48.762	0	485.5	336.4	303.6	306.1	1600	324.6	Injection
									
48.762	48.862	0	482.8	330.9	298.6	299.4	1600	316.8	Injection
									
48.862	48.912	0	478.1	325.5	289.9	290.4	1600	308.6	Injection
									
49.042	49.142	116.7	296.6	337	59.2	126.9	1600	124	Injection
									
49.142	49.182	169	270.7	343.2	13	96.8	1600	88.2	Injection
									
49.241	49.341	183.1	342.1	272.5	0	15.8	1600	19.4	Injection
									
49.341	49.441	204.3	330	273.3	7	5	1600	1	Injection
									
49.441	49.521	222.4	330.3	271	12.6	1	1600	2.2	Injection
									
49.561	49.651	214.9	321.6	280.1	4.5	6.3	1600	0	Injection
									
49.691	49.791	209.8	326.6	288.1	0	15.3	1600	2	Injection
									
49.791	49.891	231.7	331.6	296	5.1	18	1600	0	Injection
									
49.891	49.941	237.3	334.1	299	3	21	1600	0	Injection
									
49.961	50.061	227.9	352.2	288	5.4	6	1600	0	Injection
									
50.061	50.161	240.2	352.2	301.2	8.2	11	1600	0	Injection
									
50.161	50.231	252.2	352.2	314.2	6	19	1600	0	Injection
									
50.381	50.481	243.8	372.1	300	10.6	1	1600	4	Injection
									
50.481	50.581	255.3	362	317.8	8	17	1600	0	Injection
									
50.581	50.661	267.4	355.2	334.5	7.6	24	1600	0	Injection
									
50.681	50.781	263.7	375.8	324.9	14.1	8	1600	0	Injection
									
50.781	50.881	266.1	377	332.3	7.8	12	1600	0	Injection
									
50.881	50.941	282.2	382.1	352.4	0	27	1600	3	Injection
									
51	51.1	175.3	480	354.2	109	0	1600	13.3	Injection
									
51.16	51.26	95	624	335.9	320	0	1600	97.6	Injection
									
51.31	51.41	172.6	652.4	291.5	482.2	0	1047.2	127	Injection
									
51.41	51.51	253.6	698.8	253.6	561.8	0	919.1	163.9	Injection
									
51.51	51.56	336.2	741.9	218.6	644	0	804.7	185.3	Injection
									
51.58	51.68	395.8	706.1	221	670.1	23.3	652.3	131.5	Remove Tip
									
51.68	51.78	481.9	1600	1600	755.7	0	556	76.3	Remove Tip
									
51.78	51.88	514.3	848.7	1600	785.9	18.4	513.1	23.9	Remove Tip
									
51.88	51.98	570.6	818.7	449.9	841.2	76.4	446.7	60.4	Remove Tip
									
51.98	52.07	602.6	845.6	622.2	874.4	114	409.9	90.6	Remove Tip
									
52.08	52.18	557.4	762.6	1600	815	27.2	432.2	0	Remove Tip
									
52.18	52.28	570.5	754.6	1600	825.5	87	420	89.2	Remove Tip
									
52.3	52.4	570.3	749.1	1600	823.6	25.6	434.5	2.8	Remove Tip
									
52.4	52.5	596.4	763.1	456.7	856.7	58.3	417.2	25.9	Remove Tip
									
52.5	52.54	609.3	771.2	478.6	865.2	81.8	411.9	51.9	Remove Tip
									
52.699	52.799	1074.2	1251.6	919.9	1600	531.4	37.6	498.6	Remove Tip
									
52.799	52.839	1129.1	1309.2	967.3	1600	570.2	68.9	536.4	Remove Tip
									
52.959	53.059	1099.1	1600	939.9	1600	516.4	14.3	479.8	Remove Tip
									
53.109	53.209	1100	1600	923.3	1600	496	39.6	457.8	Remove Tip
									
53.209	53.279	1600	1600	923.8	1600	490.9	36.8	453.5	Remove Tip
									
53.299	53.379	1085.7	1600	913.2	1600	474.9	41.1	439.2	Remove Tip
									
53.549	53.649	749.4	1600	553.2	1600	112	188	73.9	Remove Tip
									
53.649	53.749	718.6	852	518	1600	79.8	130.5	43.7	Remove Tip
									
53.749	53.849	710.7	842.9	508.8	1600	67.1	85.1	33.1	Remove Tip
									
53.849	53.949	704	818	502.5	1600	50.9	60.5	15.6	Remove Tip
									
53.949	54.049	702.7	802.9	484.5	1600	33	58.9	0	Remove Tip
									
54.049	54.089	706.1	795.1	472.9	1600	22.2	54.1	0	Remove Tip
									
54.159	54.229	746.4	843.8	523.1	1600	59.5	2	20.8	Remove Tip
									
54.249	54.349	764.4	858	530.5	1600	59.2	0	464.2	Remove Tip
									
54.349	54.449	762.1	853	525.8	1600	52.2	0	16.3	Remove Tip
									
54.449	54.549	753.3	841.1	516.2	1600	45.3	0	12.1	Remove Tip
									
54.549	54.649	747.9	838.2	513.3	1600	43.8	0	16.1	Remove Tip
									
54.649	54.749	744.3	831.7	505.7	1600	40.3	0	19.7	Remove Tip
									
54.749	54.849	744.7	830.5	504.7	1600	37.5	0	19.3	Remove Tip
									
54.849	54.949	743.7	829	500	1600	37.7	0	19.9	Remove Tip
									
54.949	55.049	740.9	826.5	500.4	1600	34.2	0	485.2	Remove Tip
									
55.049	55.149	736.8	817.4	495.6	1600	31.1	0	493	Remove Tip
									
55.149	55.249	735.6	811.9	488.3	1600	28.2	0	498.2	Remove Tip
									
55.249	55.349	732.4	805.2	480	1600	22	0	505.5	Remove Tip
									
55.349	55.438	727.2	803	474.7	1600	18	0	508.6	Remove Tip
									
55.478	55.578	725.5	804.3	477.7	1600	29.2	0	507	Remove Tip
									
55.578	55.678	721.4	806.6	485.2	1600	35	0	504.2	Remove Tip
									
55.678	55.778	706.3	802.6	487.9	1600	37.3	0	497.9	Remove Tip
									
55.778	55.878	710	802.7	486.1	1600	41	0	489.5	Remove Tip
									
55.928	56.028	701.2	801.4	479.4	1600	33	0	504.9	Remove Tip
									
56.028	56.128	694.4	779.9	462.3	1600	11.4	0	517.9	Remove Tip
									
56.167	56.267	707.4	789.6	472.3	1600	24	1600	515.3	Remove Tip
									
56.267	56.367	717.4	792	475.2	1600	28	5	514.4	Remove Tip
									
56.367	56.467	724.8	798.7	474.8	1600	21	0	515.5	Remove Tip
									
56.467	56.557	719.1	787	463.9	1600	19	9	517.2	Remove Tip
									
56.577	56.677	722.2	797.3	473.8	1600	24.2	0	510.3	Remove Tip
									
56.677	56.777	724.5	805.5	480.5	1600	28	0	508.3	Remove Tip
									
56.777	56.877	729.8	818.6	488.9	1600	39	0	501.8	Remove Tip
									
56.877	56.977	720.7	806.5	483.3	1600	27.7	11.2	502.6	Remove Tip
									
56.977	57.077	715.2	802.6	481.1	1600	37.5	1600	505.7	Remove Tip
									
57.077	57.177	715.3	810	484.7	1600	35.1	0	505.3	Remove Tip
									
57.177	57.277	714	803.5	479.8	1600	35.4	0	501.7	Remove Tip
									
57.277	57.377	710.3	804.5	486.8	1600	35.7	0	497.8	Remove Tip
									
57.447	57.547	703.7	802.6	480.7	1600	35.6	23.3	505.8	Remove Tip
									
57.547	57.647	704.7	793.5	475.5	1600	40.8	38.2	504.4	Remove Tip
									
57.647	57.747	707.8	807.8	481.5	1600	47	1600	507.8	Remove Tip
									
57.747	57.847	711.1	808.1	481.7	1600	32.6	1600	506.5	Remove Tip
									
57.847	57.947	704	804.4	480.1	1600	29.1	0	507.5	Remove Tip
									
57.947	58.047	705.4	806	481.8	1600	30.9	0	507.9	Remove Tip
									
58.047	58.147	711.2	817.4	491.3	1600	39.9	24.4	500.5	Remove Tip
									
58.147	58.247	715.3	814.4	490.2	1600	51.2	48.1	500.9	Remove Tip
									
58.247	58.347	716.6	815.3	488.7	1600	41.6	8.5	504	Remove Tip
									
58.347	58.447	723.5	821.5	493.1	1600	43.6	4.1	502.2	Remove Tip
									
58.447	58.547	720.4	817.6	492.7	1600	40.3	7	503.1	Remove Tip
									
58.547	58.596	721	825.3	496.6	1600	42.4	0	504	Remove Tip
									
58.676	58.776	725.1	831.4	498.4	1600	50.7	32.6	502.4	Remove Tip
									
58.776	58.876	720.4	826.9	495.2	1600	60.1	1600	504.2	Remove Tip
									
58.876	58.976	718.5	824.5	494.1	1600	41.4	0	505.6	Remove Tip
									
58.976	59.076	722.1	822.7	494.2	1600	42.4	0	505.3	Remove Tip
									
59.076	59.176	715.9	812.3	486.5	1600	33.4	5	509.5	Remove Tip
									
59.176	59.276	716.3	801.2	483.2	1600	35.1	0	508.6	Remove Tip
									
59.276	59.376	713.4	795.2	481.3	1600	31.9	0	509.9	Remove Tip
									
59.376	59.476	707.4	794.7	482.6	1600	31.1	0	511.7	Remove Tip
									
59.476	59.576	712.8	801.6	485.5	1600	33.2	0	509.5	Remove Tip
									
59.615	59.715	724.5	816.2	495.6	1600	62.2	1600	499.5	Remove Tip
									
59.715	59.815	715.1	805.1	490.5	1600	45.8	15.1	497.9	Remove Tip
									
59.815	59.915	716.6	809	493.6	1600	48.4	23.5	495.6	Remove Tip
									
59.915	60.015	719.2	802.5	485.4	1600	39.4	0	502.4	Remove Tip
									
60.015	60.115	717.5	811.2	494.3	1600	48.8	1600	503.2	Remove Tip
									
60.115	60.215	712.2	803.1	489.8	1600	43.1	1600	504.5	Remove Tip
									
60.215	60.315	711.6	812.8	496.2	1600	53.2	1600	1600	Remove Tip
									
60.315	60.395	698	804.7	493.6	1600	48	218.5	213.4	Remove Tip
									
60.415	60.515	667	784.7	472.2	1600	32.5	341.9	1600	Remove Tip
									
60.515	60.585	643.2	781.8	471.4	1600	31.6	400.2	1600	Remove Tip
									
60.695	60.795	471.8	579.8	294.1	705.3	0	568.9	814.9	Remove Tip
									
60.795	60.895	427.9	552.5	234.1	657.6	0	586.1	863.3	Remove Tip
									
60.895	60.935	420.7	549.9	212.1	650.9	0	627.1	1600	Remove Tip
									
60.975	61.075	455	606.9	220.8	689	0	1600	645.3	Remove Tip
									
61.075	61.145	408.6	556.9	156.5	640.7	0	583.8	678.9	Remove Tip
									
61.364	61.464	292	0	610.3	194.5	683.3	1167.3	1600	Cap On
									
61.464	61.514	308.3	0	729.7	184.7	806.1	1242.1	1600	Cap On
									
61.534	61.624	283.1	0	712.4	194.4	790.1	1600	1600	Cap On
									
61.684	61.774	281.6	0	723	167.4	803.5	1600	1600	Cap On
									
61.984	62.084	215.9	0	319.4	417.1	323.4	795.5	1600	Cap On
									
62.134	62.204	429.2	0	360	672.7	242.5	551.5	631.5	Cap On
									
62.244	62.344	556.3	0	495.2	803.1	188.2	427.4	509.3	Cap On
									
62.344	62.444	595.2	0	565.1	841.9	165.9	397.4	478.4	Cap On
									
62.534	62.634	656.6	0	660.4	910.4	230.3	1600	431.3	Cap On
									
62.634	62.684	657.1	0	650.3	906.9	216.9	1600	447.9	Cap On
									
62.714	62.814	512.4	120.3	472.5	743	46	1600	631	Cap On
									
62.814	62.914	514.8	91.1	472.4	743.1	42.4	1600	637.5	Cap On
									
62.914	63.014	514.2	51.2	472.1	743.1	41	573.5	635.9	Cap On
									
63.014	63.114	511.3	26.3	464.9	739.4	35.6	568.8	639.3	Cap On
									
63.114	63.174	509.4	12.8	458.5	736.7	28.5	553.5	636.4	Cap On
									
63.213	63.303	503.4	3.6	430.3	725.2	29.1	550.6	652.2	Cap On
									
63.343	63.443	461.4	28	343.4	663	1	610.4	718.6	Cap On
									
63.483	63.583	472	6	344.1	676.7	27.9	593.9	706.7	Cap On
									
63.583	63.683	475.8	0	340.3	677.8	26	599.5	714	Cap On
									
63.683	63.783	479.3	0	337.3	678.6	24	605.6	1600	Cap On
									
63.783	63.883	488.5	0	340.1	686.3	26	607.1	726.7	Cap On
									
63.883	63.983	493.7	0	335.7	688.8	23	611.9	1600	Cap On
									
63.983	64.083	497	0	333.6	689.7	19	616.2	1600	Cap On
									
64.183	64.283	505	0	347.1	702.1	30	607.3	729.4	Cap On
									
64.283	64.343	508.1	0	340.1	700.7	27	615.1	1600	Cap On
									
64.463	64.563	320.6	244	77.8	445.9	0	871	983.5	Cap On
									
64.563	64.623	314.5	256.2	59.5	434.8	0	878.1	1600	Cap On
									
64.782	64.882	431.2	63	229	609.3	0	672.5	1600	Cap On
									
64.882	64.982	413.1	54	227.1	597.7	0	663.7	773.6	Cap On
									
65.012	65.112	411.9	53.9	201.8	613.1	0	630.5	1600	Cap On
									
65.292	65.392	282.1	149	59.1	518.2	0	692.3	1600	Cap On
									
65.392	65.442	272.2	152	47.4	510.6	0	697.2	1600	Cap On
									
65.712	65.812	432.3	0	204.9	668.7	14.1	500.5	564.9	Cap On
									
65.812	65.912	442	11	221.9	684.2	32.2	488.9	542.9	Cap On
									
65.912	65.952	443	25	225.6	688.6	39.4	490.7	540.3	Cap On
									
65.992	66.092	439.6	0	210.9	678.3	19	495.9	561.8	Cap On
									
66.182	66.282	426.3	0	200	659.6	11	510.4	580.5	Cap On
									
66.391	66.471	435.4	0	211.9	670.1	24.5	492.9	562.6	Cap On
									
66.491	66.591	428.4	0	200.8	663.8	14.9	499	571.7	Cap On
									
66.591	66.691	445.1	0	215.7	681.8	25.7	485.4	558.6	Cap On
									
66.731	66.811	463	0	232.6	707	40	472.3	545.7	Cap On
									
68.39	68.49	1600	1600	440.2	1600	1600	1161.3	1178.8	Cap On
									
68.49	68.58	1600	1600	444.1	1600	1600	1166.1	1184.6	Cap On
									
68.6	68.7	1600	1600	421.5	1600	1600	1144	1158.6	Cap On
									
68.7	68.8	1600	1600	421.4	1600	1600	1144	1159.1	Cap On
									
68.8	68.84	1600	1600	419.5	1600	1600	1140.8	1156.9	Cap On
