start_time	end_time	Block	Grid	IFU	Single Shape
0.365	0.455	530.8	595.9	56.6	1600.0
0.595	0.835	723.2	484.0	0.0	1600.0
0.874	0.954	824.7	418.4	0.0	1600.0
0.974	1.104	873.6	376.4	0.0	1600.0
1.124	1.354	903.1	370.9	0.0	1600.0
1.374	1.504	1600.0	402.2	0.0	1600.0
1.544	1.804	1600.0	431.2	0.0	1600.0
1.824	1.904	1600.0	431.2	0.0	1600.0
1.944	2.054	1600.0	434.9	0.0	1600.0
2.074	2.184	1600.0	436.3	0.0	1600.0
2.224	2.294	1600.0	436.4	0.0	1600.0
2.354	2.873	1600.0	443.5	0.0	1600.0
2.953	3.153	1600.0	557.2	0.0	1600.0
3.173	3.293	1600.0	478.0	0.0	1600.0
3.313	3.403	1600.0	480.1	0.0	1600.0
3.463	3.673	1600.0	410.2	0.0	1600.0
3.693	3.773	1600.0	222.5	130.0	1600.0
3.793	3.973	1600.0	90.8	279.2	1600.0
3.993	4.083	1600.0	0.0	453.1	1600.0
4.123	4.243	1600.0	0.0	425.5	1600.0
4.372	4.452	1600.0	25.1	592.9	141.0
4.522	4.642	1600.0	172.9	185.5	1600.0
4.662	4.902	915.6	329.5	40.3	1600.0
4.922	5.012	828.4	371.0	0.0	1600.0
5.092	5.162	385.6	816.4	143.7	781.0
5.222	5.302	269.0	1019.0	260.8	1600.0
5.342	5.452	26.9	1600.0	549.6	1600.0
5.512	5.682	41.1	1600.0	600.7	1600.0
6.071	6.151	0.0	1600.0	863.6	535.9
6.231	6.321	0.0	1600.0	842.0	255.0
6.491	6.561	235.1	1600.0	616.9	12.1
6.741	6.851	0.0	1600.0	898.8	231.2
6.941	7.021	0.0	1600.0	903.4	303.3
7.171	7.271	0.0	1600.0	952.6	314.9
7.311	7.411	0.0	1600.0	921.7	250.8
7.491	7.82	0.0	1600.0	817.4	91.1
7.84	7.93	0.0	1600.0	774.5	1600.0
7.97	8.07	0.0	1600.0	760.3	50.2
8.11	8.22	0.0	1600.0	748.6	41.2
8.24	8.37	47.0	1600.0	782.0	1600.0
8.68	9.07	0.0	1600.0	646.4	1600.0
9.09	9.17	148.0	1600.0	444.1	1600.0
9.21	9.34	211.5	938.5	383.0	1600.0
9.739	9.809	1409.1	11.3	357.1	1600.0
9.959	10.109	1600.0	19.8	286.7	1600.0
10.179	10.289	1600.0	166.0	180.3	1600.0
10.649	10.789	1600.0	0.0	435.3	1600.0
10.859	10.949	1600.0	0.0	488.2	433.8
11.258	11.368	1600.0	0.0	1600.0	1600.0
11.438	11.518	1600.0	0.0	1600.0	1600.0
11.578	11.788	1600.0	26.9	1600.0	1600.0
11.808	12.068	1600.0	0.0	526.4	159.0
12.108	12.328	659.8	598.5	18.7	280.8
12.928	13.047	737.5	402.2	8.0	697.7
13.107	13.187	494.6	1600.0	160.9	364.4
13.207	13.297	419.1	1600.0	289.8	293.8
13.397	13.577	542.4	1600.0	340.1	475.8
13.697	13.897	71.0	1600.0	829.4	118.9
13.987	14.057	0.0	1600.0	842.5	94.0
14.157	14.297	50.8	1600.0	651.2	0.0
14.377	14.487	0.0	1600.0	770.8	53.3
14.567	14.906	123.7	1600.0	607.5	3.2
14.986	15.336	0.0	1600.0	733.1	50.2
15.376	15.456	0.0	1600.0	742.9	69.3
15.496	15.656	2.0	1600.0	798.8	96.3
15.686	15.876	0.0	1600.0	835.8	135.9
15.896	15.986	0.0	1600.0	842.7	142.2
16.326	16.555	4.5	1600.0	803.3	1600.0
16.575	16.845	5.4	1600.0	881.0	1600.0
16.905	16.985	0.0	1600.0	816.6	1600.0
17.005	17.125	0.0	1600.0	775.5	1600.0
17.145	17.255	0.0	1600.0	736.9	1600.0
17.295	17.405	0.0	1600.0	660.6	1600.0
17.425	17.535	69.0	1600.0	494.0	1600.0
17.575	17.885	290.5	850.0	292.9	1600.0
18.254	18.354	1118.3	209.3	172.2	1600.0
18.404	18.484	1019.5	365.4	38.2	1600.0
18.634	18.724	281.3	1172.1	458.0	1600.0
18.854	19.074	1049.4	1600.0	0.0	1600.0
19.094	19.174	1049.6	1600.0	0.0	1600.0
19.404	19.534	1070.9	1600.0	0.0	1600.0
19.544	19.634	1600.0	426.5	0.0	1600.0
19.654	19.884	1600.0	371.5	33.0	1600.0
19.943	20.053	1600.0	400.8	127.5	1600.0
20.073	20.173	1600.0	353.6	120.0	1600.0
20.193	20.453	1600.0	123.3	296.7	1600.0
20.473	20.603	1600.0	0.0	447.0	1600.0
20.623	20.723	1600.0	0.0	471.9	1600.0
20.933	21.033	1600.0	0.0	631.5	1600.0
21.073	21.173	1600.0	0.0	357.1	1600.0
21.193	21.303	1600.0	89.0	220.3	1600.0
21.363	21.483	965.5	207.0	149.2	484.0
21.603	21.842	1600.0	438.5	0.0	481.2
21.892	21.972	1600.0	284.6	52.0	324.3
21.992	22.152	1600.0	340.4	2.0	522.2
22.222	22.502	1600.0	0.0	422.5	165.3
22.662	22.782	671.8	593.8	0.0	1600.0
22.822	23.022	1600.0	527.3	0.0	511.9
23.072	23.192	584.3	763.5	95.0	444.5
23.212	23.322	451.9	856.3	193.7	344.8
23.491	23.731	904.3	438.8	225.3	116.9
23.771	23.941	1159.4	229.3	171.1	20.9
23.961	24.041	1600.0	122.5	262.3	1600.0
24.121	24.321	1600.0	0.0	676.3	145.7
24.341	24.421	1600.0	0.0	754.1	71.6
24.441	24.551	1600.0	0.0	727.0	43.0
24.901	24.971	1600.0	0.0	1600.0	1600.0
24.991	25.081	1600.0	0.0	1600.0	1600.0
25.27	25.45	1600.0	0.0	990.1	1600.0
25.54	25.69	1087.9	0.0	750.1	1600.0
25.86	25.93	1600.0	213.3	190.0	1600.0
25.97	26.27	1600.0	593.9	0.0	1600.0
26.49	26.58	1600.0	806.9	1.0	1600.0
26.63	26.76	1600.0	644.7	0.0	1600.0
26.849	27.159	1600.0	283.3	143.2	1600.0
27.219	27.519	1600.0	0.0	633.1	1600.0
27.859	28.039	1600.0	0.0	1600.0	1600.0
28.129	28.239	1600.0	0.0	1600.0	1600.0
28.349	28.608	1600.0	0.0	1111.3	1600.0
28.668	28.768	1600.0	0.0	1600.0	1600.0
28.828	28.898	1600.0	0.0	1600.0	1600.0
29.108	29.338	1600.0	0.0	1600.0	1600.0
29.378	29.598	1600.0	0.0	1600.0	1600.0
29.658	29.758	1600.0	0.0	1600.0	146.3
29.778	29.858	1600.0	0.0	1600.0	1600.0
29.898	30.048	1600.0	0.0	751.7	1600.0
30.088	30.258	1600.0	0.0	591.8	258.8
30.377	30.457	1600.0	0.0	675.7	110.6
30.477	30.657	1600.0	0.0	755.2	145.4
30.737	30.907	1600.0	18.6	961.9	229.3
30.927	30.997	1600.0	0.0	956.6	281.3
31.137	31.257	1600.0	0.0	871.2	220.6
31.297	31.407	1600.0	19.4	803.2	109.9
31.427	31.537	1600.0	18.0	760.9	83.5
31.697	31.957	1600.0	34.8	735.7	0.0
31.977	32.216	1600.0	66.2	809.3	0.0
32.256	32.756	1600.0	0.0	713.8	95.5
32.776	32.886	917.8	458.4	0.0	1600.0
32.906	33.116	923.8	488.3	0.0	1600.0
33.476	33.586	717.7	569.0	0.0	467.4
33.676	33.875	842.5	458.8	0.0	609.1
33.895	34.015	804.9	523.3	17.1	528.6
34.045	34.155	488.8	1600.0	247.3	215.6
34.215	34.335	242.7	1600.0	513.7	49.6
34.355	34.465	277.9	1600.0	468.3	109.3
34.905	34.975	0.0	1600.0	885.0	291.5
34.995	35.355	0.0	1600.0	796.4	199.9
35.425	35.654	30.3	1600.0	646.1	92.6
35.694	35.784	0.0	1600.0	700.5	124.1
35.844	35.954	37.0	1600.0	660.2	133.2
35.974	36.044	41.3	1600.0	661.9	99.1
36.144	36.354	0.0	1600.0	697.5	120.0
36.394	36.504	0.0	1600.0	744.5	94.3
36.524	36.624	0.0	1600.0	717.1	76.1
36.824	37.074	0.0	1600.0	732.1	157.6
37.114	37.194	0.0	1600.0	666.6	43.7
37.213	37.333	0.0	1600.0	702.7	21.6
37.413	37.493	2.0	1600.0	764.5	1600.0
37.513	37.603	0.0	1600.0	703.2	1600.0
37.663	37.883	0.0	1600.0	760.8	1600.0
37.923	38.023	0.0	1600.0	772.9	1600.0
38.063	38.473	33.2	1600.0	779.2	1600.0
38.493	38.873	26.9	1600.0	760.9	1600.0
38.893	39.542	11.7	1600.0	766.4	1600.0
39.562	39.852	35.4	1600.0	754.3	1600.0
39.872	40.102	27.9	1600.0	745.7	1600.0
40.122	40.851	30.1	1600.0	742.2	1600.0
40.891	40.971	26.4	1600.0	783.4	1600.0
41.331	41.471	0.0	1600.0	888.0	1600.0
41.561	41.781	0.0	1600.0	859.2	1600.0
41.881	41.971	47.4	1600.0	703.8	1600.0
42.081	42.171	85.4	1600.0	691.1	1600.0
42.231	42.321	44.6	1600.0	720.3	1600.0
42.6	42.67	35.8	1600.0	778.9	0.0
42.69	42.81	12.0	1600.0	806.0	3.6
42.87	43.1	88.9	1600.0	767.5	0.0
43.14	43.51	0.0	1600.0	786.2	1600.0
43.53	43.69	0.0	1600.0	790.4	1600.0
43.71	43.78	0.0	1600.0	802.7	1600.0
43.84	44.05	0.0	1600.0	786.2	1600.0
44.09	44.329	0.0	1600.0	724.9	1600.0
44.389	44.989	226.1	1600.0	406.7	1600.0
45.059	45.209	706.3	593.6	19.1	1600.0
45.489	45.609	1600.0	79.6	225.8	1600.0
45.629	45.739	1600.0	97.9	229.4	1600.0
45.839	46.048	1600.0	154.0	219.9	1600.0
46.088	46.168	1600.0	0.0	424.0	1600.0
46.188	46.318	1600.0	0.0	425.9	1600.0
46.758	46.888	1600.0	0.0	756.4	214.0
47.148	47.228	1600.0	10.0	363.4	1600.0
47.438	47.538	1600.0	252.5	177.1	1600.0
47.707	47.937	1600.0	258.3	141.0	1600.0
48.147	48.237	1600.0	0.0	675.6	150.0
48.427	48.587	1600.0	0.0	613.7	119.3
48.607	48.687	1600.0	0.0	514.5	44.6
48.767	48.957	1600.0	98.5	280.0	178.2
48.977	49.247	1050.0	199.3	163.0	249.8
49.526	49.656	570.5	722.7	56.1	388.6
49.696	49.806	570.2	732.0	76.9	418.1
49.896	50.026	555.1	718.0	98.5	515.1
50.046	50.146	598.1	654.2	85.0	569.9
50.206	50.286	644.3	608.6	77.1	1600.0
50.326	50.456	702.4	551.5	31.3	1600.0
50.496	50.586	672.6	592.0	55.0	1600.0
50.606	50.716	566.1	1600.0	117.2	1600.0
50.756	50.856	337.0	1600.0	323.0	1600.0
50.976	51.155	397.1	1600.0	320.0	196.8
51.625	51.855	0.0	1600.0	736.3	1600.0
51.885	52.005	167.7	1600.0	621.3	0.0
52.045	52.235	0.0	1600.0	757.7	121.2
52.295	52.425	0.0	1600.0	684.0	1600.0
52.475	52.685	0.0	1600.0	621.6	1600.0
52.934	53.104	0.0	1600.0	630.0	182.0
53.124	53.364	0.0	1600.0	667.3	139.7
53.404	53.524	0.0	1600.0	692.5	131.9
53.544	53.744	0.0	1600.0	748.8	103.6
53.764	53.894	0.0	1600.0	700.9	1600.0
53.914	54.124	0.0	1600.0	803.7	1600.0
54.154	54.304	28.0	1600.0	954.2	452.4
54.394	54.504	49.0	1600.0	1004.5	1600.0
54.543	54.633	70.7	1600.0	974.3	1600.0
54.943	55.103	201.5	1600.0	1600.0	203.5
55.123	55.223	116.6	1600.0	1600.0	93.5
55.243	55.373	0.0	1600.0	1600.0	1600.0
55.393	55.773	0.0	1600.0	1600.0	1600.0
55.943	56.153	0.0	1600.0	679.5	1600.0
56.213	56.432	347.8	1600.0	299.7	1600.0
56.472	56.602	672.4	658.1	63.0	1600.0
56.642	56.742	1600.0	513.8	0.0	1600.0
57.442	57.592	1600.0	519.9	0.0	1600.0
57.612	57.702	1600.0	553.5	0.0	1600.0
57.722	57.812	1600.0	540.6	0.0	1600.0
57.872	58.131	1600.0	508.1	0.0	1600.0
58.171	58.421	1600.0	484.5	0.0	1600.0
58.441	58.581	1600.0	385.1	21.6	1600.0
58.601	58.851	1600.0	340.3	78.0	1600.0
58.991	59.101	1600.0	0.0	1600.0	1600.0
59.261	59.331	1600.0	0.0	1600.0	1600.0
59.571	59.661	1600.0	63.6	1600.0	1600.0
59.68	59.79	1600.0	84.3	1600.0	79.9
59.81	60.07	1600.0	0.0	942.5	36.1
60.09	60.32	1600.0	33.5	799.5	0.0
60.43	60.62	1600.0	42.7	522.1	19.2
60.64	60.99	1041.3	343.4	117.3	213.2
61.09	61.21	916.0	424.0	127.0	454.0
61.399	61.569	529.0	721.0	110.9	199.1
61.629	61.869	438.0	1600.0	226.9	171.3
61.909	61.999	326.2	1600.0	371.1	148.1
62.039	62.129	416.6	1600.0	287.2	287.5
62.459	62.539	24.0	1600.0	826.7	121.4
62.609	62.849	75.6	1600.0	661.5	42.4
62.999	63.278	0.0	1600.0	672.1	144.2
63.388	63.508	23.0	1600.0	640.4	129.0
63.528	63.608	34.1	1600.0	627.7	127.1
63.708	63.938	6.3	1600.0	700.4	262.0
63.978	64.088	0.0	1600.0	856.0	314.7
64.238	64.458	0.0	1600.0	1025.0	341.9
64.468	64.907	20.2	1600.0	1114.9	41.8
64.927	65.057	82.5	1600.0	1600.0	116.6
65.077	65.157	63.8	1600.0	1600.0	115.4
65.177	65.407	2.8	1600.0	1043.8	41.4
65.457	65.557	0.0	1600.0	951.9	1600.0
65.577	65.827	0.0	1600.0	799.0	1600.0
65.847	65.957	66.0	1600.0	530.1	1600.0
65.997	66.137	487.7	776.3	135.4	1600.0
66.157	66.237	686.7	588.5	0.0	1600.0
66.257	66.387	797.9	515.9	0.0	1600.0
66.996	67.086	1600.0	0.0	784.7	1600.0
67.106	67.336	1600.0	0.0	771.1	1600.0
67.576	67.826	1600.0	17.8	859.2	81.3
67.946	68.076	1600.0	0.0	933.0	58.7
68.096	68.186	1600.0	0.0	912.6	75.4
68.226	68.635	1600.0	142.3	253.0	552.0
68.655	68.725	972.6	384.9	48.4	380.3
68.745	68.875	851.4	451.0	0.0	195.5
69.175	69.305	121.8	1600.0	621.2	68.6
69.725	69.795	56.0	1600.0	940.4	314.2
69.855	69.965	0.0	1600.0	935.9	354.1
70.005	70.124	5.4	1600.0	820.1	337.7
70.144	70.214	56.1	1600.0	752.5	299.1
70.294	70.534	11.0	1600.0	750.0	438.0
70.554	70.654	45.4	1600.0	808.6	493.6
70.974	71.054	0.0	1600.0	821.2	154.7
71.434	71.674	0.0	1600.0	733.1	114.0
71.823	71.943	0.0	1600.0	647.3	290.6
71.963	72.193	79.1	1600.0	858.6	518.0
72.243	72.413	192.4	1600.0	969.6	628.3
72.643	72.743	0.0	1600.0	874.5	252.2
72.793	72.883	48.2	1600.0	779.5	129.4
72.923	73.133	0.0	1600.0	791.2	145.0
73.213	73.423	83.9	1600.0	662.5	7.8
73.443	73.682	2.8	1600.0	743.0	65.8
73.722	73.792	0.0	1600.0	750.3	62.9
73.892	74.102	0.0	1600.0	691.4	26.6
74.122	74.272	0.0	1600.0	722.8	1600.0
74.292	74.392	0.0	1600.0	723.5	1600.0
74.412	74.502	5.7	1600.0	700.8	1600.0
74.572	74.672	44.3	1600.0	618.7	1600.0
74.692	75.022	174.6	1600.0	420.9	1600.0
75.122	75.281	675.4	642.4	20.6	1600.0
76.001	76.091	1600.0	483.7	0.0	1600.0
76.261	76.411	1600.0	491.3	0.0	1600.0
76.431	76.651	1600.0	490.0	0.0	1600.0
76.691	76.841	1600.0	462.3	0.0	1600.0
76.861	77.04	1600.0	421.5	0.0	1600.0
77.11	77.22	1600.0	385.6	18.0	1600.0
77.24	77.32	1600.0	360.7	25.0	1600.0
77.41	77.56	1600.0	123.3	290.0	1600.0
77.68	77.82	1600.0	45.0	420.0	1600.0
78.23	78.36	1600.0	54.0	327.1	1600.0
78.38	78.47	1600.0	144.0	238.4	1600.0
78.49	78.62	989.7	209.3	185.9	1600.0
78.759	78.839	364.3	872.5	176.9	735.3
79.029	79.159	438.6	881.1	164.5	267.5
79.229	79.439	278.9	1067.9	344.3	270.6
79.609	79.859	653.3	637.4	133.8	1600.0
80.099	80.269	565.0	1600.0	64.8	1600.0
80.309	80.438	283.5	1600.0	398.0	1600.0
80.458	80.548	365.3	1600.0	326.4	1600.0
80.588	80.718	449.4	1600.0	244.2	180.0
80.878	81.078	0.0	1600.0	834.5	248.3
81.198	81.288	85.5	1600.0	615.0	23.3
81.408	81.518	0.0	1600.0	943.1	456.3
81.558	81.628	22.0	1600.0	932.5	478.7
81.688	81.938	48.4	1600.0	876.7	534.9
81.998	82.078	13.0	1600.0	922.0	542.4
82.147	82.237	0.0	1600.0	792.1	397.8
82.307	82.427	0.0	1600.0	782.0	312.8
82.547	82.787	0.0	1600.0	842.1	237.6
82.847	82.957	0.0	1600.0	919.6	308.7
83.097	83.307	253.4	1600.0	586.9	61.1
83.587	83.727	109.8	1600.0	659.0	1600.0
83.807	84.006	0.0	1600.0	707.9	1600.0
84.106	84.356	0.0	1600.0	726.1	1600.0
84.396	84.596	116.0	1600.0	492.3	1600.0
84.696	84.906	520.5	727.2	122.1	1600.0
84.926	85.026	707.4	560.6	8.5	1600.0
85.376	85.446	1600.0	0.0	422.1	1600.0
85.506	85.885	1600.0	0.0	657.0	1600.0
85.945	86.015	1600.0	0.0	1600.0	1600.0
86.475	86.575	1070.8	75.5	313.0	1600.0
86.655	86.735	1600.0	62.0	327.2	1600.0
87.055	87.155	1600.0	0.0	673.9	1600.0
87.215	87.304	1600.0	48.8	468.0	1600.0
87.544	87.704	1104.2	107.5	300.2	1600.0
87.744	87.924	844.6	419.6	0.0	83.7
88.144	88.254	165.4	1600.0	409.4	176.3
88.294	88.374	25.8	1600.0	617.6	37.2
88.414	88.524	144.5	1600.0	588.2	0.0
88.544	88.754	321.3	1600.0	429.5	171.7
88.934	89.073	0.0	1600.0	853.6	286.0
89.113	89.223	0.0	1600.0	760.0	254.1
89.263	89.353	0.0	1600.0	783.2	286.4
89.373	89.553	0.0	1600.0	690.9	125.1
89.563	89.783	28.0	1600.0	612.2	55.4
89.823	89.983	68.0	1600.0	521.5	0.0
90.003	90.073	0.0	1600.0	605.0	32.3
90.093	90.223	0.0	1600.0	645.8	80.5
90.513	90.623	23.9	1600.0	701.3	0.0
90.643	90.733	25.2	1600.0	711.0	1600.0
90.772	90.842	34.4	1600.0	727.8	1600.0
90.872	91.152	0.0	1600.0	730.2	1600.0
91.192	91.302	31.9	1600.0	699.4	1600.0
91.462	91.682	102.0	1600.0	632.3	1600.0
92.142	92.302	522.8	750.4	109.3	1600.0
92.412	92.541	904.4	511.2	0.0	1600.0
92.731	92.801	1600.0	128.6	376.6	1600.0
92.841	92.951	1600.0	186.4	279.6	1600.0
93.021	93.091	1600.0	347.1	60.0	1600.0
93.111	93.461	1600.0	382.8	16.1	1600.0
93.481	93.621	1600.0	450.9	0.0	1600.0
93.711	93.921	1600.0	447.9	0.0	1600.0
93.941	94.201	1600.0	411.5	0.0	1600.0
94.26	94.47	1600.0	304.9	92.0	1600.0
94.49	94.62	1600.0	103.2	408.9	1600.0
94.73	94.84	1600.0	160.0	363.5	1600.0
94.98	95.05	1600.0	88.5	350.2	322.3
95.21	95.32	1600.0	41.8	618.9	19.1
95.34	95.47	1600.0	215.1	243.1	1600.0
95.49	95.61	811.8	378.8	138.0	423.4
95.63	95.8	457.8	876.3	204.8	1600.0
96.439	96.549	9.4	1600.0	953.0	786.4
96.729	96.959	18.4	1600.0	825.9	655.1
96.979	97.079	0.0	1600.0	750.9	407.8
97.179	97.259	16.5	1600.0	662.3	264.3
97.409	97.519	0.0	1600.0	790.4	261.5
97.579	97.798	0.0	1600.0	709.9	129.5
97.838	97.918	0.0	1600.0	738.5	136.8
97.998	98.068	5.0	1600.0	654.5	277.2
98.238	98.508	23.7	1600.0	682.6	226.3
98.528	98.648	77.8	1600.0	743.7	232.3
98.678	98.788	0.0	1600.0	750.1	277.9
98.838	98.928	0.0	1600.0	822.4	350.3
98.978	99.088	64.0	1600.0	949.5	353.2
99.108	99.208	122.3	1600.0	962.7	225.8
99.268	99.358	212.9	1600.0	957.2	172.6
99.377	99.477	231.5	1600.0	1011.9	1600.0
99.497	99.657	164.1	1600.0	966.4	159.5
99.667	100.017	0.0	1600.0	808.1	1600.0
100.097	100.307	0.0	1600.0	748.0	1600.0
100.347	100.607	0.0	1600.0	623.8	1600.0
100.627	100.907	618.4	592.1	29.7	1600.0
100.947	101.027	832.3	467.4	0.0	1600.0
101.546	101.736	1600.0	0.0	674.6	1600.0
101.756	101.886	1600.0	617.0	243.4	1600.0
101.986	102.086	1600.0	192.0	499.0	296.4
102.116	102.336	1041.6	272.1	136.2	523.1
102.646	103.035	428.1	811.2	203.9	3.6
103.095	103.185	640.4	595.1	120.9	1600.0
103.205	103.305	441.5	1600.0	320.1	1600.0
103.345	103.415	360.2	1600.0	520.2	1600.0
103.505	103.635	337.2	1600.0	430.7	0.0
103.965	104.075	0.0	1600.0	925.2	611.9
104.095	104.185	28.2	1600.0	976.5	1600.0
104.205	104.485	0.0	1600.0	875.5	1600.0
104.525	104.704	0.0	1600.0	811.1	459.6
104.794	104.954	0.0	1600.0	739.0	394.0
104.974	105.134	0.0	1600.0	720.8	1600.0
105.224	105.294	0.0	1600.0	812.7	412.9
105.374	105.454	0.0	1600.0	700.1	1600.0
105.494	105.604	0.0	1600.0	766.4	1600.0
105.684	105.754	0.0	1600.0	764.0	390.5
105.774	105.944	19.1	1600.0	852.7	440.7
106.064	106.204	0.0	1600.0	897.7	334.5
106.323	106.413	0.0	1600.0	854.9	222.0
106.473	106.583	0.0	1600.0	693.1	44.3
106.673	106.863	144.0	1600.0	619.9	137.1
106.983	107.103	0.0	1600.0	878.0	179.5
107.163	107.303	61.5	1600.0	771.7	1600.0
107.313	107.403	30.9	1600.0	871.5	1600.0
107.413	107.673	0.0	1600.0	920.1	1600.0
107.693	108.152	5.0	1600.0	894.1	1600.0
108.242	108.352	0.0	1600.0	793.8	1600.0
108.412	108.632	7.2	1600.0	775.4	1600.0
108.672	108.932	22.1	1600.0	775.2	1600.0
108.972	109.072	27.5	1600.0	765.4	1600.0
109.092	109.602	0.0	1600.0	756.2	1600.0
109.742	110.021	0.0	1600.0	596.4	1600.0
110.061	110.291	32.0	1600.0	513.9	1600.0
110.331	110.891	267.2	921.6	1600.0	1600.0
111.041	111.161	1360.8	128.0	454.6	1600.0
111.291	111.361	1273.5	160.1	319.3	1600.0
111.69	111.91	939.0	398.3	0.0	1600.0
111.98	112.16	1600.0	429.9	0.0	1600.0
112.24	112.4	1600.0	423.0	0.0	1600.0
112.48	112.64	1600.0	483.9	0.0	1600.0
112.66	112.8	1600.0	586.5	0.0	1600.0
112.88	113.1	764.3	675.3	7.6	1600.0
113.14	113.259	699.0	652.5	0.0	1600.0
113.429	113.559	548.9	686.9	72.4	1600.0
113.589	113.659	500.8	752.5	83.0	1600.0
113.679	113.749	521.1	1600.0	89.9	1600.0
113.879	113.959	919.3	1600.0	573.1	1600.0
113.979	114.049	902.7	1600.0	543.0	1600.0
114.209	114.349	1039.9	1600.0	864.2	1600.0
114.409	114.509	969.5	1600.0	766.3	1600.0
114.529	114.619	927.0	1600.0	724.0	1600.0
114.639	114.769	990.4	1600.0	791.7	1600.0
114.849	114.918	1600.0	1600.0	654.8	1600.0
114.958	115.068	1600.0	1600.0	586.6	1600.0
115.088	115.168	906.0	1600.0	616.9	1600.0
115.278	115.388	873.6	1600.0	600.2	1600.0
115.428	115.758	815.0	1600.0	598.8	1600.0
116.298	116.488	901.5	1600.0	631.8	1600.0
116.528	116.787	913.8	1600.0	640.3	1600.0
116.807	117.157	1600.0	1600.0	632.3	1600.0
117.167	117.417	1600.0	1600.0	618.3	1600.0
117.427	117.507	993.9	1600.0	571.2	1600.0
117.527	117.627	1011.9	1600.0	615.1	1600.0
117.647	117.887	1600.0	1600.0	646.4	1600.0
117.997	118.087	988.3	1600.0	583.1	1600.0
118.267	118.856	805.7	1600.0	576.5	1600.0
118.946	119.296	778.3	1600.0	534.5	1600.0
