,action_change_index_ogd,action,start_time,end_time,action_numbers,change,start_time_action,end_time_action
0,0,Cap Off,1409.0,1479.0,0,,0.0,6186.0
1,40,Apply Tip,6186.0,6286.000000000001,1,1.0,6186.0,14710.999999999998
2,101,Setting Units,14710.999999999998,14811.0,2,1.0,14710.999999999998,17170.0
3,121,Priming,17170.0,17240.0,3,1.0,17170.0,22287.0
4,164,Setting Units,22287.0,22386.999999999996,2,-1.0,22287.0,23375.999999999996
5,171,Priming,23375.999999999996,23465.999999999996,3,1.0,23375.999999999996,31302.0
6,239,Setting Units,31302.0,31401.999999999996,2,-1.0,31302.0,34630.0
7,263,Injection,34630.0,34730.0,4,2.0,34630.0,38168.0
8,286,Setting Units,38168.0,38268.0,2,-2.0,38168.0,42145.0
9,323,Injection,42145.0,42245.0,4,2.0,42145.0,54378.0
10,434,Remove Tip,54378.0,54478.0,5,1.0,54378.0,64562.0
11,523,Cap On,64562.0,64632.00000000001,6,1.0,64562.0,72718.0
