start_time	end_time	App	Cap	Gauge	Pad	Pen	Safety	Tip	Action
									
0.8	0.9	420.4	0	244.5	637.2	68	182.9	1600	Cap Off
									
0.9	1	427.8	0	251	641	77.2	179.8	1600	Cap Off
									
1	1.05	438.7	7	259.1	654.6	83.5	177.6	521.5	Cap Off
									
1.089	1.189	381.3	0	205.8	607.6	26.9	226.2	1600	Cap Off
									
1.189	1.289	398.9	0	218.1	624.7	39	229	1600	Cap Off
									
1.349	1.449	397.5	0	217.7	630.8	32	245.8	1600	Cap Off
									
1.499	1.599	397.9	0	219.6	631	34	244.5	626.3	Cap Off
									
1.599	1.699	395	4	228	630.5	39.8	225.4	603.6	Cap Off
									
1.789	1.889	403.6	0	215.7	613.4	34	232	1600	Cap Off
									
1.889	1.969	390.1	10.4	224.4	624.6	41.5	221.5	589.5	Cap Off
									
1.989	2.089	390.3	0	216.4	622	35.4	250.2	1600	Cap Off
									
2.089	2.189	399.4	0	232.7	636.7	47	243.8	580.5	Cap Off
									
2.239	2.339	381.9	23	245	622.1	49.3	240.8	590	Cap Off
									
2.369	2.469	360.2	20	245.2	599.3	41.2	257.4	1600	Cap Off
									
2.469	2.569	365.5	4	249.6	599.8	37.7	260.2	614.1	Cap Off
									
2.569	2.669	375.8	0	259.5	607.4	45	259.1	555.2	Cap Off
									
2.669	2.769	383.7	0	263.9	609.3	50	264.7	622.1	Cap Off
									
2.818	2.918	363.9	0	247.9	590	24	293.7	648.4	Cap Off
									
3.068	3.168	376.4	5.4	254.2	608.8	23.1	280.2	632.3	Cap Off
									
3.168	3.268	380.1	7	250.1	615.7	15.8	275.8	1600	Cap Off
									
3.268	3.318	390.4	63.2	299.4	612.5	0	1600	1600	Cap Off
									
3.358	3.458	387.4	180	323.4	620.7	5	1600	1600	Cap Off
									
3.488	3.588	431.1	146	348.5	663.1	7.1	1600	1600	Cap Off
									
3.658	3.738	396.3	157.5	333.5	634.3	1	273.1	611.9	Cap Off
									
3.758	3.858	377.7	177.6	317.5	617.8	0	274	1600	Cap Off
									
3.858	3.958	378.9	215.3	313.4	619.9	0	257.9	1600	Cap Off
									
3.958	4.058	400.5	309.5	318	641.9	0	243.2	598.1	Cap Off
									
4.058	4.128	424.2	361.1	338.6	674.1	15.6	217.3	568	Cap Off
									
4.168	4.268	398.9	464.7	312.1	643.1	0	239.1	589	Cap Off
									
4.268	4.368	391.6	504.5	310	637.9	0	242.4	595	Cap Off
									
4.368	4.468	390.1	522.2	314.7	639.3	0	242.6	1600	Cap Off
									
4.468	4.568	400	514.9	322.1	648.1	4	235	588.1	Cap Off
									
4.587	4.687	389.5	524.1	314.7	641.8	0	248.8	599.2	Cap Off
									
4.687	4.787	409.3	510.5	327	657.5	4.5	235.7	582.4	Cap Off
									
4.907	5.007	650.6	291.4	560.9	892.7	241	0	335	Apply Tip
									
5.007	5.097	671.3	281.7	583.6	920.2	265.1	0	240	Apply Tip
									
5.137	5.237	665.7	277.4	573.5	920.9	257	0	1600	Apply Tip
									
5.237	5.337	713.7	246.8	628.8	1600	305	30	279	Apply Tip
									
5.337	5.387	739.1	236.9	655.1	1010.3	330	53.2	249.7	Apply Tip
									
5.407	5.507	691	272.6	602.7	969	276.4	6.7	296.7	Apply Tip
									
5.537	5.637	695.3	1600	597	972.8	266.1	408.6	295.3	Apply Tip
									
5.637	5.737	673	427	567.4	945.3	236.4	37.4	1600	Apply Tip
									
5.737	5.837	663.3	1600	556.6	933.8	230	4.2	1600	Apply Tip
									
5.857	5.957	669.5	314.8	569.3	942.9	243.7	0	1600	Apply Tip
									
5.957	6.057	654.7	1600	560.7	927.1	230.4	0	1600	Apply Tip
									
6.116	6.216	474.1	543.5	382.8	737.2	47.3	115.7	20.4	Apply Tip
									
6.216	6.316	465.8	491.4	373.6	724.9	39	91.2	10.2	Apply Tip
									
6.316	6.386	464.3	460.7	369.1	720.9	31	71	526	Apply Tip
									
6.406	6.506	486.6	449.4	381.3	739.5	43	32	520.4	Apply Tip
									
6.536	6.636	498.7	450.5	384.6	752.3	39	8	519.7	Apply Tip
									
6.636	6.736	497	455.3	368	745.4	26	17	1600	Apply Tip
									
6.786	6.886	508.7	447.5	380.6	758.4	37	2	522.9	Apply Tip
									
6.886	6.986	509.5	447	377.8	758.7	34.2	0	522	Apply Tip
									
6.986	7.086	507.7	449.2	375	757.5	23.7	0	523.7	Apply Tip
									
7.086	7.186	504.9	451.5	372.1	752.7	24.7	1	525.8	Apply Tip
									
7.186	7.276	505.9	451.2	372.1	754.4	21.4	0	525.9	Apply Tip
									
7.356	7.456	514.3	441.3	383.1	764.7	30.9	5	516.7	Apply Tip
									
7.456	7.556	513.5	441.3	381.6	765.3	29.2	5	516.7	Apply Tip
									
7.556	7.656	513.8	440.5	379.1	764.8	27.2	2.2	517.1	Apply Tip
									
7.656	7.756	512.3	441.1	375.2	765	24.1	0	520	Apply Tip
									
7.756	7.856	510.6	439.2	370	762.7	16.5	0	521.6	Apply Tip
									
7.856	7.956	510.8	439.2	367.6	763.1	17.5	0	520.8	Apply Tip
									
7.956	8.056	511	437	364.8	767	23	0	522.7	Apply Tip
									
8.056	8.156	507.8	434.8	361.6	766.6	18	0	525.3	Apply Tip
									
8.156	8.256	509.5	432.5	362.2	768.5	21.1	0	522.7	Apply Tip
									
8.256	8.356	506.7	434.8	355.7	764.8	11.2	0	526.7	Apply Tip
									
8.356	8.456	499.1	440.9	347.7	758.7	8.1	5.4	532.1	Apply Tip
									
8.456	8.556	499.2	439.4	348.2	758.1	9.2	0	529.1	Apply Tip
									
8.556	8.656	490.8	446.4	344.2	753.3	17.9	16.3	526.7	Apply Tip
									
8.715	8.815	508.1	421	356.5	767.2	17.7	0	510.8	Apply Tip
									
8.855	8.955	515.6	412.4	360.6	772	26.9	6.3	507	Apply Tip
									
8.955	9.055	513.5	412.2	361.9	768.3	29.1	12.5	503.9	Apply Tip
									
9.055	9.095	513.2	411.4	363	769.1	32	14.1	500.8	Apply Tip
									
9.135	9.235	507.1	410.8	351.4	761.7	18	2.2	508.2	Apply Tip
									
9.235	9.285	507.3	408.9	349.3	766.1	16.3	10.4	504.4	Apply Tip
									
9.305	9.405	507.7	406.3	343.9	762.9	7.3	0	510.4	Apply Tip
									
9.405	9.505	497	416.3	336.9	749	10.4	2.8	517.8	Apply Tip
									
9.505	9.605	494.7	421.2	336	748	15	3	524.2	Apply Tip
									
9.605	9.705	502.9	413.2	344.6	753.5	14	0	518.9	Apply Tip
									
9.705	9.805	501.5	415.5	344.6	751.8	20	2	522.5	Apply Tip
									
9.805	9.905	506.4	412	355.1	756.9	32	6	516.8	Apply Tip
									
9.905	10.005	515.1	408	363	761.9	44	1600	511.6	Apply Tip
									
10.005	10.105	512.9	406.8	363.8	760.9	39.1	1600	512.8	Apply Tip
									
10.105	10.205	516.6	403.4	364.2	764.4	31	1600	508	Apply Tip
									
10.205	10.305	514.6	404.4	363.3	764.5	33	11.3	503.9	Apply Tip
									
10.305	10.405	504.4	413.4	357.5	754.4	23	6	509.9	Apply Tip
									
10.405	10.505	497.5	423.4	348.8	745.2	36	0	518.9	Apply Tip
									
10.505	10.605	495.4	426.9	345.3	739.1	26	0	1600	Apply Tip
									
10.605	10.705	501.9	422.8	352.8	747.2	38.6	1600	1600	Apply Tip
									
10.705	10.764	495.8	416.8	344.9	755.1	39.8	41.2	1600	Apply Tip
									
10.784	10.884	505.7	406	349.3	757.5	21.3	1600	510.9	Apply Tip
									
10.884	10.984	502.4	420.7	352.2	747.3	13	0	1600	Apply Tip
									
10.984	11.034	498.9	432.4	347.2	735.5	6	0	1600	Apply Tip
									
11.074	11.174	494.2	437.2	347.7	732.3	12.6	0	527.9	Apply Tip
									
11.174	11.274	492.4	433.3	348.2	735.7	12	0	522.1	Apply Tip
									
11.274	11.374	495.1	429.1	354.4	742.8	27.9	10	510.5	Apply Tip
									
11.374	11.474	497.3	428.5	357.4	743.8	29.5	10.4	509.9	Apply Tip
									
11.474	11.574	492.1	434.2	353.4	738.7	24.4	17.7	515.2	Apply Tip
									
11.574	11.674	491.7	435.8	349.4	737.6	23.2	0	1600	Apply Tip
									
11.674	11.774	493.7	433.6	350.1	737.4	22	0	1600	Apply Tip
									
11.774	11.874	496.6	431.4	350.3	740.8	20	0	1600	Apply Tip
									
11.874	11.964	500.2	432.5	366.2	741	27.5	30.1	0	Apply Tip
									
12.053	12.153	450	1600	376.5	707.2	28.2	268.9	2	Apply Tip
									
12.153	12.253	457.2	498.8	360.3	720.2	16.4	277.7	4.1	Apply Tip
									
12.303	12.403	491.7	459.8	385.6	754.5	47.4	305.1	17.7	Apply Tip
									
12.433	12.533	500	447.9	394.4	765.1	51.5	370.9	25.6	Apply Tip
									
12.583	12.683	505.2	441.6	401.2	773.5	57.7	371.2	30.2	Apply Tip
									
12.683	12.783	497.4	445.9	394.5	761.9	53.7	372.5	26.8	Apply Tip
									
12.783	12.883	488.1	455.2	391	754.5	53.6	377.1	26.4	Apply Tip
									
12.883	12.963	467	475.2	1600	734.8	47.8	1600	19	Apply Tip
									
13.022	13.092	427.1	1600	322.6	701.2	37.4	1600	40	Apply Tip
									
13.132	13.232	402.2	650	259.8	685.6	34.7	454.6	73.4	Apply Tip
									
13.302	13.402	392.1	514.5	66.6	659.5	0	426.8	267.9	Setting Units
									
13.422	13.512	486.7	413	0	746.7	31.1	336.5	357.2	Setting Units
									
13.532	13.632	517.7	394.9	0	783.7	39.2	310.7	369.1	Setting Units
									
13.682	13.782	524.2	391	0	788.5	49.5	317.5	398.5	Setting Units
									
13.832	13.932	519.7	395.1	0	783	55.5	324.4	403.4	Setting Units
									
13.952	14.052	522.9	397.3	0	789	48	320.3	394	Setting Units
									
14.102	14.202	518.8	396.5	0	779.7	32.4	323.7	381	Setting Units
									
14.232	14.332	519.2	401.2	0	777.8	40	325.4	386	Setting Units
									
14.332	14.432	510.5	404.9	0	770.7	35.2	335.8	381.6	Setting Units
									
14.432	14.482	511.1	404.8	0	769.5	38.1	337.2	385.8	Setting Units
									
14.532	14.632	520	398.9	0	782.3	40	328	389.3	Setting Units
									
14.632	14.732	519.8	397.8	0	782.3	36.1	327.8	392.5	Setting Units
									
14.732	14.802	523.3	396.1	0	785.9	43.2	326.4	396.4	Setting Units
									
14.841	14.941	525.2	399.1	0	788.1	37	323.7	396.1	Setting Units
									
14.941	15.041	526.2	397.6	0	788.5	46	325.2	397.4	Setting Units
									
15.041	15.141	526.1	395.7	0	788.8	48	324	400.3	Setting Units
									
15.141	15.241	525.1	398.2	0	787.5	46	325.4	398.7	Setting Units
									
15.241	15.341	522.3	397.8	0	784.5	37.7	328	397.7	Setting Units
									
15.341	15.441	521.2	401.4	0	781	40	330.6	396	Setting Units
									
15.441	15.541	516.1	408.2	0	776.2	28	337.4	392.3	Setting Units
									
15.541	15.641	514.8	409.2	0	774.5	29	339.6	392.4	Setting Units
									
15.641	15.741	512.7	411.3	0	770	26	342.7	390.7	Setting Units
									
15.741	15.841	513	410.2	0	772.1	29.2	340.5	394.2	Setting Units
									
16.101	16.201	333.7	726.7	373.7	681.5	45	590.1	33	Priming
									
16.201	16.281	310	770.3	408.2	658.4	82.7	628.7	58.7	Priming
									
16.37	16.47	392.6	680.8	373.9	726.2	46	529.9	7.3	Priming
									
16.5	16.6	412.4	666.3	379	746.3	52	512.4	14.1	Priming
									
16.64	16.74	449.1	635.3	382.8	774.4	59.3	476.5	18.9	Priming
									
16.74	16.84	443.8	640.9	392.1	771.7	66	482.3	27	Priming
									
17.07	17.17	447	620.6	381.8	773.7	59	466	14.6	Priming
									
17.17	17.27	449.7	619.1	383	776	55.2	465.6	17.7	Priming
									
17.27	17.37	450.3	622	386.4	777	57	466.7	17.1	Priming
									
17.37	17.47	450.2	622.7	386.3	776.6	57	466.8	19.2	Priming
									
17.47	17.57	447.2	624.9	388.2	776.1	60	468.4	21.1	Priming
									
17.57	17.67	448.1	625.6	389.2	776.1	56	469.7	22.2	Priming
									
17.67	17.71	448.8	626.8	391.4	777.3	67	468.9	26.2	Priming
									
17.8	17.9	459.1	610.6	381.6	782.7	57	453.4	21.3	Priming
									
17.9	18	457.1	610.6	379.8	781.3	51.5	453.4	19.8	Priming
									
18	18.1	455.4	610.7	379.7	778.6	54	454.5	18.4	Priming
									
18.1	18.2	454.5	612.1	379.5	777.6	54	455.9	15.7	Priming
									
18.2	18.3	452	611.7	378.1	774.9	51	456.2	14.9	Priming
									
18.3	18.4	451.1	612.3	378.9	773.5	48	457.6	12.4	Priming
									
18.4	18.5	447.4	614.6	377.1	768.5	46	460	11	Priming
									
18.5	18.6	446.4	615.2	376.1	768.1	48	460.2	10.2	Priming
									
18.6	18.7	446.4	615.2	376.1	768.1	49	460.2	11	Priming
									
18.7	18.8	446.7	615.2	376.1	768.5	48	460.2	12	Priming
									
18.8	18.9	446.9	615.2	378.1	768.7	48	460.2	13	Priming
									
18.9	19	446.1	615.3	378	767	48	460.2	12.2	Priming
									
19	19.1	444.1	616.7	378	767	51	461.8	13	Priming
									
19.1	19.2	444.1	614.8	375.8	765.8	47.2	460.5	10.2	Priming
									
19.2	19.3	443.1	612.2	371	763.9	47	458.9	7.1	Priming
									
19.3	19.4	441.8	611.1	366.6	760	43	458.3	3.2	Priming
									
19.449	19.549	444.4	453.9	47	692.2	0	392.7	285.1	Priming
									
19.659	19.759	434.5	471.4	0	656	48	437.3	368.1	Setting Units
									
19.759	19.859	429.5	482.1	17	653	70	448.5	388.8	Setting Units
									
19.898	19.998	432.8	464.4	0	670.9	37.2	415.3	357.8	Setting Units
									
19.998	20.098	446	454.1	11	681.2	59.9	410.6	387.2	Setting Units
									
20.398	20.498	0	1600	1600	232.9	471	991	475.1	Priming
									
20.498	20.548	0	1600	1600	210.1	541.4	1076.4	544.1	Priming
									
20.568	20.668	0	1600	1600	238	498.7	1600	502.6	Priming
									
20.668	20.768	0	1600	1600	237.9	506.5	1600	511	Priming
									
20.768	20.868	0	1600	1600	242.9	501.5	1600	503.8	Priming
									
20.868	20.968	0	1600	1600	245.9	495.6	1013.5	499.1	Priming
									
20.968	21.068	0	1600	1600	251.7	486	1002.9	491.6	Priming
									
21.068	21.168	0	1600	1600	253.5	485	1000.3	489.2	Priming
									
21.168	21.268	0	1600	1600	253.7	480.9	996	486.1	Priming
									
21.268	21.368	0	1600	1600	255	478.8	993.8	483.1	Priming
									
21.368	21.468	0	1600	1600	256.3	478.1	990.4	481.1	Priming
									
21.468	21.568	0	1600	1600	254.2	479.2	990.2	481.1	Priming
									
21.568	21.668	0	1600	1600	255.6	477.3	990.1	480	Priming
									
21.668	21.768	0	1600	1600	255.6	477.3	990.9	480.8	Priming
									
21.817	21.917	0	1600	1600	243.7	493.7	1006.5	497	Priming
									
21.917	22.017	0	1600	1600	244.2	493.7	1005.8	496.4	Priming
									
22.017	22.117	0	1600	1600	242.8	493.7	1005.6	497.1	Priming
									
22.117	22.217	0	1600	1600	242.1	493.5	1005.6	498.2	Priming
									
22.217	22.317	0	1600	1600	242	494.6	1006	498.7	Priming
									
22.317	22.417	0	1600	1600	239.2	495.8	1008.3	501.7	Priming
									
22.417	22.517	0	1600	1600	239.2	496.7	1009.4	502.9	Priming
									
22.517	22.617	0	1600	1600	239.3	496.7	1008.4	504.4	Priming
									
22.667	22.767	0	1600	1600	225.3	507.7	1018.5	516.6	Priming
									
22.767	22.867	0	1600	1600	227.4	508.6	1017.5	515.9	Priming
									
22.867	22.967	0	1600	1600	227.4	508.7	1017.7	517.5	Priming
									
22.967	23.067	0	1600	1600	227.5	508.6	1017	517.4	Priming
									
23.067	23.167	0	1600	1600	226.5	507.6	1016	518.4	Priming
									
23.167	23.267	0	1600	1600	227.3	508.5	1016.9	519	Priming
									
23.267	23.367	0	1600	1600	226.5	508.5	1016.9	518.2	Priming
									
23.367	23.467	0	1600	1600	226.5	509.7	1018	520	Priming
									
23.467	23.567	0	1600	1600	227.3	509.7	1018.2	520.3	Priming
									
23.567	23.667	0	1600	1600	227.3	509.7	1017.5	520	Priming
									
23.667	23.767	0	1600	1600	226.6	510.8	1018.8	522.3	Priming
									
23.767	23.826	0	1600	1600	226.6	510.9	1018.6	522.5	Priming
									
23.886	23.986	0	1600	1600	243.5	471	978.1	486	Priming
									
24.036	24.136	46	1600	1600	297	395.4	902.2	414.8	Priming
									
24.136	24.206	45	1600	1600	297.1	396.4	902.8	416.1	Priming
									
24.226	24.326	0	1600	1600	235.4	502	1008.4	511.1	Priming
									
24.326	24.426	0	1600	1600	235.3	503.1	1009.2	511.8	Priming
									
24.426	24.526	0	1600	1600	235.2	500.9	1008.1	511.5	Priming
									
24.526	24.626	0	1600	1600	236	500	1007.9	509.5	Priming
									
24.626	24.726	0	1600	1600	236	499.1	1007	509.3	Priming
									
24.726	24.826	0	1600	1600	234.4	500	1008.1	510.8	Priming
									
24.826	24.926	0	1600	1600	233.7	500	1008.1	510.6	Priming
									
24.926	25.026	0	1600	1600	236.4	496.7	1001.7	506.8	Priming
									
25.026	25.126	0	1600	1600	238.5	494.7	1000.4	503.9	Priming
									
25.126	25.226	0	1600	1600	237.8	494.8	1001.5	505.2	Priming
									
25.226	25.326	0	1600	1600	237.8	496.8	1000.9	505.9	Priming
									
25.326	25.426	0	1600	1600	237.1	494.6	1001.2	504.7	Priming
									
25.426	25.526	0	1600	1600	237.1	493.5	1000.2	503.2	Priming
									
25.526	25.626	0	1600	1600	239.2	493.6	998.3	501.8	Priming
									
25.626	25.695	0	1600	1600	239.9	492.8	996.8	500.8	Priming
									
25.905	26.005	0	1600	1600	215	490	992.5	507.2	Priming
									
26.005	26.105	0	1600	1600	212.8	491	994.4	509.3	Priming
									
26.105	26.205	0	1600	1600	212.2	492	994.5	510.1	Priming
									
26.205	26.305	0	1600	1600	213.5	492	994.6	509.8	Priming
									
26.305	26.405	0	1600	1600	214.3	490.1	993.6	508.1	Priming
									
26.445	26.545	0	1600	1600	229.1	510	1017.5	518.5	Priming
									
26.545	26.645	0	1600	1600	228.7	510.6	1017.5	519.4	Priming
									
26.645	26.745	0	1600	1600	228.3	510.7	1017.7	519.4	Priming
									
26.745	26.845	0	1600	1600	229	510.6	1017.7	518.5	Priming
									
26.845	26.945	0	1600	1600	228.1	511.6	1018.2	519.8	Priming
									
26.945	27.045	0	1600	1600	228.3	510.7	1018.2	519.3	Priming
									
27.045	27.145	0	1600	1600	229	510.9	1018	518.7	Priming
									
27.145	27.245	0	1600	1600	229.7	511.2	1016.4	518.4	Priming
									
27.245	27.345	0	1600	1600	229.7	510.7	1016	517.7	Priming
									
27.345	27.445	0	1600	1600	230.1	509.6	1014.9	517.7	Priming
									
27.445	27.545	0	1600	1600	229.4	509.6	1015.1	518	Priming
									
27.545	27.645	0	1600	1600	230.1	508.6	1012.9	516.4	Priming
									
27.645	27.745	0	1600	1600	230.9	506.4	1011.6	516.9	Priming
									
27.745	27.845	0	1600	1600	230	506.3	1011.6	516.7	Priming
									
28.024	28.124	0	1600	1600	242.3	499.3	1007	504.9	Priming
									
28.124	28.204	0	1600	1600	251	466.5	981.4	469	Priming
									
28.733	28.833	503.8	428.3	6.4	767.2	52.5	336.5	390.3	Setting Units
									
28.873	28.973	477.7	463.1	2	742.4	57	371.9	409	Setting Units
									
29.003	29.103	470.6	474	0	730.3	52.2	384.6	405.9	Setting Units
									
29.103	29.203	471.3	469	0	726.2	53	385.9	409.1	Setting Units
									
29.203	29.303	457	478.1	0	709.9	44	399.9	398.9	Setting Units
									
29.303	29.403	448	490.8	0	700.8	30	411.2	387	Setting Units
									
29.403	29.503	447.1	493.5	0	699.6	28	414.7	386.2	Setting Units
									
29.553	29.653	454.6	487.7	0	711.9	27	408.1	392.2	Setting Units
									
29.653	29.753	456.7	486.8	0	712.7	29	404.6	395.2	Setting Units
									
29.753	29.853	457	486.9	0	713.6	35	403.7	395.2	Setting Units
									
29.853	29.953	457.9	483.6	0	714.9	34	403.3	396.2	Setting Units
									
29.953	30.053	462.1	481.3	0	718.3	39	400.6	401.3	Setting Units
									
30.053	30.153	464	479.5	0	719.7	41	398.7	404.3	Setting Units
									
30.153	30.253	468.1	474	0	724.8	46	393.7	410.5	Setting Units
									
30.253	30.353	470.9	470.5	0	727.9	47	390.5	415.5	Setting Units
									
30.382	30.482	462.7	482.7	0	723.4	40	398.9	405.3	Setting Units
									
30.482	30.582	463.2	480.6	0	723.3	37	399.2	407	Setting Units
									
30.582	30.682	462.9	482.5	0	722.8	41	398.3	408	Setting Units
									
30.682	30.782	462.2	483.5	0	722.1	36	401	407.8	Setting Units
									
30.782	30.882	461.2	485.4	0	722	35	402.4	407.8	Setting Units
									
30.882	30.982	462.8	486.3	0	719.3	38	403.6	408.7	Setting Units
									
30.982	31.082	462.5	486.3	0	718.6	38	404	408.7	Setting Units
									
31.082	31.182	462.7	486.6	0	719.4	36	405.3	408.5	Setting Units
									
31.182	31.282	462.1	487.4	0	717.5	40	406.2	408.4	Setting Units
									
31.282	31.382	461.1	487.6	0	716.8	37	407.1	409.4	Setting Units
									
31.382	31.482	460.4	487.4	0	716.1	37	408.4	408.3	Setting Units
									
31.482	31.582	459.8	486.9	0	715.5	37	409.3	407.2	Setting Units
									
31.582	31.682	457.3	490.4	0	713.4	38	411.5	406.2	Setting Units
									
31.682	31.782	453.5	493.6	0	710.9	36	414.8	403.1	Setting Units
									
31.782	31.881	453.5	494.2	0	708.8	36.1	416.1	402.8	Setting Units
									
31.901	32.001	479.1	468.8	0	734.2	57	389.7	427.3	Setting Units
									
32.001	32.101	474.7	475.5	0	731.4	50	392.5	422.7	Setting Units
									
32.101	32.201	471.8	479.9	0	726.5	44	397	417	Setting Units
									
32.201	32.301	467.1	482	0	723.6	28	398.9	408.1	Setting Units
									
32.301	32.401	460.3	485.2	6	722.5	21	400.2	392.3	Setting Units
									
32.451	32.551	458.3	481.1	3	726.5	15	393.9	385	Setting Units
									
32.601	32.701	474	472.1	11	743.5	6.3	376.9	385	Setting Units
									
33.141	33.241	165.6	1294.3	1041.2	0	566.2	1183	529.6	Injection
									
33.321	33.421	167.1	1600	878.9	0	376.4	1600	1022.3	Injection
									
33.5	33.57	176	1600	165.8	0	195.9	1600	1600	Injection
									
33.59	33.69	183	1600	485.8	0	107	1600	81.5	Injection
									
33.69	33.73	195.3	1600	466.9	0	98	1600	74.9	Injection
									
33.75	33.85	317.5	1600	353.5	51.2	0	1600	3	Injection
									
33.85	33.95	341.8	1600	377.3	20	12.4	1600	0	Injection
									
33.95	34.05	384.4	1600	440.8	0	63.2	1600	36.7	Injection
									
34.05	34.15	402.6	1600	1600	0	88.5	1600	64	Injection
									
34.15	34.25	419.8	1600	1600	0	137.1	1600	111	Injection
									
34.4	34.5	377	1600	1600	0	35.4	1600	5	Injection
									
34.5	34.6	375.7	1600	1600	0	36	1600	9	Injection
									
34.65	34.75	361.1	1600	1600	0	27.2	1600	4.2	Injection
									
34.75	34.8	353	1600	1600	0	29.2	1600	10.6	Injection
									
34.82	34.92	358.6	1600	1600	7.6	17	1600	0	Injection
									
34.92	34.97	352.9	1600	1600	4.2	15	1600	0	Injection
									
35.05	35.15	349.4	1600	1600	12	11	1600	0	Injection
									
35.15	35.25	341.6	1600	1600	8.6	7	1600	0	Injection
									
35.25	35.32	335.9	1600	1600	8.6	2	1600	0	Injection
									
35.339	35.439	336.8	1600	1600	9.8	7	1600	0	Injection
									
35.639	35.719	317.8	1600	1600	11	7	1600	0	Injection
									
35.739	35.839	303.3	1600	1600	12.4	6	1600	1	Injection
									
35.899	35.999	287.3	1600	359.9	12.4	1	1600	1.4	Injection
									
36.039	36.139	271.2	1600	332.1	13.9	0	899.4	12.4	Injection
									
36.189	36.259	258.4	1600	315	16.8	0	1600	17	Injection
									
36.339	36.439	203.5	1600	2	287.1	8	1600	315.6	Setting Units
									
36.439	36.529	214.4	1600	0	319.2	43.6	1600	348.8	Setting Units
									
36.619	36.719	218.8	1600	19	343.6	70.4	1600	374.8	Setting Units
									
36.719	36.819	229.9	1600	32.6	354.3	86.5	1600	381	Setting Units
									
36.869	36.969	215.9	1600	20	337.9	72.8	1600	368	Setting Units
									
36.969	37.069	219.6	1600	24	340.7	74.1	1600	369.8	Setting Units
									
37.069	37.119	221	1600	24	341.7	75.7	1600	369.6	Setting Units
									
37.158	37.258	200.2	1600	15.7	332.3	63.1	1600	360.8	Setting Units
									
37.258	37.298	200.2	1600	15.2	331.9	64.1	1600	359.8	Setting Units
									
37.318	37.418	220.5	1600	0	316.1	45.7	215.6	343.3	Setting Units
									
37.418	37.518	219.7	1600	0	313	40.5	1600	339.3	Setting Units
									
37.568	37.668	188.2	1600	6	314	45.9	1600	341.1	Setting Units
									
37.668	37.768	186.9	1600	5	312.1	42.6	1600	339.2	Setting Units
									
37.768	37.868	188.8	1600	2	312.1	42.3	1600	339.2	Setting Units
									
37.868	37.968	190.4	1600	1	310	40.2	1600	338	Setting Units
									
37.968	38.068	190.4	1600	0	311.8	41.2	1600	340.2	Setting Units
									
38.158	38.258	179.8	1600	3	298.3	28.6	1600	326.5	Setting Units
									
38.258	38.358	181.1	1600	3	298.2	32.6	1600	327.3	Setting Units
									
38.358	38.458	180.9	1600	3	298.2	31.8	1600	327.3	Setting Units
									
38.458	38.558	181.5	1600	2	298.3	30.6	1600	327.2	Setting Units
									
38.558	38.658	180.6	1600	2	299.1	29.6	1600	328.5	Setting Units
									
38.658	38.758	182	1600	1	298.9	32.6	1600	327.5	Setting Units
									
38.758	38.858	181.7	1600	1	298.9	32.4	1600	327.2	Setting Units
									
38.858	38.958	183.3	1600	0	299.5	31.4	1600	327.2	Setting Units
									
38.958	39.058	181.7	1600	1	298.8	30.6	1600	327.5	Setting Units
									
39.058	39.158	182.5	1600	1	299.1	31.4	1600	327.3	Setting Units
									
39.158	39.217	181.5	1600	1	298.2	30.6	1600	327.5	Setting Units
									
39.257	39.357	199.4	1600	0	315.1	49	1600	344	Setting Units
									
39.357	39.437	199	1600	0	316.2	47	1600	344	Setting Units
									
39.537	39.637	191	1600	0	309.5	44	1600	337.7	Setting Units
									
39.637	39.737	193	1600	0	308.1	43.1	1600	336.4	Setting Units
									
39.737	39.837	194.2	1600	0	308.2	43	1600	336.4	Setting Units
									
39.837	39.937	193.9	1600	0	306.8	40	1600	334.3	Setting Units
									
39.937	40.037	193.3	1600	0	305.1	39	1600	333.2	Setting Units
									
40.037	40.137	192.4	1600	0	304.5	40	1600	333.3	Setting Units
									
40.137	40.237	196.4	1600	0	306.4	42	1600	335.3	Setting Units
									
40.237	40.337	197.5	1600	0	306.4	42	1600	335.2	Setting Units
									
40.337	40.437	195.4	1600	0	306.5	42	1600	334.2	Setting Units
									
40.437	40.537	195.9	1600	0	306.5	42	1600	334.3	Setting Units
									
40.537	40.637	195.4	1600	0	305.6	42	1600	334.3	Setting Units
									
40.637	40.737	195.6	1600	0	305.6	39.1	1600	334.2	Setting Units
									
40.737	40.837	195.6	1600	0	305.6	40	1600	334.2	Setting Units
									
40.837	40.937	194.5	1600	0	305.4	40	1600	333.3	Setting Units
									
40.937	41.037	193.4	1600	0	305.6	39	1600	333.3	Setting Units
									
41.037	41.137	193.9	1600	0	305.2	38.1	1600	332.3	Setting Units
									
41.137	41.237	193.9	1600	0	305.2	40	1600	333.3	Setting Units
									
41.237	41.337	195.3	1600	0	305.1	40	1600	333.3	Setting Units
									
41.337	41.426	195.9	1600	0	304.4	40	1600	333.5	Setting Units
									
41.516	41.616	251.9	1600	296	6.7	1	1600	2.2	Injection
									
41.616	41.716	252.7	1600	295.7	4.5	1	1600	2.8	Injection
									
41.716	41.816	253.1	1600	295.8	5.7	0	1600	2.2	Injection
									
41.816	41.886	250.5	1600	295.4	1.4	1.4	1600	1	Injection
									
41.906	42.006	241.1	1600	288.5	0	3.6	1600	7.2	Injection
									
42.006	42.096	238.4	1600	286.7	0	5	1600	8.6	Injection
									
42.155	42.255	0	1600	319.3	279.6	283	1600	338	Injection
									
42.255	42.295	0	1600	327.4	286.1	294.1	1600	346.1	Injection
									
42.315	42.415	0	1600	313.5	270.1	276.2	1600	324.7	Injection
									
42.415	42.465	0	1600	334.2	291.3	302.8	1600	346.7	Injection
									
42.485	42.585	0	1600	312	268.2	274.2	1600	320.3	Injection
									
42.615	42.715	0	1600	301.5	268.2	267.5	1600	309.8	Injection
									
42.735	42.835	0	1600	295.2	258.8	259	1600	297.8	Injection
									
42.835	42.935	0	1600	329.8	292.4	302.1	1600	338.7	Injection
									
42.935	43.015	0	1600	335.5	300	310.6	1600	344.1	Injection
									
43.035	43.135	0	1600	322.4	284.4	293.2	237.3	328.4	Injection
									
43.135	43.235	0	1600	330.8	292.7	303.6	1600	332.9	Injection
									
43.325	43.425	0	1600	329.2	291.2	300.9	1060.2	331.4	Injection
									
43.425	43.525	0	1600	330.1	291.5	301.9	1060.8	332.8	Injection
									
43.525	43.625	0	1600	333	294.6	304.4	1058.8	335.9	Injection
									
43.625	43.725	0	1600	333.6	294	305.4	1058.1	335.9	Injection
									
43.725	43.825	0	1600	335.5	296	306.6	1055.6	336.4	Injection
									
43.825	43.925	0	1600	336.5	296.2	307.9	1055.5	337.8	Injection
									
43.925	44.025	0	1600	334.3	294.9	306.4	1056.9	337.8	Injection
									
44.025	44.125	0	1600	333.7	294.6	305.9	1057.8	337.8	Injection
									
44.125	44.225	0	1600	331.1	295.9	305.7	1059.6	337.9	Injection
									
44.225	44.325	0	1600	330.8	296.2	305.1	1060.6	340.1	Injection
									
44.325	44.425	0	1600	330.6	298.2	305.9	1062.5	339.8	Injection
									
44.425	44.525	0	1600	331.3	300.4	308.3	1062.5	342.4	Injection
									
44.525	44.625	0	1600	332.6	301.8	309.8	1060.6	344.3	Injection
									
44.625	44.725	0	1600	332.4	302.3	310.5	1061.3	343.5	Injection
									
44.725	44.794	0	1600	331.2	302.5	310.2	1062.5	341.7	Injection
									
44.874	44.974	0	1600	332.7	302	308.8	1058.8	342.7	Injection
									
44.974	45.074	0	1600	335.8	303.7	312.5	1056.6	343.8	Injection
									
45.074	45.174	0	1600	331	300.4	308.3	1062.6	341.3	Injection
									
45.174	45.274	0	1600	330.1	298.7	306.6	1600	339.1	Injection
									
45.274	45.374	0	1600	330.1	299	306.6	1600	338.3	Injection
									
45.374	45.474	0	1068.5	329.8	299.3	307	1600	339.4	Injection
									
45.474	45.574	0	1600	330.5	300.1	307	1600	341.1	Injection
									
45.574	45.674	0	1600	330	298.4	306.2	1067.6	338.3	Injection
									
45.674	45.774	0	1600	331.9	298.2	306.8	1600	339	Injection
									
45.774	45.874	0	1600	332.5	298.4	306.8	1065.4	339.8	Injection
									
45.874	45.974	0	1066.3	333.1	296.5	306.4	1600	339.2	Injection
									
45.974	46.074	0	1065.6	333.1	297.1	306	1600	337.9	Injection
									
46.074	46.174	0	1600	332.2	297.9	306.6	1600	341.2	Injection
									
46.174	46.274	0	1600	332.2	297.9	307.2	1600	341.2	Injection
									
46.274	46.374	0	1600	332.2	298.2	308.1	1600	340.4	Injection
									
46.374	46.474	0	1600	331.6	298.4	307.2	1600	341.8	Injection
									
46.474	46.574	0	1600	332.8	298.7	307.7	1600	342.4	Injection
									
46.574	46.674	0	1600	332.3	298.4	307.2	1600	340.1	Injection
									
46.674	46.774	0	1600	331.9	298.7	307.2	1600	338.5	Injection
									
46.774	46.874	0	1600	332	298.7	307.9	1600	341.5	Injection
									
46.874	46.974	0	1065.2	334.4	298.4	307.9	1600	342	Injection
									
46.974	47.074	0	1065.5	334.4	299	307.7	1600	341.2	Injection
									
47.074	47.174	0	1070.3	327.9	301.3	307.1	224.4	340	Injection
									
47.174	47.274	0	1069.8	327.8	302.6	308.6	220	342	Injection
									
47.274	47.374	0	1071.2	326.4	301.4	306.7	1600	339.6	Injection
									
47.374	47.474	0	1600	326.6	303.2	308.1	1066.3	341.2	Injection
									
47.474	47.574	0	1071.9	325.1	302.7	308	1600	341.6	Injection
									
47.574	47.674	0	1071.8	324.2	303.3	307.5	1600	340.2	Injection
									
47.802	47.902	0	1071	324	298.8	305	1600	336.2	Injection
									
47.902	47.962	0	1071.3	323.4	298.7	303.6	1600	337	Injection
									
48.052	48.152	0	1600	326.7	290.9	300.1	1600	330.4	Injection
									
48.152	48.252	0	1600	324.8	291.5	298.8	1600	330.2	Injection
									
48.252	48.292	0	1600	324.8	291.5	299.5	1600	329.3	Injection
									
48.332	48.432	0	1600	327.6	269.1	285.9	1600	311.9	Injection
									
48.492	48.592	0	1600	324.9	295.7	302.5	1600	334.1	Injection
									
48.592	48.692	0	1600	324.5	295.1	301.2	1600	334.1	Injection
									
48.692	48.792	0	1600	323.6	294.1	300.5	1600	332.5	Injection
									
48.792	48.892	0	1600	323.9	294.1	300.5	1600	332.7	Injection
									
48.892	48.992	0	1600	323.3	294.3	300.5	1600	333.3	Injection
									
48.992	49.092	0	1600	325.5	295.4	300.8	1600	334.1	Injection
									
49.092	49.192	0	1600	324.8	295.4	301.2	1600	333.5	Injection
									
49.192	49.292	0	1600	325.8	294.9	301.8	1600	334.1	Injection
									
49.292	49.392	0	1600	324.5	294.1	300.5	1600	331.9	Injection
									
49.392	49.492	0	1600	324.8	294.6	301.2	1600	333.5	Injection
									
49.492	49.592	0	1600	324.5	294.9	300.7	1600	333.5	Injection
									
49.592	49.692	0	1600	325.2	296.9	302	226.3	335.5	Injection
									
49.692	49.792	0	1600	324.2	296.6	301.6	226.1	336.3	Injection
									
49.792	49.892	0	1600	322.3	293.2	299	1600	333.5	Injection
									
49.892	49.992	0	1600	320.7	292.7	297.2	1600	330.5	Injection
									
49.992	50.092	0	1600	320.4	292.7	296.2	1600	331.3	Injection
									
50.092	50.192	0	1600	319.4	292.1	295.5	1600	330.7	Injection
									
50.192	50.261	0	1600	318.8	290.1	293.4	1600	329.5	Injection
									
50.391	50.491	232	1600	279.3	22	0	459.5	15.3	Injection
									
50.491	50.591	255.5	1600	293.1	0	4	477.1	2	Injection
									
50.63	50.73	239	1600	308	5	19	467.2	0	Injection
									
50.8	50.87	217.7	1600	307.3	0	28	1600	20	Injection
									
50.89	50.97	233.8	1600	320	0	32.2	453.1	14.3	Injection
									
51.05	51.15	237.9	1600	312.1	0	15.8	439.3	6	Injection
									
51.15	51.25	269.7	1600	338.3	0	33	1600	7	Injection
									
51.3	51.4	273.2	1600	342	0	30.3	1600	7	Injection
									
51.45	51.55	282.4	1600	346.2	4	25.2	1600	1	Injection
									
51.57	51.64	299.4	1600	354.8	29	20	1600	1	Injection
									
51.82	51.92	1600	1600	82.1	396.6	0	1600	285.7	Injection
									
51.92	52.02	1600	1600	30.5	497	0	1600	362.1	Injection
									
52.02	52.12	1600	1600	31.4	543.9	7	1075.6	391.1	Injection
									
52.17	52.25	299.2	957.7	102.8	569.9	44.7	768.5	1600	Injection
									
52.3	52.38	337.2	725.4	113.6	626.3	47.1	560.9	282.8	Injection
									
52.559	52.649	411.5	513.2	1600	682	423.9	418	60.2	Remove Tip
									
52.759	52.859	427.4	495.3	1600	693.8	26.1	435.4	35.5	Remove Tip
									
52.859	52.929	463.3	469	1600	726	82.5	422.5	97.6	Remove Tip
									
53.019	53.119	902.2	183.5	1600	1203.2	444.2	0	420.6	Remove Tip
									
53.119	53.169	948.8	156.5	1600	1600	464.3	5.8	439.6	Remove Tip
									
53.269	53.369	970.1	183.4	1600	1600	465.8	4.2	431	Remove Tip
									
53.369	53.469	957.1	192.8	941.3	1600	525.9	8	489.7	Remove Tip
									
53.469	53.509	964.8	1600	954.8	1600	547.2	0	513	Remove Tip
									
53.589	53.689	973.4	180.9	996	1600	582.3	17.8	544.1	Remove Tip
									
53.849	53.949	505.5	478.9	524.3	795.1	101.9	452.1	69.9	Remove Tip
									
53.949	54.049	480	518.7	490.7	755.2	68	476.9	35.8	Remove Tip
									
54.108	54.178	481.3	525.4	494.6	758	61	405.3	24.6	Remove Tip
									
54.218	54.318	502.5	1600	502.5	775.3	67.2	266	27.7	Remove Tip
									
54.368	54.468	498.8	574.1	491.6	761.9	64	118.6	21.4	Remove Tip
									
54.468	54.568	494.1	503.3	495.6	759.6	63.6	54	27.3	Remove Tip
									
54.638	54.738	507.3	479	506.2	775.3	71.2	0	32.7	Remove Tip
									
54.738	54.838	507.5	483.7	501.1	776.3	67.6	0	24.6	Remove Tip
									
54.838	54.898	511	486	492.4	776.5	49.7	0	12.6	Remove Tip
									
54.918	55.018	519.8	482	499.4	788.9	58.7	0	21.8	Remove Tip
									
55.018	55.118	519.5	483.1	494.5	785.8	51.4	0	15.1	Remove Tip
									
55.118	55.218	515.7	490.5	488.9	778.3	53	0	11	Remove Tip
									
55.218	55.318	511.7	493.4	485.4	775.3	50	0	7.3	Remove Tip
									
55.318	55.418	509.9	494.9	482.6	773.5	41.3	0	6	Remove Tip
									
55.418	55.518	509.1	494.1	475.6	772.1	38	0	9.8	Remove Tip
									
55.518	55.618	508.7	501.4	467.5	770.3	25	0	8	Remove Tip
									
55.618	55.718	512.1	505	463.3	770.3	26.9	0	620.2	Remove Tip
									
55.718	55.818	512.5	505.5	462.2	770.9	23.6	0	623.9	Remove Tip
									
55.818	55.918	509.9	510.2	459.7	766.8	19	0	1600	Remove Tip
									
55.918	56.018	508.3	518.1	457.8	760.1	16.5	0	1600	Remove Tip
									
56.018	56.097	502.3	520.2	449.4	754.4	15	0	1600	Remove Tip
									
56.167	56.267	505.5	519.1	446.5	754.4	21	0	1600	Remove Tip
									
56.317	56.417	507.7	508.6	435.4	752.1	7	0	1600	Remove Tip
									
56.417	56.467	497.6	505.5	429.4	747.2	11	3	617.2	Remove Tip
									
56.507	56.607	514.9	480.4	458.3	769.7	43	0	1600	Remove Tip
									
56.607	56.707	513.5	474.7	452.7	769.8	39.1	5.4	577.7	Remove Tip
									
56.707	56.807	514	471.2	1600	770.1	41.3	1600	1600	Remove Tip
									
56.867	56.967	522.5	462.8	468.7	783.1	64.8	15	1600	Remove Tip
									
56.967	57.067	527.7	461.8	472.8	788.3	54.2	5.4	1600	Remove Tip
									
57.067	57.167	531.3	457.9	478	793.4	57	3	1600	Remove Tip
									
57.167	57.267	535.3	453.2	494.5	796.8	70.2	2	1600	Remove Tip
									
57.267	57.317	538.4	450.6	496.7	800.1	69.1	0	1600	Remove Tip
									
57.436	57.536	513.4	476.5	468.1	769.9	50.4	1600	1600	Remove Tip
									
57.536	57.636	512.6	476.5	469.7	771.2	45.1	2	589.4	Remove Tip
									
57.636	57.736	516.6	474.4	471.4	773.1	46	3.6	588.1	Remove Tip
									
57.736	57.836	515.2	476	467.1	772.3	44	3	588.7	Remove Tip
									
57.836	57.936	515.2	476.7	465.6	768.9	37.1	4	589.2	Remove Tip
									
57.936	58.036	519.7	472.1	469.5	775.3	48.1	1600	584.6	Remove Tip
									
58.036	58.136	513.9	474.6	469.8	771.3	48.4	0	586.3	Remove Tip
									
58.136	58.236	515.6	474.3	469.2	771.2	44.6	0	587.8	Remove Tip
									
58.236	58.336	516.1	473.9	473.6	775.3	44.4	8	583.5	Remove Tip
									
58.336	58.436	510.3	475.3	469.1	770.6	34.2	0	1600	Remove Tip
									
58.436	58.536	512.6	472	471.8	772.5	51.5	30.7	1600	Remove Tip
									
58.536	58.636	516.7	470.3	475.2	776.3	53.8	1600	1600	Remove Tip
									
58.636	58.736	513	474.4	472.3	774.6	61.1	1600	1600	Remove Tip
									
58.736	58.836	514.3	474.2	475.1	775.7	53	0	1600	Remove Tip
									
58.836	58.936	509.9	477.7	470.9	771.6	48.8	25.1	1600	Remove Tip
									
58.936	59.036	506.8	478.6	470.8	767.7	46	0	585.1	Remove Tip
									
59.116	59.216	492.2	491.6	463	752.6	57	1600	1600	Remove Tip
									
59.216	59.316	491.2	492	459.5	751.5	41.8	0	1600	Remove Tip
									
59.316	59.416	496.5	492.4	455.7	757.4	24.2	7.1	1600	Remove Tip
									
59.416	59.516	496	493.6	451.1	756.5	26.9	25.1	1600	Remove Tip
									
59.516	59.616	491.5	496.1	459.7	751.2	25.9	0	601.4	Remove Tip
									
59.616	59.716	497.4	491.1	462.1	757.5	33.4	0	1600	Remove Tip
									
59.716	59.816	510.1	477.3	472	772.7	55.4	1600	1600	Remove Tip
									
59.816	59.916	509.3	479.3	471	771.4	57.2	1600	1600	Remove Tip
									
59.916	60.016	507.3	480.8	463.8	768.5	37.3	4.1	1600	Remove Tip
									
60.016	60.116	509.6	481.7	464.3	770.3	29.6	0	1600	Remove Tip
									
60.116	60.216	505.5	485.8	463.8	767.3	37.3	0	1600	Remove Tip
									
60.216	60.316	504.6	483.9	466.3	767.3	39.3	0	1600	Remove Tip
									
60.316	60.416	513.3	471.6	475.1	776.9	40.2	9.2	1600	Remove Tip
									
60.416	60.516	515.5	471.3	480.7	778.2	61.7	33	583.1	Remove Tip
									
60.516	60.616	516.9	469.1	474.2	780.1	41.8	0	1600	Remove Tip
									
60.616	60.716	521.3	469.3	471	783.4	38.3	0	578.9	Remove Tip
									
60.716	60.816	513.8	474.4	480.3	780.5	54.4	11	581.1	Remove Tip
									
60.816	60.905	511.2	509.3	484.4	776.3	67	46.4	581.5	Remove Tip
									
60.914	61.014	609.5	472.1	610.4	892.9	187.3	0	1600	Remove Tip
									
61.124	61.224	727.6	313.2	788.3	1039.6	364	9.2	1600	Remove Tip
									
61.304	61.404	748	315.8	835	1075.7	411.1	2	1600	Remove Tip
									
61.404	61.454	745.1	321.1	835.7	1071.3	407.6	2.2	1600	Remove Tip
									
61.584	61.684	731.3	341.7	827.9	1056.1	392	12.2	1600	Remove Tip
									
61.684	61.754	721.3	349.5	823.3	1045.6	392.2	1	422.8	Remove Tip
									
61.854	61.944	421.6	551.8	477.4	712.2	57	305.4	1600	Remove Tip
									
62.124	62.224	1081.8	0	1600	1600	677.3	367	1600	Cap On
									
62.224	62.264	1600	0	1600	1600	750.1	426.8	255	Cap On
									
62.284	62.384	1600	0	1600	1600	689.2	355.3	221.9	Cap On
									
62.384	62.484	1600	0	1600	1600	716	395	245.6	Cap On
									
62.534	62.634	1600	0	1600	1600	764.5	421.7	229	Cap On
									
62.634	62.734	1600	0	1600	1600	780.7	454.6	267.9	Cap On
									
62.734	62.814	1600	0	1600	1600	783.1	459.9	273.2	Cap On
									
62.833	62.933	1600	0	1600	1600	766	432.4	235.6	Cap On
									
63.083	63.183	1600	0	1600	1600	730.2	427	240.6	Cap On
									
63.533	63.633	536.3	98.3	446.2	1600	36.4	344.9	624.5	Cap On
									
63.633	63.683	1101.1	65	423.2	753.8	17.5	353.6	642.5	Cap On
									
63.703	63.793	522.6	18	435.2	766	36	340.2	625.6	Cap On
									
63.833	63.933	516.7	13	424.8	748.3	26	356.4	639.4	Cap On
									
63.973	64.063	514.5	12	423.9	746	22.4	349.3	633.2	Cap On
									
64.143	64.243	444.4	71.5	325.8	657.1	0	412	711.2	Cap On
									
64.243	64.343	439.4	39.3	319.9	652.7	0	420.4	718.5	Cap On
									
64.402	64.482	455	0	324.6	666.8	40	413.7	707.7	Cap On
									
64.832	64.932	450.2	0	328.6	664.2	47	411.8	708.2	Cap On
									
64.932	64.992	450.5	0	329.9	662.8	49.2	414.2	711	Cap On
									
65.072	65.172	442	0	320.1	650.1	38	428.2	727.1	Cap On
									
65.172	65.262	436.2	0	312.6	642.3	30.1	433	732.6	Cap On
									
65.302	65.402	288.8	250	38.1	382.7	0	674.7	1600	Cap On
									
65.402	65.502	288.9	265.2	20.2	373.4	0	682.7	1006.2	Cap On
									
65.522	65.622	286.3	250	35.7	384.9	0	665.9	1600	Cap On
									
65.822	65.922	397.7	28	251.9	588.6	0	464.3	774.1	Cap On
									
65.942	66.042	393.4	5	280.6	620.9	16.8	389.4	1600	Cap On
									
66.042	66.142	373.5	8	239.6	607.6	0	380.2	706.8	Cap On
									
66.191	66.291	376.5	0	248.1	632.1	29	318.8	658	Cap On
									
66.341	66.441	402.2	0	249.2	647.6	31	312.5	641.8	Cap On
									
66.441	66.541	407.7	0	247.1	655.3	39.2	306	634	Cap On
									
66.541	66.641	409.9	0	255.9	658.5	47	293.4	620.5	Cap On
									
66.641	66.741	414.9	4	270.4	665.6	60.9	273	601.7	Cap On
									
66.741	66.841	414.2	20.2	278	666.4	68.9	264.6	595.9	Cap On
									
66.841	66.881	419.4	24.1	285.2	674	75.7	258.2	588.4	Cap On
									
67.021	67.121	419.2	0	265.5	671	47	299.6	622.2	Cap On
									
67.661	67.761	1600	1600	1600	1600	1600	623.6	1252.1	Cap On
									
67.761	67.831	1600	1600	1600	1600	1600	1600	1333.9	Cap On
									
67.9	67.98	1600	1600	1600	1600	1600	1600	1374.6	Cap On
									
68.04	68.14	1600	1600	1600	1600	1600	1600	1600	Cap On
									
68.14	68.23	1600	1600	1600	1600	1600	1600	1600	Cap On
									
68.29	68.39	1600	1600	1600	1600	1600	1600	1600	Cap On
									
68.39	68.49	1600	1600	1600	1600	1600	1600	1600	Cap On
									
68.54	68.64	1600	1600	1600	1600	1600	1600	1381.9	Cap On
									
68.66	68.76	1600	1600	1600	1600	1600	1600	1366.1	Cap On
									
68.94	69.03	1600	1600	1600	1600	1600	1600	1132.2	Cap On
									
69.19	69.29	1600	1600	1600	1600	1600	1600	1177.2	Cap On
									
69.29	69.33	1600	1600	1600	1600	1600	1600	1178.3	Cap On
									
69.35	69.44	1600	1600	1600	1600	1600	1600	1600	Cap On
									
69.499	69.599	1600	1600	1600	1600	1600	1600	1600	Cap On
									
69.599	69.699	1600	1600	1600	1600	1600	1600	1199.8	Cap On
