event_type	start_time	end_time	duration	saccade_amplitude
Fixation	0	175	175	
Fixation	295	795	500	
Saccade	1014	1044	30	
Fixation	1064	1144	80	
Saccade	1144	1154	10	
Fixation	1214	1324	110	
Saccade	1394	1444	50	
Saccade	1914	1944	30	
Saccade	1954	2024	70	
Saccade	2044	2084	40	
Fixation	2084	2164	80	
Saccade	2244	2274	30	
Saccade	2494	2524	30	
Saccade	2563	2573	10	
Saccade	2623	2643	20	
Saccade	2713	2763	50	
Fixation	2783	3023	240	
Saccade	3063	3153	90	
Saccade	3163	3193	30	
Fixation	3213	3293	80	
Saccade	3363	3403	40	
Fixation	3473	3563	90	
Fixation	3583	3673	90	
Fixation	3743	3843	100	
Fixation	3863	3953	90	
Fixation	4013	4113	100	
Saccade	4133	4163	30	
Saccade	4312	4322	10	
Fixation	4322	4402	80	
Fixation	4442	4522	80	
Fixation	4562	4712	150	
Fixation	4782	4942	160	
Saccade	4992	5002	10	
Fixation	5002	5112	110	
Saccade	5192	5202	10	
Fixation	5262	5352	90	
Saccade	5442	5492	50	
Saccade	5542	5572	30	
Fixation	5572	5662	90	
Saccade	5732	5742	10	
Fixation	5832	5971	140	
Fixation	5991	6071	80	
Saccade	6131	6161	30	
Saccade	6231	6261	30	
Fixation	6261	6361	100	
Saccade	6521	6531	10	
Fixation	6531	6761	230	
Fixation	6781	6911	130	
Fixation	7081	7171	90	
Fixation	7231	7301	70	
Fixation	7361	7431	70	
Saccade	7431	7441	10	
Saccade	7501	7521	20	
Fixation	7521	7591	70	
Fixation	7611	7690	80	
Saccade	7690	7730	40	
Saccade	7800	7810	10	
Fixation	7810	7890	80	
Saccade	7930	7940	10	
Saccade	7990	8020	30	
Fixation	8060	8290	230	
Saccade	8290	8330	40	
Saccade	8350	8380	30	
Saccade	8400	8450	50	
Saccade	8510	8530	20	
Fixation	8530	8610	80	
Saccade	8670	8680	10	
Saccade	8780	8800	20	
Fixation	8800	8990	190	
Fixation	9030	9130	100	
Saccade	9130	9140	10	
Fixation	9180	9419	240	
Saccade	9459	9479	20	
Fixation	9479	9579	100	
Fixation	9599	9689	90	
Fixation	9729	9839	110	
Saccade	9929	9939	10	
Fixation	10029	10259	230	
Fixation	10299	10429	130	
Saccade	10449	10489	40	
Saccade	10579	10619	40	
Saccade	10669	10689	20	
Saccade	10749	10779	30	
Fixation	10779	10869	90	
Saccade	10869	10879	10	1.24
Fixation	10879	10959	80	
Saccade	11058	11078	20	
Saccade	11088	11108	20	
Saccade	11198	11218	20	
Saccade	11278	11298	20	
Fixation	11298	11378	80	
Saccade	11378	11398	20	
Saccade	11448	11468	20	
Saccade	11578	11588	10	
Fixation	11588	11658	70	
Saccade	11728	11758	30	
Saccade	11868	11908	40	
Fixation	11978	12208	230	
Fixation	12248	12358	110	
Fixation	12378	12478	100	
Saccade	12568	12628	60	
Saccade	12698	12708	10	
Saccade	12717	12727	10	
Fixation	12827	12897	70	
Saccade	12987	13017	30	
Saccade	13217	13237	20	
Saccade	13287	13297	10	
Fixation	13367	13457	90	
Fixation	13497	13677	180	
Saccade	13697	13747	50	
Saccade	13767	13847	80	
Saccade	13867	13897	30	
Saccade	13917	13937	20	
Saccade	13977	13997	20	
Saccade	14017	14047	30	
Fixation	14067	14177	110	
Fixation	14217	14327	110	
Fixation	14516	14626	110	
Fixation	14796	14876	80	
Saccade	14876	14896	20	
Saccade	14916	14946	30	
Saccade	15076	15096	20	
Fixation	15096	15246	150	
Saccade	15326	15346	20	
Saccade	15376	15386	10	
Fixation	15386	15456	70	
Fixation	15476	15546	70	
Saccade	15616	15636	20	
Fixation	15636	15726	90	
Fixation	15796	15876	80	
Saccade	15926	15946	20	
Fixation	16066	16155	90	
Saccade	16175	16195	20	
Fixation	16195	16275	80	
Saccade	16375	16405	30	
Saccade	16475	16515	40	
Fixation	16515	16745	230	
Saccade	16765	16795	30	
Fixation	16895	16995	100	
Saccade	16995	17005	10	3.25
Fixation	17005	17405	400	
Fixation	17625	17725	100	
Fixation	17765	17874	110	
Fixation	17894	18004	110	
Saccade	18044	18064	20	
Fixation	18064	18134	70	
Fixation	18174	18404	230	
Saccade	18404	18444	40	
Saccade	18464	18504	40	
Fixation	18504	18644	140	
Fixation	18864	18944	80	
Saccade	19054	19074	20	
Saccade	19114	19144	30	
Fixation	19294	19404	110	
Saccade	19504	19533	30	
Saccade	19663	19683	20	
Fixation	19763	19973	210	
Fixation	19993	20063	70	
Fixation	20083	20163	80	
Saccade	20183	20213	30	
Fixation	20213	20383	170	
Fixation	20443	20513	70	
Saccade	20513	20543	30	
Fixation	20583	20663	80	
Saccade	20733	20823	90	
Fixation	21113	21242	130	
Saccade	21242	21262	20	
Fixation	21282	21372	90	
Fixation	21442	21662	220	
Fixation	21682	21912	230	
Saccade	22052	22092	40	
Saccade	22232	22252	20	
Fixation	22252	22392	140	
Fixation	22412	22492	80	
Saccade	22512	22542	30	
Fixation	22662	22742	80	
Saccade	22742	22762	20	
Saccade	22772	22792	20	
Saccade	22812	22911	100	
Saccade	22931	22961	30	
Saccade	22971	23011	40	
Saccade	23031	23041	10	
Fixation	23041	23201	160	
Fixation	23241	23341	100	
Saccade	23341	23381	40	
Saccade	23511	23531	20	
Saccade	23541	23561	20	
Fixation	23581	23661	80	
Saccade	23711	23741	30	
Fixation	23781	23881	100	
Fixation	23941	24061	120	
Fixation	24081	24191	110	
Fixation	24211	24331	120	
Fixation	24351	24561	210	
Fixation	24630	24780	150	
Fixation	24800	24910	110	
Saccade	24980	25010	30	
Fixation	25050	25140	90	
Saccade	25140	25150	10	
Fixation	25200	25310	110	
Fixation	25350	25460	110	
Fixation	25480	25580	100	
Saccade	25630	25660	30	
Fixation	25660	25840	180	
Fixation	25900	26160	260	
Fixation	26180	26389	210	
Saccade	26509	26529	20	
Fixation	26599	26689	90	
Fixation	26709	26959	250	
Fixation	26979	27089	110	
Saccade	27089	27109	20	
Saccade	27129	27169	40	
Fixation	27169	27369	200	
Fixation	27409	27509	100	
Fixation	27529	27639	110	
Fixation	27699	27789	90	
Fixation	27809	27929	120	
Saccade	27979	28008	30	
Saccade	28158	28188	30	
Saccade	28228	28258	30	
Fixation	28258	28358	100	
Fixation	28498	28638	140	
Fixation	28658	28828	170	
Saccade	28828	28888	60	
Saccade	28928	28958	30	
Saccade	28978	29018	40	
Saccade	29058	29088	30	
Fixation	29088	29238	150	
Saccade	29238	29288	50	
Saccade	29308	29328	20	
Saccade	29348	29378	30	
Saccade	29418	29438	20	
Fixation	29478	29558	80	
Saccade	29598	29658	60	
Fixation	29747	29857	110	
Saccade	29857	29877	20	
Fixation	29897	30007	110	
Saccade	30027	30047	20	
Fixation	30047	30277	230	
Fixation	30317	30447	130	
Fixation	30467	30557	90	
Fixation	30577	30697	120	
Fixation	30717	30797	80	
Saccade	30797	30827	30	
Saccade	30847	30877	30	
Fixation	30997	31097	100	
Fixation	31147	31227	80	
Saccade	31297	31317	20	
Saccade	31476	31526	50	
Saccade	31776	31806	30	
Saccade	31826	31876	50	
Fixation	31976	32186	210	
Fixation	32246	32426	180	
Saccade	32566	32596	30	
Fixation	32596	32876	280	
Fixation	32946	33145	200	
Saccade	33215	33235	20	
Fixation	33235	33395	160	
Fixation	33495	33595	100	
Fixation	33615	33725	110	
Fixation	33745	33875	130	
Saccade	33875	33925	50	
Saccade	34105	34135	30	
Saccade	34275	34285	10	
Fixation	34325	34395	70	
Fixation	34475	34675	200	
Saccade	34814	34864	50	
Fixation	34864	34994	130	
Fixation	35014	35124	110	
Saccade	35164	35184	20	
Fixation	35184	35314	130	
Saccade	35314	35374	60	
Saccade	35414	35444	30	
Fixation	35444	35544	100	
Fixation	35564	35674	110	
Fixation	35734	35844	110	
Fixation	35864	35934	70	
Saccade	35934	35964	30	
Saccade	35984	36044	60	
Saccade	36144	36184	40	
Saccade	36194	36204	10	
Fixation	36204	36314	110	
Fixation	36394	36543	150	
Fixation	36563	36663	100	
Fixation	36683	36943	260	
Fixation	36983	37063	80	
Fixation	37083	37223	140	
Fixation	37293	37493	200	
Fixation	37513	37893	380	
Saccade	37893	37913	20	
Saccade	37953	37973	20	
Saccade	37993	38023	30	
Fixation	38043	38123	80	
Saccade	38123	38143	20	1.52
Fixation	38143	38222	80	
Saccade	38222	38262	40	
Saccade	38352	38382	30	
Saccade	38392	38402	10	
Fixation	38512	38622	110	
Fixation	38642	38722	80	
Saccade	38762	38802	40	
Saccade	38942	38962	20	
Saccade	39042	39062	20	
Fixation	39062	39172	110	
Fixation	39192	39292	100	
Fixation	39332	39422	90	
Saccade	39422	39442	20	
Saccade	39482	39502	20	
Fixation	39502	39572	70	
Saccade	39572	39582	10	
Saccade	39592	39602	10	
Fixation	39602	39692	90	
Saccade	39692	39702	10	
Saccade	39762	39782	20	
Fixation	39782	39931	150	
Saccade	39931	39961	30	
Saccade	40081	40101	20	
Fixation	40181	40261	80	
Saccade	40321	40361	40	
Saccade	40371	40401	30	
Fixation	40461	40551	90	
Saccade	40611	40631	20	
Fixation	40631	40741	110	
Saccade	40761	40851	90	
Saccade	41211	41241	30	
Fixation	41301	41391	90	
Saccade	41391	41421	30	
Fixation	41461	41541	80	
Saccade	41620	41670	50	
Fixation	41710	41810	100	
Fixation	41850	41960	110	
Saccade	42040	42060	20	
Saccade	42090	42100	10	
Fixation	42100	42200	100	
Saccade	42200	42230	30	
Fixation	42280	42390	110	
Saccade	42540	42550	10	
Fixation	42550	42790	240	
Saccade	42790	42810	20	4.95
Fixation	42810	42920	110	
Fixation	43000	43070	70	
Saccade	43070	43090	20	
Saccade	43170	43180	10	
Fixation	43260	43509	250	
Saccade	43609	43629	20	
Fixation	43709	43789	80	
Fixation	43849	43939	90	
Fixation	43959	44049	90	
Saccade	44049	44079	30	
Fixation	44099	44209	110	
Saccade	44209	44229	20	
Fixation	44249	44359	110	
Saccade	44509	44549	40	
Fixation	44549	44629	80	
Fixation	44649	44719	70	
Saccade	44719	44759	40	
Fixation	44799	44909	110	
Fixation	44959	45038	80	
Saccade	45098	45138	40	
Fixation	45138	45208	70	
Fixation	45228	45318	90	
Fixation	45358	45478	120	
Fixation	45498	45608	110	
Fixation	45648	45918	270	
Fixation	45958	46038	80	
Fixation	46058	46158	100	
Fixation	46198	46348	150	
Saccade	46348	46358	10	3.19
Fixation	46358	46458	100	
Fixation	46478	46588	110	
Fixation	46608	46697	90	
Saccade	46697	46737	40	
Saccade	46777	46797	20	
Saccade	46847	46857	10	
Fixation	47047	47157	110	
Fixation	47177	47297	120	
Saccade	47347	47367	20	
Fixation	47467	47707	240	
Saccade	47747	47797	50	
Saccade	47817	47847	30	
Saccade	47867	47887	20	
Fixation	47887	47967	80	
Saccade	47967	47987	20	2.52
Fixation	47987	48057	70	
Saccade	48057	48087	30	
Saccade	48606	48676	70	
Fixation	48696	48846	150	
Fixation	48866	48956	90	
Fixation	49016	49396	380	
Saccade	49536	49626	90	
Fixation	49706	49806	100	
Saccade	49806	49836	30	11.44
Fixation	49836	49906	70	
Saccade	49926	49956	30	
Fixation	49956	50046	90	
Fixation	50145	50305	160	
Saccade	50305	50325	20	
Saccade	50345	50375	30	
Saccade	50405	50455	50	
Fixation	50515	50645	130	
Saccade	50785	50805	20	
Saccade	50825	50875	50	
Saccade	50925	50945	20	
Fixation	51045	51245	200	
Saccade	51315	51405	90	
Saccade	51425	51475	50	
Saccade	51605	51625	20	
Saccade	51725	51775	50	
Saccade	51904	51934	30	
Fixation	52014	52104	90	
Fixation	52124	52304	180	
Saccade	52304	52354	50	11.32
Fixation	52354	52514	160	
Fixation	52564	52664	100	
Saccade	52874	52884	10	
Fixation	52884	52964	80	
Fixation	52994	53074	80	
Fixation	53114	53324	210	
Saccade	53324	53344	20	
Fixation	53394	53563	170	
Fixation	53583	53893	310	
Fixation	53913	54003	90	
Saccade	54003	54023	20	
Fixation	54063	54243	180	
Saccade	54313	54343	30	
Fixation	54363	54463	100	
Fixation	54513	54743	230	
Fixation	54763	54993	230	
Saccade	55063	55113	50	
Saccade	55242	55272	30	
Saccade	55312	55332	20	
Fixation	55332	55442	110	
Fixation	55462	55562	100	
Fixation	55582	55692	110	
Saccade	55742	55762	20	
Fixation	55762	55842	80	
Saccade	55922	55962	40	
Saccade	56092	56122	30	
Saccade	56142	56162	20	
Fixation	56162	56242	80	
Saccade	56242	56272	30	8.25
Fixation	56272	56402	130	
Fixation	56462	56822	360	
Fixation	56841	57141	300	
Saccade	57141	57161	20	
Fixation	57181	57361	180	
Saccade	57411	57441	30	
Saccade	57551	57591	40	
Saccade	57631	57661	30	
Saccade	57751	57761	10	
Fixation	57841	57941	100	
Fixation	57981	58131	150	
Saccade	58131	58141	10	
Saccade	58161	58181	20	
Fixation	58181	58361	180	
Saccade	58381	58481	100	
Saccade	58551	58570	20	
Saccade	58590	58610	20	
Fixation	58610	58760	150	
Saccade	58760	58790	30	11.99
Fixation	58790	58870	80	
Saccade	58870	58890	20	
Fixation	58950	59090	140	
Saccade	59090	59110	20	
Fixation	59200	59340	140	
Saccade	59340	59360	20	
Saccade	59530	59560	30	
Fixation	59750	59890	140	
Fixation	59910	59990	80	
Fixation	60030	60200	170	
Saccade	60200	60220	20	
Fixation	60459	60649	190	
Saccade	60649	60669	20	
Fixation	60709	60839	130	
Saccade	60839	60869	30	
Saccade	61009	61059	50	
Fixation	61059	61129	70	
Saccade	61199	61239	40	
Fixation	61309	61429	120	
Fixation	61449	61539	90	
Saccade	61539	61559	20	
Saccade	61749	61789	40	
Fixation	61789	61879	90	
Saccade	61879	61899	20	
Saccade	61909	61938	30	
Saccade	61978	62008	30	
Fixation	62008	62108	100	
Fixation	62128	62198	70	
Saccade	62198	62208	10	
Saccade	62218	62238	20	
Saccade	62308	62328	20	
Fixation	62328	62408	80	
Fixation	62548	62688	140	
Saccade	62708	62728	20	
Fixation	62728	62828	100	
Fixation	62998	63188	190	
Fixation	63258	63767	510	
Saccade	63767	63777	10	
Fixation	63827	63977	150	
Fixation	63997	64197	200	
Fixation	64267	64407	140	
Saccade	64447	64507	60	
Saccade	64527	64557	30	
Saccade	64577	64657	80	
Saccade	64677	64707	30	
Fixation	64707	64787	80	
Saccade	64787	64807	20	
Fixation	64877	64977	100	
Fixation	64997	65107	110	
Saccade	65227	65247	20	
Fixation	65247	65386	140	
Saccade	65386	65406	20	
Saccade	65596	65716	120	
Saccade	66116	66156	40	
Fixation	66156	66226	70	
Fixation	66246	66396	150	
Saccade	66476	66496	20	
Fixation	66646	66756	110	
Fixation	66826	67125	300	
Saccade	67125	67135	10	
Fixation	67225	67305	80	
Saccade	67305	67325	20	
Saccade	67475	67515	40	
Fixation	67515	67605	90	
Fixation	67775	67855	80	
Fixation	67875	68035	160	
Saccade	68165	68275	110	
Saccade	68295	68315	20	
Saccade	68355	68375	20	
Saccade	68415	68465	50	
Saccade	68804	68824	20	
Fixation	68824	68944	120	
Saccade	68994	69024	30	
Saccade	69054	69074	20	
Saccade	69154	69204	50	
Saccade	69594	69624	30	
Fixation	69684	69764	80	
Fixation	69814	69944	130	
Fixation	70064	70264	200	
Fixation	70344	70493	150	
Fixation	70613	70743	130	
Saccade	70743	70843	100	
Saccade	70853	70873	20	
Saccade	70893	70913	20	
Fixation	70913	71003	90	
Saccade	71313	71333	20	
Fixation	71333	71403	70	
Saccade	71403	71413	10	
Fixation	71483	71563	80	
Fixation	71583	71713	130	
Fixation	71733	71973	240	
Fixation	71993	72113	120	
Fixation	72132	72272	140	
Saccade	72272	72302	30	8.86
Fixation	72302	72392	90	
Fixation	72412	72632	220	
Saccade	72632	72652	20	6.89
Fixation	72652	72922	270	
Saccade	72962	72982	20	
Fixation	72982	73062	80	
Saccade	73102	73152	50	
Saccade	73232	73262	30	
Saccade	73272	73382	110	
Saccade	73432	73552	120	
Fixation	73552	73762	210	
Fixation	73782	73911	130	
Saccade	73971	74011	40	
Fixation	74011	74161	150	
Saccade	74161	74191	30	
Fixation	74211	74341	130	
Fixation	74491	74661	170	
Fixation	74761	74851	90	
Saccade	74851	74871	20	
Saccade	74911	74931	20	
Fixation	74931	75161	230	
Fixation	75201	75321	120	
Saccade	75321	75341	20	
Saccade	75371	75391	20	
Fixation	75391	75760	370	
Fixation	75780	76040	260	
Saccade	76060	76120	60	
Saccade	76150	76160	10	
Fixation	76160	76290	130	
Saccade	76290	76300	10	5.89
Fixation	76300	76430	130	
Saccade	76430	76460	30	5.46
Fixation	76460	76720	260	
Saccade	76720	76730	10	4.33
Fixation	76730	77120	390	
Saccade	77120	77150	30	1.41
Fixation	77150	77749	600	
Saccade	77749	77799	50	
Saccade	77879	77919	40	
Fixation	77919	78139	220	
Saccade	78139	78179	40	
Saccade	78229	78339	110	
Saccade	78349	78379	30	
Saccade	78389	78439	50	
Saccade	78479	78499	20	
Saccade	78519	78589	70	
Fixation	78589	78659	70	
Saccade	78659	78709	50	
Saccade	78749	78789	40	
Saccade	78829	78849	20	
Fixation	78849	78928	80	
Saccade	78948	78978	30	
Fixation	78998	79078	80	
Saccade	79098	79118	20	
Saccade	79128	79158	30	
Saccade	79268	79298	30	
Fixation	79298	79408	110	
Saccade	79408	79428	20	
Saccade	79508	79528	20	
Saccade	79568	79588	20	
Saccade	79748	79778	30	
Fixation	79798	80178	380	
Fixation	80198	80348	150	
Saccade	80348	80378	30	
Saccade	80418	80428	10	
Saccade	80538	80567	30	
Fixation	80727	80827	100	
Saccade	80917	80937	20	
Saccade	80977	80997	20	
Fixation	81017	81087	70	
Saccade	81087	81107	20	
Saccade	81167	81187	20	
Saccade	81237	81257	20	
Saccade	81277	81317	40	
Fixation	81317	81397	80	
Saccade	81397	81417	20	
Fixation	81467	81617	150	
Saccade	81617	81647	30	
Fixation	81747	81817	70	
Saccade	81817	81837	20	
Saccade	81877	81907	30	
Saccade	81987	82007	20	
Saccade	82047	82077	30	
Saccade	82137	82157	20	
Fixation	82157	82316	160	
Saccade	82316	82336	20	4.87
Fixation	82336	82646	310	
Saccade	82666	82706	40	
Saccade	82796	82816	20	
Fixation	82816	82906	90	
Saccade	82906	82926	20	
Saccade	82966	82986	20	
Fixation	82986	83106	120	
Saccade	83106	83116	10	2.99
Fixation	83116	83186	70	
Saccade	83186	83246	60	
Saccade	83326	83356	30	
Saccade	83366	83376	10	
Saccade	83436	83456	20	
Saccade	83526	83556	30	
Fixation	83556	83706	150	
Fixation	83726	83846	120	
Saccade	83846	83866	20	4.17
Fixation	83866	84085	220	
Saccade	84085	84105	20	4.38
Fixation	84105	84385	280	
Saccade	84385	84405	20	
Saccade	84465	84485	20	
Fixation	84485	84555	70	
Saccade	84555	84575	20	
Saccade	84655	84685	30	
Saccade	84725	84745	20	
Fixation	84745	84815	70	
Saccade	84815	84825	10	3.16
Fixation	84825	84945	120	
Fixation	85025	85145	120	
