event_type	start_time	end_time	duration	saccade_amplitude
Saccade	15	45	30	
Saccade	65	85	20	
Fixation	85	195	110	
Fixation	295	435	140	
Saccade	435	455	20	
Saccade	565	595	30	
Fixation	595	715	120	
Saccade	715	785	70	
Fixation	795	864	70	
Saccade	864	884	20	
Saccade	954	1034	80	
Fixation	1034	1224	190	
Saccade	1224	1244	20	4.67
Fixation	1244	1624	380	
Saccade	1624	1654	30	6.84
Fixation	1654	1864	210	
Saccade	1864	1904	40	9.44
Fixation	1904	2593	690	
Saccade	2593	2623	30	8.3
Fixation	2623	2883	260	
Saccade	2883	2903	20	2.64
Fixation	2903	3263	360	
Saccade	3263	3273	10	
Saccade	3333	3343	10	
Saccade	3353	3373	20	
Saccade	3393	3413	20	
Fixation	3413	3623	210	
Saccade	3623	3703	80	24.7
Fixation	3703	3823	120	
Saccade	3823	3843	20	3.69
Fixation	3843	3913	70	
Saccade	3913	3943	30	
Saccade	3953	3973	20	
Fixation	3973	4193	220	
Saccade	4193	4242	50	7.77
Fixation	4242	4932	690	
Saccade	4932	4952	20	4.03
Fixation	4952	5102	150	
Saccade	5102	5112	10	2.37
Fixation	5112	5232	120	
Saccade	5232	5252	20	
Saccade	5302	5342	40	
Fixation	5342	5472	130	
Saccade	5472	5482	10	2.77
Fixation	5482	5902	420	
Saccade	5902	5951	50	11.63
Fixation	5951	6131	180	
Saccade	6131	6141	10	7.55
Fixation	6141	6501	360	
Saccade	6501	6521	20	
Saccade	6631	6681	50	
Fixation	6681	6891	210	
Saccade	6891	6901	10	2.59
Fixation	6901	7171	270	
Saccade	7171	7201	30	8.03
Fixation	7201	7391	190	
Saccade	7391	7411	20	4.69
Fixation	7411	8070	660	
Saccade	8070	8170	100	25.88
Fixation	8170	8490	320	
Saccade	8490	8500	10	6.57
Fixation	8500	8570	70	
Saccade	8570	8590	20	
Saccade	8630	8690	60	
Fixation	8690	8780	90	
Saccade	8780	8800	20	
Saccade	8850	8870	20	
Saccade	8890	8910	20	
Fixation	8910	8990	80	
Saccade	8990	9030	40	12.06
Fixation	9030	9250	220	
Saccade	9250	9270	20	7.84
Fixation	9270	9369	100	
Saccade	9369	9389	20	
Saccade	9449	9489	40	
Saccade	9519	9529	10	
Saccade	9549	9589	40	
Fixation	9589	9709	120	
Saccade	9709	9729	20	
Saccade	9789	9809	20	
Saccade	9859	9879	20	
Fixation	9879	10029	150	
Saccade	10029	10039	10	3.01
Fixation	10039	10149	110	
Saccade	10279	10309	30	
Fixation	10309	10479	170	
Saccade	10479	10509	30	11.18
Fixation	10509	10589	80	
Saccade	10589	10609	20	
Saccade	10659	10669	10	
Saccade	10689	10769	80	
Saccade	10789	10829	40	
Fixation	10829	11118	290	
Saccade	11118	11148	30	5.58
Fixation	11148	11388	240	
Saccade	11388	11408	20	5.18
Fixation	11408	11588	180	
Saccade	11588	11598	10	2.51
Fixation	11598	11738	140	
Saccade	11738	11768	30	10.6
Fixation	11768	12008	240	
Saccade	12008	12038	30	5.08
Fixation	12038	12218	180	
Saccade	12218	12248	30	7.14
Fixation	12248	12568	320	
Saccade	12568	12608	40	5.49
Fixation	12608	13607	999	
Saccade	13667	13677	10	
Fixation	13677	14277	600	
Saccade	14277	14307	30	
Saccade	14317	14356	40	
Fixation	14356	14546	190	
Saccade	14546	14566	20	6.87
Fixation	14566	14766	200	
Saccade	14766	14806	40	15.11
Fixation	14806	15776	969	
Saccade	15776	15806	30	4.26
Fixation	15806	16265	460	
Saccade	16265	16275	10	3.01
Fixation	16275	16405	130	
Saccade	16405	16455	50	
Saccade	16525	16555	30	
Saccade	16565	16585	20	
Fixation	16585	17185	600	
Saccade	17185	17245	60	24.77
Fixation	17245	17665	420	
Saccade	17665	17765	100	
Saccade	17784	17824	40	
Fixation	17824	18124	300	
Fixation	18144	18414	270	
Saccade	18414	18434	20	7.75
Fixation	18434	18584	150	
Saccade	18584	18594	10	3.45
Fixation	18594	18764	170	
Saccade	18764	18784	20	6.64
Fixation	18784	18934	150	
Saccade	18934	18974	40	5.13
Fixation	18974	19284	310	
Saccade	19284	19294	10	4.89
Fixation	19294	19394	100	
Saccade	19394	19414	20	4.73
Fixation	19414	19713	300	
Saccade	19713	19743	30	7.57
Fixation	19743	20553	810	
Fixation	20573	20703	130	
Fixation	20723	20883	160	
Saccade	20883	20903	20	
Saccade	20943	20963	20	
Fixation	20963	21252	290	
Saccade	21272	21342	70	
Saccade	21382	21402	20	
Saccade	21412	21432	20	
Saccade	21442	21462	20	
Saccade	21482	21492	10	
Saccade	21532	21562	30	
Fixation	21562	21822	260	
Saccade	21822	21832	10	6.73
Fixation	21832	22002	170	
Saccade	22002	22032	30	2.65
Fixation	22032	22152	120	
Saccade	22152	22212	60	13.12
Fixation	22212	22302	90	
Saccade	22302	22312	10	
Saccade	22362	22392	30	
Fixation	22392	22612	220	
Saccade	22652	22682	30	
Fixation	22682	22961	280	
Saccade	22961	22981	20	4.51
Fixation	22981	23071	90	
Saccade	23071	23091	20	4.63
Fixation	23091	23421	330	
Saccade	23421	23531	110	36.94
Fixation	23531	23841	310	
Saccade	23841	23921	80	32.15
Fixation	23921	24510	590	
Saccade	24510	24590	80	34.51
Fixation	24590	24720	130	
Saccade	24720	24750	30	8.32
Fixation	24750	24900	150	
Saccade	24900	24920	20	1.94
Fixation	24920	25080	160	
Saccade	25080	25130	50	22.35
Fixation	25130	25340	210	
Saccade	25340	25410	70	
Saccade	25440	25450	10	
Fixation	25450	25700	250	
Saccade	25700	25740	40	9.3
Fixation	25740	26040	300	
Saccade	26040	26060	20	7.69
Fixation	26060	26329	270	
Saccade	26329	26359	30	4.77
Fixation	26359	26479	120	
Saccade	26479	26509	30	6.69
Fixation	26509	27369	859	
Saccade	27369	27449	80	
Saccade	27479	27499	20	
Fixation	27499	27589	90	
Saccade	27589	27599	10	10.05
Fixation	27599	27968	370	
Saccade	27968	28008	40	14.08
Fixation	28008	28108	100	
Saccade	28108	28138	30	
Saccade	28278	28308	30	
Fixation	28308	28888	580	
Saccade	28888	28918	30	5.52
Fixation	28918	29118	200	
Saccade	29118	29128	10	7.94
Fixation	29128	29288	160	
Saccade	29288	29308	20	5.34
Fixation	29308	29458	150	
Saccade	29458	29538	80	
Saccade	29557	29607	50	
Saccade	29637	29657	20	
Saccade	29677	29707	30	
Fixation	29707	29797	90	
Saccade	29797	29817	20	4.51
Fixation	29817	30297	480	
Saccade	30297	30387	90	38.08
Fixation	30387	30587	200	
Saccade	30587	30607	20	2.82
Fixation	30607	30907	300	
Saccade	30907	30947	40	
Saccade	30997	31017	20	
Saccade	31127	31147	20	
Saccade	31157	31167	10	
Saccade	31207	31227	20	
Saccade	31266	31286	20	
Saccade	31296	31316	20	
Saccade	31396	31406	10	
Fixation	31406	31526	120	
Saccade	31526	31556	30	12.62
Fixation	31556	31806	250	
Saccade	31806	31846	40	10.93
Fixation	31846	33115	1269	
Saccade	33115	33155	40	
Saccade	33335	33355	20	
Fixation	33355	33465	110	
Saccade	33465	33495	30	7.22
Fixation	33495	33655	160	
Saccade	33655	33695	40	16.26
Fixation	33695	33835	140	
Saccade	33835	33915	80	
Saccade	33925	33945	20	
Fixation	33945	34145	200	
Saccade	34145	34185	40	8.39
Fixation	34185	34664	480	
Saccade	34664	34754	90	
Fixation	34794	34914	120	
Saccade	34914	34934	20	
Saccade	34964	34994	30	
Fixation	35064	35384	320	
Saccade	35384	35404	20	
Fixation	35464	35704	240	
Saccade	35764	35804	40	
Saccade	35824	35854	30	
Saccade	35874	35894	20	
Saccade	35904	35924	20	
Fixation	35924	36064	140	
Saccade	36064	36084	20	
Saccade	36144	36164	20	
Fixation	36164	36393	230	
Saccade	36393	36413	20	5.49
Fixation	36413	36653	240	
Saccade	36653	36683	30	9.52
Fixation	36683	36983	300	
Saccade	36983	37003	20	4.92
Fixation	37003	37203	200	
Saccade	37203	37243	40	6.61
Fixation	37243	37803	560	
Saccade	37803	37823	20	3.7
Fixation	37823	38022	200	
Saccade	38022	38042	20	6.03
Fixation	38042	38272	230	
Saccade	38272	38282	10	3.64
Fixation	38282	38442	160	
Saccade	38442	38472	30	6.49
Fixation	38472	39362	889	
Saccade	39362	39382	20	5.98
Fixation	39382	39652	270	
Saccade	39652	39682	30	4.98
Fixation	39682	40061	380	
Saccade	40061	40091	30	6.63
Fixation	40091	40451	360	
Saccade	40451	40471	20	5.32
Fixation	40471	40741	270	
Saccade	40741	40751	10	2.47
Fixation	40751	41051	300	
Saccade	41051	41061	10	3.46
Fixation	41061	41211	150	
Saccade	41211	41221	10	1.45
Fixation	41221	41690	470	
Saccade	41690	41740	50	
Saccade	41750	41780	30	
Saccade	41790	41870	80	
Fixation	41870	42040	170	
Saccade	42040	42060	20	6.97
Fixation	42060	42190	130	
Saccade	42280	42310	30	
Fixation	42310	42780	470	
Saccade	42780	42810	30	11.96
Fixation	42810	43229	420	
Saccade	43229	43259	30	6.15
Fixation	43259	43989	730	
Saccade	43989	43999	10	5.04
Fixation	43999	44149	150	
Saccade	44149	44229	80	
Saccade	44249	44259	10	
Saccade	44279	44309	30	
Fixation	44309	44389	80	
Saccade	44389	44399	10	8.65
Fixation	44399	45428	1029	
Saccade	45428	45568	140	
Saccade	45588	45608	20	
Saccade	45628	45638	10	
Fixation	45638	45918	280	
Saccade	45918	45948	30	10.01
Fixation	45948	46148	200	
Saccade	46148	46188	40	6.08
Fixation	46188	46437	250	
Saccade	46437	46457	20	4.61
Fixation	46457	46587	130	
Fixation	46627	47157	530	
Saccade	47157	47187	30	4.63
Fixation	47187	47867	680	
Saccade	47867	47887	20	2.53
Fixation	47887	48037	150	
Saccade	48037	48077	40	6.19
Fixation	48077	48586	510	
Saccade	48586	48606	20	7.56
Fixation	48606	48736	130	
Saccade	48736	48766	30	5.75
Fixation	48766	48916	150	
Saccade	48916	48946	30	6.78
Fixation	48946	49416	470	
Fixation	49626	50225	600	
Saccade	50225	50285	60	13.12
Fixation	50285	50435	150	
Saccade	50435	50455	20	
Fixation	50515	50635	120	
Saccade	50635	50665	30	9.75
Fixation	50665	50795	130	
Saccade	50795	50855	60	17.36
Fixation	50855	51165	310	
Saccade	51165	51185	20	
Saccade	51235	51275	40	
Fixation	51345	51734	390	
Saccade	51734	51754	20	
Saccade	51774	51814	40	
Fixation	51814	52044	230	
Saccade	52164	52184	20	
Saccade	52194	52204	10	
Fixation	52204	52314	110	
Saccade	52314	52354	40	13.95
Fixation	52354	52444	90	
Saccade	52444	52464	20	
Saccade	52484	52504	20	
Fixation	52504	52594	90	
Saccade	52594	52674	80	
Saccade	52684	52704	20	
Saccade	52714	52734	20	
Fixation	52734	52954	220	
Saccade	52954	52974	20	7.02
Fixation	52974	53174	200	
Saccade	53174	53203	30	8.54
Fixation	53203	53453	250	
Saccade	53453	53483	30	8.73
Fixation	53483	53723	240	
Saccade	53723	53733	10	4.43
Fixation	53733	53973	240	
Saccade	53973	53983	10	4.52
Fixation	53983	54153	170	
Saccade	54153	54183	30	4.55
Fixation	54183	54413	230	
Saccade	54413	54433	20	5.48
Fixation	54433	54703	270	
Saccade	54703	54713	10	4.49
Fixation	54713	55662	949	
Saccade	55662	55692	30	6.71
Fixation	55692	55962	270	
Saccade	55962	56002	40	11.28
Fixation	56002	56811	810	
Saccade	56811	56881	70	29.09
Fixation	56881	57051	170	
Saccade	57051	57131	80	26.4
Fixation	57131	59030	1899	
Saccade	59030	59070	40	
Saccade	59120	59170	50	
Saccade	59200	59220	20	
Fixation	59220	59480	260	
Saccade	59480	59500	20	10.53
Fixation	59500	59700	200	
Saccade	59700	59710	10	1.28
Fixation	59710	59910	200	
Saccade	59910	59939	30	5.54
Fixation	59939	60159	220	
Saccade	60159	60189	30	5.92
Fixation	60189	60309	120	
Saccade	60459	60489	30	
Fixation	60489	60919	430	
Saccade	60919	60989	70	
Saccade	60999	61029	30	
Saccade	61069	61109	40	
Fixation	61109	61189	80	
Saccade	61189	61219	30	5.98
Fixation	61219	61439	220	
Saccade	61439	61509	70	30.54
Fixation	61509	61609	100	
Saccade	61609	61619	10	6.35
Fixation	61619	61978	360	
Saccade	61978	61998	20	8.6
Fixation	61998	62168	170	
Saccade	62168	62228	60	17.38
Fixation	62228	62438	210	
Saccade	62518	62538	20	
Fixation	62538	62778	240	
Saccade	62778	62808	30	9.04
Fixation	62808	63028	220	
Saccade	63028	63048	20	6.81
Fixation	63048	63128	80	
Fixation	63148	63437	290	
Fixation	63457	63537	80	
Fixation	63557	64347	790	
Saccade	64347	64377	30	
Saccade	64387	64417	30	
Fixation	64417	64487	70	
Saccade	64487	64497	10	
Saccade	64557	64577	20	
Saccade	64667	64727	60	
Fixation	64857	64927	70	
Fixation	64947	65076	130	
Fixation	65096	65376	280	
Fixation	65396	65506	110	
Saccade	65506	65526	20	
Fixation	65546	65786	240	
Saccade	65786	65806	20	
Fixation	65906	65996	90	
Saccade	65996	66026	30	
Saccade	66106	66136	30	
Fixation	66176	66266	90	
Saccade	66266	66366	100	
Saccade	66376	66406	30	
Fixation	66406	66476	70	
Saccade	66476	66486	10	6.84
Fixation	66486	66556	70	
Saccade	66556	66576	20	
Fixation	66596	66666	70	
Saccade	66666	66695	30	
Fixation	66765	66885	120	
Saccade	66885	66935	50	12.82
Fixation	66935	67175	240	
Saccade	67175	67195	20	3.83
Fixation	67195	67355	160	
Saccade	67355	67365	10	
Fixation	67445	67545	100	
Saccade	67545	67565	20	4.19
Fixation	67565	67915	350	
Saccade	67915	67955	40	
Fixation	67995	68624	630	
Saccade	68624	68634	10	4.44
Fixation	68634	68834	200	
Saccade	68834	68874	40	7.2
Fixation	68874	69224	350	
Fixation	69374	69524	150	
Fixation	69544	69624	80	
Fixation	69664	69754	90	
Fixation	69814	69954	140	
Saccade	70024	70044	20	
Fixation	70063	70333	270	
Fixation	70413	70543	130	
Saccade	70543	70573	30	
Fixation	70693	70773	80	
Fixation	70923	71053	130	
Fixation	71073	71153	80	
Saccade	71153	71173	20	
Fixation	71213	71583	370	
Saccade	71583	71613	30	
Saccade	71623	71663	40	
Saccade	71673	71713	40	
Saccade	71772	71792	20	
Fixation	71812	71902	90	
Fixation	71922	72052	130	
Saccade	72192	72212	20	
Saccade	72232	72292	60	
Saccade	72382	72402	20	
Saccade	72422	72432	10	
Fixation	72542	72622	80	
Saccade	72692	72702	10	
Fixation	72702	73072	370	
Saccade	73152	73162	10	
Fixation	73162	73541	380	
Saccade	73541	73561	20	
Fixation	73691	73821	130	
Fixation	73841	73941	100	
Saccade	73941	73971	30	
Saccade	74061	74101	40	
Fixation	74101	74371	270	
Saccade	74431	74441	10	
Saccade	74541	74601	60	
Fixation	74601	74851	250	
Saccade	74851	74911	60	
Saccade	75130	75140	10	
Saccade	75160	75180	20	
Saccade	75210	75220	10	
Fixation	75220	75360	140	
Fixation	75380	75590	210	
Fixation	75680	76590	909	
Fixation	76680	76809	130	
Fixation	76829	77449	620	
Saccade	77449	77479	30	
Saccade	77589	77609	20	
Fixation	77609	78179	570	
Fixation	78259	78459	200	
