Event Start Trial Time [ms]	Event End Trial Time [ms]	Event Duration [ms]
1544	1554	10
1564	1604	40
2334	2354	20
2364	2434	70
2454	2484	30
3153	3183	30
4013	4023	10
4253	4313	60
4333	4343	10
4382	4402	20
5022	5042	20
5102	5122	20
5182	5202	20
5902	5922	20
6731	6781	50
6881	6901	20
7281	7311	30
7521	7541	20
7880	7920	40
8330	8370	40
10379	10409	30
10569	10599	30
10619	10639	20
10679	10689	10
10709	10729	20
10819	10889	70
11189	11259	70
11269	11299	30
11319	11348	30
11398	11418	20
11528	11558	30
11698	11738	40
12088	12128	40
12188	12218	30
12248	12268	20
12308	12318	10
12378	12398	20
12838	12858	20
13087	13197	110
13247	13307	60
13677	13797	120
13827	13837	10
13967	13987	20
14397	14417	20
14697	14717	20
15336	15366	30
15836	15866	30
16346	16356	10
17005	17035	30
17355	17385	30
17405	17435	30
18005	18025	20
18035	18065	30
18075	18115	40
18304	18324	20
18624	18664	40
19014	19024	10
19194	19214	20
19514	19534	20
19784	19834	50
19844	19864	20
20263	20293	30
20333	20353	20
22522	22532	10
22542	22572	30
22672	22702	30
22732	22752	20
22852	22872	20
22892	22952	60
23561	23571	10
24451	24461	10
25021	25091	70
25101	25131	30
25690	25710	20
25820	25860	40
25880	25900	20
26300	26380	80
26410	26460	50
26540	26560	20
26820	26870	50
27189	27249	60
27269	27309	40
27329	27379	50
27599	27629	30
27999	28069	70
28619	28649	30
28669	28709	40
28758	28788	30
28838	28848	10
29108	29178	70
29258	29278	20
29688	29698	10
30797	30827	30
30847	30887	40
30897	30927	30
30937	30957	20
31087	31107	20
31327	31397	70
31437	31487	50
31497	31527	30
31647	31667	20
32306	32326	20
32496	32566	70
32576	32606	30
32746	32756	10
33116	33156	40
33496	33516	20
33806	33826	20
33945	33975	30
34815	34825	10
35065	35085	20
35415	35435	20
35794	35834	40
35884	35904	20
35924	35944	20
36114	36164	50
36254	36314	60
38353	38403	50
38493	38513	20
38843	38863	20
39093	39152	60
39222	39242	20
39752	39812	60
40242	40312	70
40422	40442	20
41491	41531	40
41561	41601	40
41621	41641	20
41821	41851	30
42021	42041	20
42571	42610	40
42650	42670	20
42830	42840	10
42980	43020	40
44969	44989	20
44999	45029	30
45049	45069	20
45499	45539	40
45619	45639	20
45769	45779	10
46019	46059	40
46298	46338	40
46778	46798	20
46918	46938	20
47638	47668	30
48127	48157	30
48317	48347	30
48687	48707	20
48757	48797	40
48837	48897	60
48937	48957	20
49437	49556	120
49626	49636	10
49696	49716	20
50166	50196	30
50206	50226	20
50236	50276	40
50366	50396	30
50456	50476	20
51885	51925	40
52065	52075	10
52445	52475	30
52575	52595	20
52635	52675	40
52905	52925	20
52955	52965	10
53024	53044	20
53754	53804	50
56203	56223	20
56363	56463	100
56522	56532	10
56752	56762	10
56932	56942	10
57102	57112	10
57252	57282	30
57452	57472	20
57732	57772	40
57902	57922	20
58032	58082	50
58212	58231	20
58701	58731	30
58781	58821	40
58871	58901	30
58991	59011	20
59071	59091	20
59771	59791	20
60090	60130	40
61460	61490	30
61779	61799	20
62229	62239	10
62339	62359	20
62469	62499	30
62559	62599	40
62619	62649	30
62989	63009	20
63139	63169	30
63458	63488	30
63668	63698	30
63848	63878	30
64028	64058	30
64098	64128	30
64458	64478	20
64608	64648	40
65018	65028	10
65257	65277	20
65427	65447	20
65467	65487	20
66277	66297	20
66417	66457	40
66507	66527	20
66637	66667	30
66687	66717	30
67606	67656	50
67916	67966	50
69635	69675	40
69735	69775	40
69885	69905	20
70055	70085	30
70185	70205	20
70265	70295	30
71504	71524	20
71724	71744	20
71994	72004	10
72533	72573	40
72783	72803	20
72843	72873	30
73283	73333	50
73353	73373	20
73413	73433	20
73573	73583	10
73902	73982	80
74082	74102	20
74382	74402	20
74442	74472	30
74602	74632	30
74832	74852	20
74872	74912	40
75062	75082	20
75102	75132	30
75242	75262	20
75302	75322	20
75352	75382	30
75462	75522	60
75581	75601	20
75891	75941	50
76081	76111	30
76351	76371	20
76401	76431	30
76591	76601	10
76721	76751	30
76831	76851	20
76911	76921	10
77251	77281	30
77740	77790	50
78010	78080	70
78400	78420	20
78640	78670	30
79039	79059	20
79399	79429	30
79779	79799	20
81988	82008	20
82058	82098	40
82118	82148	30
82198	82218	20
82458	82478	20
82537	82557	20
82687	82697	10
83217	83247	30
83507	83517	10
84007	84027	20
84117	84147	30
84187	84207	20
84646	84746	100
84766	84786	20
84816	84846	30
84966	84996	30
85266	85296	30
85306	85346	40
85376	85416	40
85746	85766	20
85916	85965	50
86145	86175	30
86295	86345	50
86355	86375	20
86555	86625	70
86745	86775	30
87085	87125	40
87545	87565	20
87814	87834	20
89593	89603	10
90483	90563	80
90633	90653	20
90693	90733	40
91222	91252	30
91332	91362	30
92732	92752	20
93451	93471	20
93621	93651	30
93671	93721	50
93731	93751	20
93761	93781	20
93801	93831	30
93891	93911	20
93931	93951	20
94071	94111	40
94131	94161	30
94251	94291	40
94371	94391	20
94531	94601	70
95570	95600	30
95800	95820	20
95910	95940	30
95990	96020	30
96030	96040	10
96060	96070	10
96100	96110	10
96210	96230	20
96459	96519	60
97009	97079	70
99128	99158	30
99208	99238	30
99288	99318	30
99538	99548	10
99808	99827	20
100047	100067	20
100237	100257	20
100437	100467	30
100587	100617	30
100677	100717	40
100737	100757	20
102116	102136	20
102146	102186	40
102226	102236	10
102266	102286	20
102456	102476	20
102706	102736	30
102866	102896	30
103186	103206	20
103325	103345	20
104205	104225	20
104355	104385	30
104905	104935	30
105084	105124	40
105864	105884	20
106414	106434	20
106654	106684	30
106843	106863	20
108682	108712	30
108782	108832	50
108852	108882	30
109282	109292	10
109342	109352	10
109362	109382	20
109602	109632	30
109912	109942	30
110172	110231	60
110311	110321	10
111441	111501	60
111671	111711	40
111741	111761	20
113230	113250	20
114049	114069	20
114249	114259	10
115329	115369	40
115828	115858	30
115888	115918	30
116118	116138	20
117327	117357	30
117367	117417	50
117447	117477	30
117667	117687	20
