event_type	start_time	end_time	duration	saccade_amplitude
Fixation	0	944	944	
Saccade	944	1014	70	
Saccade	1094	1124	30	
Saccade	1144	1174	30	
Saccade	1194	1214	20	
Saccade	1384	1424	40	
Saccade	1444	1484	40	
Saccade	1504	1534	30	
Saccade	1544	1624	80	
Saccade	1654	1744	90	
Saccade	1764	1784	20	
Saccade	1814	1834	20	
Saccade	1854	1874	20	
Saccade	1914	1934	20	
Saccade	1974	2034	60	
Saccade	2064	2084	20	
Saccade	2094	2104	10	
Saccade	2164	2174	10	
Saccade	2214	2224	10	
Fixation	2224	2863	640	
Saccade	2863	2873	10	6.47
Fixation	2873	3233	360	
Saccade	3233	3273	40	1.58
Fixation	3273	3983	710	
Fixation	4003	4193	190	
Saccade	4193	4213	20	4.2
Fixation	4213	4522	310	
Saccade	4522	4542	20	4.53
Fixation	4542	4842	300	
Saccade	4842	4862	20	4.19
Fixation	4862	5312	450	
Saccade	5312	5332	20	
Saccade	5342	5362	20	
Saccade	5422	5462	40	
Fixation	5542	5792	250	
Saccade	5792	5802	10	3.33
Fixation	5802	5992	190	
Saccade	5992	6002	10	2.17
Fixation	6002	6501	500	
Saccade	6501	6521	20	
Saccade	6541	6601	60	
Saccade	6651	6711	60	
Fixation	6711	6811	100	
Saccade	6811	6851	40	
Saccade	6971	6991	20	
Fixation	6991	7730	740	
Fixation	7770	7900	130	
Saccade	7920	7940	20	
Saccade	7980	8000	20	
Fixation	8000	8170	170	
Saccade	8170	8210	40	6.29
Fixation	8210	8300	90	
Saccade	8300	8390	90	
Saccade	8510	8550	40	
Saccade	8650	8670	20	
Saccade	8690	8710	20	
Saccade	8720	8790	70	
Fixation	8790	9050	260	
Saccade	9050	9080	30	14.13
Fixation	9080	9300	220	
Saccade	9300	9330	30	6.39
Fixation	9330	9539	210	
Fixation	9559	9689	130	
Saccade	9689	9739	50	12.36
Fixation	9739	9899	160	
Fixation	9959	10109	150	
Saccade	10109	10129	20	
Saccade	10169	10199	30	
Fixation	10239	10369	130	
Saccade	10369	10389	20	
Saccade	10409	10449	40	
Fixation	10449	10539	90	
Fixation	10559	10759	200	
Saccade	10759	10799	40	4.51
Fixation	10799	11179	380	
Saccade	11179	11218	40	10.25
Fixation	11218	11448	230	
Saccade	11558	11618	60	
Fixation	11918	11998	80	
Saccade	11998	12028	30	6.98
Fixation	12028	12158	130	
Saccade	12158	12178	20	4.58
Fixation	12178	12308	130	
Saccade	12348	12368	20	
Saccade	12388	12428	40	
Fixation	12428	12838	410	
Saccade	12838	12878	40	
Saccade	12937	12967	30	
Saccade	13027	13047	20	
Fixation	13047	13487	440	
Fixation	13587	13827	240	
Saccade	13827	13877	50	10.76
Fixation	13877	14117	240	
Saccade	14197	14217	20	
Saccade	14337	14367	30	
Fixation	14437	14517	80	
Fixation	14537	14806	270	
Saccade	14886	14906	20	
Fixation	14926	14996	70	
Saccade	14996	15006	10	2.71
Fixation	15006	15176	170	
Saccade	15176	15206	30	4.62
Fixation	15206	15486	280	
Fixation	15506	15896	390	
Fixation	15936	16346	410	
Saccade	16346	16385	40	2.15
Fixation	16385	16705	320	
Saccade	16725	16755	30	
Saccade	16905	16955	50	
Saccade	16995	17005	10	
Saccade	17025	17045	20	
Fixation	17045	17205	160	
Saccade	17205	17225	20	
Saccade	17265	17285	20	
Fixation	17285	17415	130	
Saccade	17495	17515	20	
Saccade	17575	17615	40	
Fixation	17615	17835	220	
Saccade	17835	17865	30	
Saccade	17885	17915	30	
Fixation	17915	18005	90	
Saccade	18104	18134	30	
Fixation	18134	18264	130	
Saccade	18264	18294	30	7.41
Fixation	18294	18364	70	
Saccade	18364	18384	20	
Saccade	18404	18414	10	
Saccade	18424	18444	20	
Fixation	18574	18694	120	
Saccade	18694	18714	20	
Saccade	18734	18754	20	
Fixation	18854	18924	70	
Saccade	19034	19064	30	
Fixation	19124	19214	90	
Saccade	19214	19234	20	
Saccade	19254	19274	20	
Fixation	19274	19384	110	
Saccade	19464	19484	20	
Saccade	19594	19644	50	
Saccade	19664	19704	40	
Saccade	19744	19783	40	
Saccade	19823	19873	50	
Saccade	19913	19933	20	
Fixation	19933	20283	350	
Saccade	20283	20303	20	5.79
Fixation	20303	20443	140	
Fixation	20503	20653	150	
Saccade	20703	20733	30	
Fixation	20773	20923	150	
Fixation	20943	21023	80	
Saccade	21123	21153	30	
Saccade	21223	21253	30	
Fixation	21343	21453	110	
Fixation	21473	21622	150	
Saccade	21622	21722	100	
Saccade	21742	21832	90	
Saccade	21982	22002	20	
Saccade	22052	22152	100	
Saccade	22192	22212	20	
Saccade	22232	22242	10	
Fixation	22242	22552	310	
Fixation	22572	22662	90	
Saccade	22662	22712	50	8.83
Fixation	22712	22912	200	
Saccade	22912	22952	40	
Saccade	23082	23102	20	
Saccade	23142	23162	20	
Fixation	23162	23231	70	
Saccade	23231	23251	20	
Fixation	23271	23351	80	
Saccade	23351	23381	30	
Saccade	23421	23441	20	
Fixation	23441	23521	80	
Fixation	23561	23681	120	
Saccade	23681	23701	20	
Fixation	23721	23951	230	
Fixation	23971	24131	160	
Saccade	24131	24151	20	5.46
Fixation	24151	24471	320	
Fixation	24631	24771	140	
Fixation	24791	24911	120	
Saccade	24911	24940	30	
Fixation	25170	25290	120	
Saccade	25290	25320	30	
Fixation	25340	25560	220	
Saccade	25560	25620	60	
Fixation	25640	25740	100	
Fixation	25760	25830	70	
Saccade	25830	25850	20	2.52
Fixation	25850	26020	170	
Saccade	26020	26050	30	
Fixation	26240	26410	170	
Saccade	26520	26560	40	
Fixation	26560	26669	110	
Saccade	26849	26859	10	
Fixation	26859	27019	160	
Fixation	27039	27179	140	
Fixation	27239	27509	270	
Saccade	27509	27549	40	6.84
Fixation	27549	27659	110	
Fixation	27779	27879	100	
Saccade	27879	27909	30	
Saccade	27929	27949	20	
Fixation	27949	28059	110	
Saccade	28059	28099	40	14.87
Fixation	28099	28189	90	
Fixation	28289	28438	150	
Fixation	28588	28708	120	
Saccade	28708	28728	20	
Saccade	28778	28818	40	
Fixation	28818	28918	100	
Saccade	28918	28938	20	3.75
Fixation	28938	29188	250	
Fixation	29308	29718	410	
Saccade	29738	29778	40	
Fixation	29778	29858	80	
Fixation	29878	30167	290	
Fixation	30287	30557	270	
Fixation	30577	30687	110	
Fixation	30707	30897	190	
Fixation	30977	31457	480	
Fixation	31557	31807	250	
Fixation	31826	32486	660	
Fixation	32506	32896	390	
Saccade	32896	32906	10	
Saccade	32916	32936	20	
Fixation	33036	33146	110	
Saccade	33146	33196	50	
Saccade	33286	33306	20	
Saccade	33326	33406	80	
Saccade	33525	33545	20	
Saccade	33565	33585	20	
Fixation	33585	33685	100	
Saccade	33765	33795	30	
Fixation	33795	33875	80	
Fixation	33935	34035	100	
Saccade	34035	34065	30	
Saccade	34105	34135	30	
Saccade	34155	34175	20	
Fixation	34175	34355	180	
Saccade	34355	34405	50	
Saccade	34425	34445	20	
Fixation	34445	34515	70	
Fixation	34535	34605	70	
Saccade	34605	34615	10	
Saccade	34625	34655	30	
Saccade	34745	34765	20	
Fixation	34845	34995	150	
Fixation	35095	35274	180	
Saccade	35344	35364	20	
Fixation	35444	35534	90	
Fixation	35554	35804	250	
Fixation	35824	35894	70	
Fixation	36074	36304	230	
Saccade	36304	36324	20	
Saccade	36414	36434	20	
Fixation	36434	36534	100	
Fixation	36714	36784	70	
Saccade	36784	36814	30	
Saccade	36914	36944	30	
Fixation	36944	37163	220	
Saccade	37163	37183	20	3.34
Fixation	37183	37313	130	
Fixation	37533	37793	260	
Saccade	37793	37803	10	5.14
Fixation	37803	37933	130	
Saccade	37933	37963	30	
Saccade	38043	38073	30	
Saccade	38093	38113	20	
Saccade	38133	38143	10	
Fixation	38143	38443	300	
Fixation	38543	38852	310	
Saccade	38852	38872	20	
Saccade	39002	39032	30	
Saccade	39052	39092	40	
Saccade	39112	39122	10	
Saccade	39152	39182	30	
Fixation	39182	39382	200	
Saccade	39382	39402	20	
Fixation	39452	39532	80	
Saccade	39532	39552	20	
Saccade	39592	39612	20	
Fixation	39612	39832	220	
Saccade	40122	40182	60	
Saccade	40202	40302	100	
Saccade	40322	40332	10	
Fixation	40421	40541	120	
Saccade	40611	40641	30	
Fixation	40641	40791	150	
Saccade	40791	40821	30	7.1
Fixation	40821	40941	120	
Saccade	40941	40961	20	
Saccade	40971	40981	10	
Saccade	41001	41041	40	
Fixation	41041	41131	90	
Saccade	41131	41161	30	4.79
Fixation	41161	41361	200	
Saccade	41361	41381	20	
Saccade	41461	41481	20	
Saccade	41521	41541	20	
Fixation	41541	41721	180	
Saccade	41721	41751	30	
Saccade	41811	41891	80	
Saccade	41911	41941	30	
Saccade	41961	41991	30	
Fixation	41991	42061	70	
Saccade	42061	42071	10	4.68
Fixation	42071	42150	80	
Saccade	42150	42190	40	3.82
Fixation	42190	42430	240	
Saccade	42430	42470	40	
Saccade	42510	42540	30	
Saccade	42620	42650	30	
Saccade	42680	42690	10	
Saccade	42710	42740	30	
Saccade	42790	42810	20	
Fixation	42810	42900	90	
Saccade	43120	43140	20	
Saccade	43200	43270	70	
Fixation	43270	43480	210	
Fixation	43520	43670	150	
Saccade	43670	43690	20	
Saccade	43850	43859	10	
Fixation	43859	43959	100	
Saccade	43959	43989	30	
Saccade	44039	44149	110	
Saccade	44159	44179	20	
Fixation	44179	44389	210	
Fixation	44519	44709	190	
Saccade	44709	44739	30	
Fixation	44759	44869	110	
Fixation	44889	44989	100	
Saccade	45009	45029	20	
Fixation	45029	45469	440	
Saccade	45469	45499	30	
Fixation	45559	45688	130	
Saccade	45688	45718	30	6.9
Fixation	45718	45928	210	
Saccade	45988	46008	20	
Fixation	46008	46198	190	
Saccade	46198	46218	20	
Fixation	46258	46488	230	
Saccade	46488	46518	30	6.51
Fixation	46518	46688	170	
Saccade	46688	46708	20	
Saccade	46728	46748	20	
Saccade	46838	46858	20	
Fixation	46858	47058	200	
Saccade	47268	47297	30	
Saccade	47357	47367	10	
Saccade	47377	47397	20	
Fixation	47477	47557	80	
Fixation	47627	47767	140	
Saccade	47787	47807	20	
Saccade	47827	47847	20	
Fixation	47847	48117	270	
Saccade	48117	48157	40	
Fixation	48177	48267	90	
Saccade	48427	48477	50	
Fixation	48477	48607	130	
Fixation	48627	48697	70	
Fixation	48737	48857	120	
Fixation	49006	49126	120	
Saccade	49126	49166	40	9.59
Fixation	49166	49256	90	
Fixation	49306	49406	100	
Saccade	49556	49586	30	
Fixation	49586	49686	100	
Fixation	49706	50056	350	
Fixation	50256	50486	230	
Fixation	50526	50646	120	
Saccade	50646	50666	20	
Fixation	50686	50935	250	
Fixation	50955	51105	150	
Saccade	51105	51175	70	19.4
Fixation	51175	51245	70	
Saccade	51245	51265	20	
Fixation	51335	51455	120	
Fixation	51655	51855	200	
Saccade	51855	51885	30	
Fixation	52045	52155	110	
Saccade	52175	52205	30	
Fixation	52205	52375	170	
Saccade	52375	52385	10	2.21
Fixation	52385	52584	200	
Fixation	52604	52784	180	
Fixation	52884	53134	250	
Saccade	53134	53144	10	2.49
Fixation	53144	53454	310	
Saccade	53544	53574	30	
Fixation	53574	53994	420	
Fixation	54074	54293	220	
Saccade	54293	54323	30	
Saccade	54403	54433	30	
Fixation	54433	54533	100	
Saccade	54533	54543	10	3.87
Fixation	54543	54613	70	
Fixation	54713	54973	260	
Fixation	55073	55193	120	
Fixation	55373	55453	80	
Saccade	55453	55463	10	2.43
Fixation	55463	55783	320	
Fixation	55893	56002	110	
Saccade	56002	56022	20	
Saccade	56082	56102	20	
Fixation	56102	56262	160	
Saccade	56262	56282	20	2.94
Fixation	56282	56352	70	
Saccade	56352	56362	10	
Saccade	56542	56562	20	
Saccade	56582	56602	20	
Fixation	56602	56782	180	
Saccade	56782	56822	40	
Saccade	56952	57032	80	
Saccade	57052	57092	40	
Saccade	57152	57182	30	
Fixation	57372	57442	70	
Fixation	57462	57532	70	
Saccade	57532	57571	40	
Saccade	57621	57651	30	
Fixation	57651	57721	70	
Saccade	57801	57821	20	
Fixation	57871	57941	70	
Fixation	58011	58131	120	
Saccade	58131	58151	20	
Saccade	58171	58201	30	
Fixation	58201	58301	100	
Saccade	58441	58461	20	
Fixation	58461	58551	90	
Fixation	58571	58691	120	
Saccade	58711	58761	50	
Fixation	58841	58971	130	
Saccade	58971	58991	20	
Saccade	59041	59081	40	
Saccade	59141	59191	50	
Fixation	59191	59271	80	
Saccade	59271	59291	20	
Saccade	59340	59380	40	
Saccade	59570	59590	20	
Fixation	59590	59790	200	
Saccade	59810	59830	20	
Saccade	59860	59920	60	
Fixation	59960	60030	70	
Saccade	60090	60120	30	
Fixation	60140	60270	130	
Saccade	60270	60300	30	
Saccade	60370	60390	20	
Saccade	60620	60670	50	
Fixation	60670	60870	200	
Saccade	60870	60880	10	
Fixation	61019	61539	520	
Saccade	61769	61779	10	
Fixation	61779	62199	420	
Saccade	62199	62219	20	
Saccade	62289	62359	70	
Fixation	62359	62479	120	
Saccade	62479	62499	20	
Fixation	62519	62639	120	
Saccade	62639	62659	20	2.64
Fixation	62659	62788	130	
Fixation	62808	62918	110	
Saccade	62918	62938	20	
Saccade	63168	63228	60	
Saccade	63238	63248	10	
Saccade	63258	63318	60	
Fixation	63318	63548	230	
Saccade	63548	63558	10	1.91
Fixation	63558	63688	130	
Saccade	63688	63718	30	
Saccade	63798	63888	90	
Saccade	63958	63978	20	
Fixation	64038	64158	120	
Fixation	64178	64418	240	
Saccade	64477	64497	20	
Saccade	64537	64547	10	
Saccade	64567	64587	20	
Saccade	64607	64657	50	
Saccade	64677	64727	50	
Fixation	64727	64857	130	
Fixation	64877	65037	160	
Saccade	65167	65177	10	
Saccade	65207	65267	60	
Fixation	65267	65377	110	
Fixation	65457	65557	100	
Fixation	65577	65747	170	
Saccade	65747	65767	20	4.26
Fixation	65767	65987	220	
Saccade	66047	66087	40	
Saccade	66396	66436	40	
Fixation	66436	66666	230	
Saccade	66666	66686	20	2.21
Fixation	66686	66896	210	
Fixation	66956	67136	180	
Fixation	67156	67256	100	
Saccade	67306	67326	20	
Fixation	67326	67456	130	
Fixation	67596	67686	90	
Saccade	67686	67696	10	4.44
Fixation	67696	68135	440	
Fixation	68315	68445	130	
Saccade	68445	68465	20	2.61
Fixation	68465	68665	200	
Saccade	68665	68685	20	4.52
Fixation	68685	68765	80	
Saccade	68765	68795	30	
Saccade	68875	68905	30	
Saccade	68945	68985	40	
Saccade	69025	69085	60	
Fixation	69085	69165	80	
Fixation	69405	69974	570	
Fixation	70084	70404	320	
Saccade	70404	70444	40	
Saccade	70554	70574	20	
Fixation	70574	71114	540	
Fixation	71254	71433	180	
Fixation	71503	71893	390	
Saccade	71893	71923	30	
Saccade	72043	72063	20	
Saccade	72073	72093	20	
Saccade	72123	72153	30	
Saccade	72173	72193	20	
Saccade	72233	72243	10	
Fixation	72243	72323	80	
Fixation	72343	72483	140	
Saccade	72503	72523	20	
Fixation	72523	72753	230	
Saccade	72753	72773	20	2.93
Fixation	72773	72913	140	
Saccade	72913	72933	20	
Fixation	73042	73152	110	
Fixation	73172	73262	90	
Fixation	73302	73402	100	
Saccade	73402	73432	30	5.1
Fixation	73432	73532	100	
Saccade	73532	73572	40	
Saccade	73612	73642	30	
Saccade	73702	73722	20	
Fixation	73742	73852	110	
Fixation	73872	73942	70	
Fixation	74022	74182	160	
Saccade	74182	74192	10	2.59
Fixation	74192	74272	80	
Saccade	74272	74292	20	
Saccade	74302	74342	40	
Fixation	74342	74482	140	
Saccade	74612	74652	40	
Fixation	74652	74831	180	
Saccade	74831	74861	30	5.43
Fixation	74861	74951	90	
Saccade	74951	74961	10	
Saccade	75141	75161	20	
Saccade	75191	75221	30	
Saccade	75251	75271	20	
Saccade	75301	75311	10	
Fixation	75311	76161	850	
Fixation	76301	76780	480	
Fixation	76940	77080	140	
Saccade	77120	77140	20	
Saccade	77300	77350	50	
Fixation	77350	77500	150	
Fixation	77520	77600	80	
Saccade	77770	77820	50	
Saccade	77840	77860	20	
Fixation	77860	77960	100	
Saccade	78000	78030	30	
Saccade	78269	78279	10	
Fixation	78279	78439	160	
Saccade	78439	78459	20	3.91
Fixation	78459	78609	150	
Saccade	78609	78659	50	11.36
Fixation	78659	78869	210	
Saccade	78869	78889	20	4.26
Fixation	78889	78969	80	
Saccade	78969	78989	20	
Saccade	78999	79069	70	
Fixation	79069	79259	190	
Saccade	79429	79439	10	
Saccade	79479	79489	10	
Fixation	79489	79769	280	
Saccade	79769	79799	30	8.15
Fixation	79799	80268	470	
Saccade	80268	80338	70	17.91
Fixation	80338	80458	120	
Fixation	80558	80838	280	
Fixation	81038	81248	210	
Saccade	81248	81288	40	12.54
Fixation	81288	81717	430	
Saccade	81717	81727	10	1.75
Fixation	81727	81907	180	
Saccade	81907	81947	40	3.37
Fixation	81947	82297	350	
Fixation	82457	83117	660	
Fixation	83127	83257	130	
Saccade	83556	83576	20	
Saccade	83586	83616	30	
Saccade	83676	83756	80	
Saccade	83766	83776	10	
Saccade	83786	83846	60	
Saccade	83896	83936	40	
Fixation	83936	84016	80	
Fixation	84176	84266	90	
Saccade	84266	84286	20	5.61
Fixation	84286	84486	200	
Saccade	84486	84606	120	19.54
Fixation	84606	84726	120	
Saccade	84726	84766	40	10.77
Fixation	84766	84916	150	
Saccade	84916	84946	30	1.76
Fixation	84946	85935	989	
Fixation	86075	86675	600	
Saccade	86755	86844	90	
Fixation	86844	86924	80	
Saccade	86924	86994	70	
Saccade	87114	87134	20	
Fixation	87134	87214	80	
Saccade	87214	87244	30	5.15
Fixation	87244	87734	490	
Fixation	87834	87924	90	
Saccade	87924	87954	30	6.49
Fixation	87954	88224	270	
Saccade	88224	88264	40	8.01
Fixation	88264	88474	210	
Saccade	88713	88753	40	
Saccade	88773	88813	40	
Fixation	88833	88963	130	
Saccade	88963	88983	20	
Fixation	89053	89153	100	
Saccade	89153	89183	30	9.21
Fixation	89183	89253	70	
Saccade	89373	89413	40	
Fixation	89413	89613	200	
Saccade	89613	89623	10	
Saccade	89823	89833	10	
Fixation	89833	89953	120	
Saccade	89953	90053	100	17.66
Fixation	90053	90262	210	
Saccade	90262	90312	50	16.46
Fixation	90312	90482	170	
Saccade	90482	90522	40	4.82
Fixation	90522	90592	70	
Saccade	90592	90632	40	
Saccade	90642	90662	20	
Saccade	90682	90702	20	
Saccade	90722	90742	20	
Fixation	90742	90892	150	
Saccade	90892	90922	30	
Saccade	91162	91172	10	
Saccade	91182	91202	20	
Fixation	91202	91322	120	
Saccade	91322	91342	20	
Saccade	91372	91392	20	
Fixation	91392	91462	70	
Saccade	91462	91492	30	6.04
Fixation	91492	91772	280	
Saccade	91792	91842	50	
Fixation	91842	92011	170	
Fixation	92031	92241	210	
Saccade	92241	92271	30	
Saccade	92291	92311	20	
Saccade	92331	92351	20	
Fixation	92351	92491	140	
Fixation	92591	92721	130	
Saccade	92721	92791	70	
Saccade	92831	92851	20	
Saccade	92861	92901	40	
Fixation	92901	93011	110	
Saccade	93151	93171	20	17.3
Fixation	93171	93351	180	
Saccade	93351	93361	10	4.45
Fixation	93361	93601	240	
Saccade	93601	93630	30	7.71
Fixation	93630	93750	120	
Fixation	93850	94150	300	
Saccade	94150	94170	20	3.59
Fixation	94170	94430	260	
Fixation	94590	95589	999	
Saccade	95789	95829	40	
Saccade	95839	95849	10	
Saccade	95859	95889	30	
Saccade	95909	95929	20	
Saccade	95939	95979	40	
Saccade	96029	96039	10	
Fixation	96039	96339	300	
Saccade	96339	96379	40	4.53
Fixation	96379	96709	330	
Fixation	96809	97088	280	
Saccade	97088	97098	10	3.99
Fixation	97098	97248	150	
Fixation	97388	97598	210	
Saccade	97598	97628	30	
Saccade	97638	97658	20	
Fixation	97658	97758	100	
Saccade	97758	97778	20	3.51
Fixation	97778	97958	180	
Saccade	97958	97978	20	4.34
Fixation	97978	98268	290	
Saccade	98268	98288	20	
Saccade	98328	98348	20	
Saccade	98368	98388	20	
Fixation	98388	98558	170	
Saccade	98558	98638	80	
Fixation	98658	98748	90	
Saccade	98748	98758	10	4.28
Fixation	98758	98847	90	
Saccade	98847	98857	10	
Saccade	98887	98897	10	
Fixation	99107	99487	380	
Saccade	99487	99507	20	
Saccade	99527	99547	20	
Fixation	99547	99737	190	
Saccade	99737	99777	40	
Saccade	99787	99797	10	
Fixation	99797	99987	190	
Fixation	100007	100087	80	
Saccade	100287	100307	20	
Saccade	100317	100327	10	
Saccade	100347	100417	70	
Fixation	100417	100487	70	
Saccade	100487	100496	10	
Saccade	100536	100566	30	
Fixation	100566	100676	110	
Saccade	100676	100716	40	4.99
Fixation	100716	100846	130	
Saccade	100846	100916	70	
Saccade	100976	101006	30	
Saccade	101046	101096	50	
Saccade	101146	101166	20	
Fixation	101206	101366	160	
Saccade	101366	101396	30	
Saccade	101416	101426	10	
Fixation	101426	101596	170	
Saccade	101596	101616	20	4.07
Fixation	101616	101726	110	
Saccade	102026	102046	20	
Saccade	102086	102096	10	
Fixation	102096	102305	210	
Saccade	102305	102345	40	11.89
Fixation	102345	102565	220	
Saccade	102565	102605	40	2.71
Fixation	102605	103085	480	
Fixation	103265	103425	160	
Saccade	103425	103485	60	17.4
Fixation	103485	103595	110	
Saccade	103595	103605	10	2.45
Fixation	103605	103805	200	
Saccade	104114	104144	30	
Fixation	104144	104534	390	
Saccade	104534	104584	50	14.91
Fixation	104584	104864	280	
Saccade	104864	104884	20	
Saccade	104904	104924	20	
Fixation	104924	105384	460	
Saccade	105384	105394	10	1.59
Fixation	105394	105584	190	
Fixation	105644	105803	160	
Saccade	105803	105813	10	2.29
Fixation	105813	106483	670	
Saccade	106633	106653	20	
Saccade	106733	106773	40	
Saccade	106823	106863	40	
Saccade	106893	106923	30	
Saccade	106983	106993	10	
Saccade	107023	107063	40	
Saccade	107103	107113	10	
Fixation	107113	107183	70	
Saccade	107183	107193	10	2.32
Fixation	107193	107303	110	
Saccade	107303	107382	80	22.17
Fixation	107382	107492	110	
Saccade	107752	107772	20	
Fixation	107772	108172	400	
Saccade	108172	108282	110	
Saccade	108292	108312	20	
Fixation	108312	108402	90	
Saccade	108402	108452	50	
Saccade	108482	108502	20	
Saccade	108522	108542	20	
Fixation	108542	108642	100	
Saccade	108642	108662	20	3.36
Fixation	108662	108752	90	
Saccade	108962	109022	60	
Fixation	109022	109551	530	
Fixation	109691	110271	580	
Saccade	110391	110421	30	
Saccade	110451	110481	30	
Fixation	110491	110601	110	
Saccade	110601	110631	30	8.73
Fixation	110631	110711	80	
Saccade	110711	110721	10	2.49
Fixation	110721	110850	130	
Saccade	110990	111010	20	
Fixation	111010	111180	170	
Saccade	111180	111270	90	
Saccade	111310	111330	20	
Fixation	111330	111500	170	
Saccade	111500	111560	60	
Fixation	111670	111820	150	
Saccade	111820	111870	50	5.55
Fixation	111870	112030	160	
Saccade	112030	112060	30	8.62
Fixation	112060	112190	130	
Saccade	112190	112260	70	6.59
Fixation	112260	112500	240	
Saccade	112500	112529	30	2.19
Fixation	112529	112629	100	
Saccade	112959	112969	10	
Fixation	112969	113199	230	
Saccade	113199	113219	20	4.3
Fixation	113219	113319	100	
Saccade	113319	113359	40	9.72
Fixation	113359	113499	140	
Fixation	113559	113659	100	
Saccade	113659	113669	10	1.74
Fixation	113669	113739	70	
Saccade	113739	113759	20	2.39
Fixation	113759	113859	100	
Saccade	113859	113889	30	8.56
Fixation	113889	114288	400	
Saccade	114288	114308	20	
Saccade	114328	114348	20	
Fixation	114348	114538	190	
Fixation	114658	114778	120	
Saccade	114778	114788	10	
Saccade	114798	114838	40	
Fixation	114838	114968	130	
Saccade	114968	114988	20	2.64
Fixation	114988	115068	80	
Saccade	115068	115088	20	3.58
Fixation	115088	115198	110	
Fixation	115438	115908	470	
Saccade	115908	115927	20	
Saccade	115967	115987	20	
Fixation	115987	116637	650	
Fixation	116657	116737	80	
Saccade	116927	116967	40	
Fixation	116967	117157	190	
Saccade	117157	117177	20	
Saccade	117197	117217	20	
Fixation	117217	117397	180	
Saccade	117467	117497	30	
Fixation	117497	117686	190	
Saccade	117686	117726	40	
Saccade	117766	117786	20	
Saccade	117806	117826	20	
Fixation	117826	117936	110	
Saccade	117936	117966	30	
Saccade	118006	118016	10	
Saccade	118076	118096	20	
Saccade	118266	118306	40	
Fixation	118306	118696	390	
Fixation	118776	119216	440	
Saccade	119216	119236	20	
Saccade	119276	119296	20	
Saccade	119395	119445	50	
Saccade	119465	119485	20	
Fixation	119485	119585	100	
Saccade	119585	119615	30	8.42
Fixation	119615	119705	90	
Fixation	119725	119865	140	
Saccade	119865	119895	30	
Saccade	119905	119915	10	
Saccade	120075	120095	20	
Fixation	120095	120175	80	
Saccade	120175	120215	40	
Saccade	120265	120285	20	
Fixation	120345	120475	130	
Saccade	120475	120495	20	1.58
Fixation	120495	120565	70	
Saccade	120565	120575	10	
Saccade	120595	120645	50	
Saccade	120665	120705	40	
Fixation	120705	120775	70	
Saccade	120875	120895	20	
Saccade	120955	120975	20	
Fixation	120975	121055	80	
Saccade	121055	121065	10	
Saccade	121134	121154	20	
Saccade	121164	121184	20	
Fixation	121184	121354	170	
Saccade	121354	121364	10	
Saccade	121384	121424	40	
Fixation	121424	121594	170	
Fixation	121714	121854	140	
Saccade	121854	121864	10	1.89
Fixation	121864	121954	90	
Saccade	121954	121974	20	5.37
Fixation	121974	122234	260	
Saccade	122394	122414	20	
Saccade	122534	122574	40	
Saccade	122604	122624	20	
Saccade	122634	122664	30	
Saccade	122803	122823	20	
Fixation	122823	122973	150	
Saccade	122973	122983	10	
Saccade	123013	123053	40	
Fixation	123093	123213	120	
Saccade	123253	123273	20	
Saccade	123293	123303	10	
Saccade	123323	123343	20	
Saccade	123363	123383	20	
Fixation	123383	123483	100	
Saccade	123483	123503	20	2.3
Fixation	123503	123583	80	
Saccade	123583	123603	20	
Saccade	123623	123633	10	
Saccade	123643	123663	20	
Fixation	123663	123753	90	
Saccade	123883	123963	80	
Fixation	123963	124103	140	
Saccade	124103	124123	20	
Saccade	124133	124163	30	
Fixation	124163	124343	180	
Saccade	124343	124363	20	1.51
Fixation	124363	124652	290	
Saccade	124652	124672	20	5.48
Fixation	124672	124952	280	
Fixation	125092	125392	300	
Saccade	125392	125402	10	
Saccade	125462	125482	20	
Saccade	125492	125502	10	
Saccade	125522	125542	20	
Saccade	125552	125582	30	
Saccade	125772	125802	30	
Fixation	125802	125922	120	
Saccade	125922	125942	20	10.91
Fixation	125942	126291	350	
Saccade	126291	126331	40	
Saccade	126551	126571	20	
Saccade	126611	126651	40	
Fixation	126651	127011	360	
Saccade	127161	127171	10	
Fixation	127171	127331	160	
Saccade	127331	127361	30	
Saccade	127371	127391	20	
Fixation	127391	127551	160	
Saccade	127551	127591	40	3.4
Fixation	127591	127990	400	
Saccade	128140	128150	10	
Saccade	128160	128170	10	
Saccade	128180	128200	20	
Saccade	128220	128240	20	
Fixation	128240	128310	70	
Saccade	128310	128350	40	1.14
Fixation	128350	128540	190	
Fixation	128560	128740	180	
Saccade	128740	128760	20	5.64
Fixation	128760	128840	80	
Fixation	128860	128960	100	
Saccade	128960	128980	20	5.39
Fixation	128980	129160	180	
Saccade	129160	129180	20	1.73
Fixation	129180	129270	90	
Saccade	129270	129290	20	
Saccade	129430	129460	30	
Saccade	129639	129649	10	
Fixation	129649	129779	130	
Saccade	129779	129809	30	
Saccade	129869	129939	70	
Fixation	129939	130029	90	
Saccade	130029	130039	10	
Saccade	130049	130069	20	
Saccade	130089	130109	20	
Saccade	130129	130149	20	
Saccade	130169	130189	20	
Saccade	130329	130369	40	
Fixation	130369	130459	90	
Saccade	130459	130539	80	22.35
Fixation	130539	130619	80	
Saccade	130629	130649	20	
Saccade	130699	130729	30	
Saccade	130749	130789	40	
Fixation	130789	131019	230	
Saccade	131019	131069	50	
Saccade	131119	131159	40	
Saccade	131189	131209	20	
Fixation	131209	131678	470	
Saccade	131678	131718	40	2.51
Fixation	131718	131908	190	
Fixation	132108	132228	120	
Saccade	132228	132248	20	
Saccade	132288	132298	10	
Saccade	132318	132368	50	
Saccade	132488	132508	20	
Saccade	132518	132538	20	
Saccade	132578	132598	20	
Saccade	132638	132688	50	
Fixation	132688	132758	70	
Saccade	132758	132778	20	5.58
Fixation	132778	132978	200	
Saccade	132978	132998	20	6.84
Fixation	132998	133167	170	
Fixation	133287	133477	190	
Saccade	133477	133517	40	
Saccade	133527	133547	20	
Saccade	133647	133657	10	
Fixation	133657	133947	290	
Fixation	134007	134727	720	
Saccade	134727	134747	20	
Fixation	134926	135046	120	
Saccade	135136	135226	90	
Fixation	135226	135466	240	
Saccade	135466	135486	20	
Saccade	135536	135556	20	
Fixation	135556	135626	70	
Saccade	135626	135666	40	4.2
Fixation	135666	135766	100	
Fixation	135806	135966	160	
Saccade	135966	135986	20	
Saccade	135996	136006	10	
Saccade	136036	136056	20	
Fixation	136056	136196	140	
Saccade	136196	136226	30	
Saccade	136276	136296	20	
Saccade	136346	136366	20	
Saccade	136555	136565	10	
Saccade	136575	136605	30	
Saccade	136615	136635	20	
Saccade	136655	136675	20	
Fixation	136675	136945	270	
Saccade	136945	136965	20	
Saccade	136995	137005	10	
Fixation	137005	137085	80	
Saccade	137085	137105	20	
Saccade	137115	137135	20	
Saccade	137155	137165	10	
Fixation	137165	137265	100	
Saccade	137325	137345	20	
Saccade	137365	137375	10	
Fixation	137375	137465	90	
Saccade	137545	137575	30	
Saccade	137635	137645	10	
Saccade	137675	137685	10	
Saccade	137735	137755	20	
Saccade	137785	137805	20	
Fixation	138025	138195	170	
Saccade	138195	138234	40	13.31
Fixation	138234	138464	230	
Saccade	138464	138474	10	
Saccade	138514	138534	20	
Fixation	138534	138784	250	
Saccade	138784	138804	20	3.09
Fixation	138804	138874	70	
Saccade	138874	138894	20	
Fixation	139204	139344	140	
Saccade	139344	139374	30	5.17
Fixation	139374	139644	270	
Saccade	139644	139684	40	4.3
Fixation	139684	140193	510	
Saccade	140193	140263	70	20.18
Fixation	140263	140363	100	
Saccade	140363	140373	10	
Saccade	140393	140403	10	
Fixation	140663	141233	570	
Saccade	141233	141253	20	4.17
Fixation	141253	141403	150	
Saccade	141403	141453	50	
Saccade	141513	141543	30	
Saccade	141563	141583	20	
Saccade	141603	141623	20	
Fixation	141623	141782	160	
Fixation	141822	142152	330	
Fixation	142172	142462	290	
Saccade	142462	142492	30	
Saccade	142612	142642	30	
Saccade	142652	142702	50	
Saccade	142712	142752	40	
Saccade	142762	142772	10	
Fixation	142772	142852	80	
Saccade	142852	142882	30	7.77
Fixation	142882	143172	290	
Saccade	143172	143202	30	
Saccade	143222	143242	20	
Saccade	143252	143262	10	
Fixation	143262	143351	90	
Saccade	143391	143401	10	
Saccade	143441	143451	10	
Fixation	143451	143531	80	
Saccade	143611	143631	20	
Saccade	143641	143661	20	
Fixation	143871	144091	220	
Saccade	144091	144121	30	5.95
Fixation	144121	144351	230	
Saccade	144351	144391	40	
Saccade	144421	144441	20	
Saccade	144481	144501	20	
Fixation	144501	144611	110	
Saccade	144611	144641	30	
Fixation	144971	145041	70	
Saccade	145041	145060	20	
Saccade	145160	145190	30	
Fixation	145190	145350	160	
Saccade	145350	145370	20	
Saccade	145410	145430	20	
Fixation	145430	145710	280	
Saccade	145710	145720	10	
Fixation	145830	145970	140	
Saccade	145970	145980	10	
Saccade	145990	146010	20	
Fixation	146010	146590	580	
Fixation	146610	146680	70	
Saccade	146680	146720	40	2.39
Fixation	146720	146829	110	
Saccade	146829	146849	20	5.45
Fixation	146849	146949	100	
Fixation	147069	147169	100	
Saccade	147169	147189	20	
Saccade	147209	147219	10	
Fixation	147219	147339	120	
Saccade	147339	147369	30	
Fixation	147639	147759	120	
Saccade	147759	147809	50	11.57
Fixation	147809	147889	80	
Fixation	148049	148389	340	
Fixation	148459	148638	180	
Fixation	148658	148908	250	
Fixation	148928	149188	260	
Saccade	149188	149228	40	2.21
Fixation	149228	149368	140	
Saccade	149378	149528	150	
Fixation	149528	149658	130	
Saccade	149658	149668	10	
Saccade	149738	149778	40	
Saccade	149788	149808	20	
Saccade	150018	150058	40	
Fixation	150058	150158	100	
Fixation	150237	150417	180	
Fixation	150517	150837	320	
Saccade	150837	150857	20	
Saccade	150917	150957	40	
Saccade	150987	150997	10	
Saccade	151007	151047	40	
Fixation	151047	151417	370	
Saccade	151587	151617	30	
Fixation	151617	151747	130	
Saccade	151747	151787	40	1.71
Fixation	151787	152326	540	
Saccade	152326	152346	20	
Saccade	152426	152456	30	
Saccade	152506	152546	40	
Fixation	152546	153226	680	
Saccade	153226	153236	10	
Saccade	153256	153286	30	
Saccade	153416	153436	20	
Fixation	153436	154175	740	
Saccade	154265	154285	20	
Fixation	154285	154375	90	
Fixation	154475	154605	130	
Saccade	154605	154635	30	
Saccade	154695	154715	20	
Fixation	154715	155155	440	
Saccade	155155	155205	50	
Saccade	155255	155295	40	
Saccade	155305	155324	20	
Fixation	155384	155564	180	
Fixation	155604	156094	490	
Saccade	156094	156114	20	
Saccade	156124	156154	30	
Saccade	156174	156184	10	
Saccade	156304	156324	20	
Saccade	156344	156364	20	
Fixation	156364	157513	1149	
Fixation	157553	158533	979	
Fixation	158553	158802	250	
Fixation	158822	159172	350	
Saccade	159192	159252	60	
Fixation	159252	160182	929	
Fixation	160322	160491	170	
Saccade	160491	160521	30	
Saccade	160571	160591	20	
Fixation	160591	161681	1089	
Fixation	161781	161991	210	
