Event Start Trial Time [ms]	Event End Trial Time [ms]	Event Duration [ms]
1014	1084	70
1194	1234	40
1554	1574	20
1594	1604	10
1734	1764	30
1874	1894	20
1934	1974	40
1994	2044	50
2314	2334	20
2773	2803	30
3113	3143	30
4003	4043	40
5292	5312	20
5522	5542	20
5882	5922	40
5942	5982	40
6002	6012	10
6042	6072	30
6661	6681	20
6811	6831	20
6871	6951	80
6991	7031	40
7101	7121	20
7161	7191	30
7441	7481	40
9210	9220	10
9879	9909	30
10139	10219	80
10279	10289	10
10299	10329	30
10399	10429	30
10609	10619	10
11308	11328	20
11348	11388	40
11408	11478	70
11618	11638	20
11898	11918	20
11938	11968	30
12248	12258	10
12288	12318	30
12388	12408	20
12568	12578	10
12698	12718	20
12758	12818	60
12938	12958	20
13067	13097	30
13387	13417	30
13457	13507	50
13537	13567	30
13767	13777	10
14017	14057	40
16535	16565	30
16895	16915	20
17115	17135	20
17175	17195	20
17255	17275	20
17685	17725	40
17925	17975	50
18015	18085	70
18105	18125	20
18145	18165	20
18634	18694	60
18754	18794	40
18844	18864	20
19374	19414	40
20003	20033	30
20343	20373	30
20833	20853	20
20883	20893	10
21143	21193	50
21553	21593	40
21862	21882	20
22162	22182	20
22402	22412	10
23681	23721	40
23741	23801	60
23891	23921	30
23971	24001	30
24051	24071	20
26020	26070	50
26090	26120	30
26140	26160	20
26220	26240	20
26270	26300	30
26570	26670	100
26700	26710	10
26730	26770	40
27159	27179	20
27199	27219	20
27239	27249	10
27269	27299	30
27319	27429	110
27449	27459	10
28948	28978	30
29368	29398	30
29438	29528	90
29568	29588	20
29598	29688	90
29818	29838	20
29948	29968	20
30208	30228	20
30348	30358	10
31017	31117	100
31147	31157	10
31177	31197	20
31827	31877	50
31927	31947	20
34005	34045	40
34245	34275	30
34565	34735	170
34755	34775	20
35385	35415	30
35604	35674	70
35734	35754	20
35884	35904	20
36234	36254	20
36444	36474	30
37074	37094	20
37633	37653	20
38073	38093	20
38393	38423	30
38553	38583	30
38863	38873	10
39023	39062	40
39342	39362	20
39782	39802	20
40022	40042	20
40322	40352	30
40592	40612	20
40702	40732	30
42341	42451	110
42541	42600	60
42640	42660	20
42670	42700	30
42740	42770	30
42890	42920	30
43720	43750	30
44389	44479	90
44499	44519	20
44639	44679	40
44759	44779	20
44839	44889	50
44949	44979	30
44999	45029	30
45409	45489	80
45549	45559	10
45589	45609	20
47088	47108	20
47168	47188	20
47248	47268	20
47907	47947	40
48437	48487	50
50116	50136	20
50186	50216	30
50236	50316	80
50406	50436	30
50556	50576	20
51016	51056	40
51076	51126	50
51136	51156	20
51235	51255	20
51405	51425	20
51835	51865	30
51905	51925	20
51945	52015	70
52095	52105	10
52305	52345	40
52665	52735	70
52785	52805	20
52825	52845	20
53964	53984	20
54004	54024	20
54114	54134	20
54314	54344	30
54484	54504	20
54624	54664	40
54813	54853	40
55213	55233	20
55503	55543	40
55593	55603	10
55633	55653	20
55823	55853	30
56123	56163	40
57232	57322	90
57342	57362	20
57372	57392	20
57452	57472	20
57542	57602	60
58161	58181	20
59021	59051	30
59401	59421	20
61170	61250	80
61270	61310	40
61330	61400	70
61420	61450	30
61490	61520	30
61839	61859	20
62269	62289	20
62629	62649	20
63508	63578	70
63588	63608	20
63618	63638	20
64008	64028	20
64068	64108	40
64128	64148	20
64168	64178	10
64468	64538	70
64568	64598	30
64768	64788	20
65117	65147	30
65187	65247	60
65257	65287	30
65307	65357	50
65397	65417	20
65757	65797	40
65937	65947	10
66177	66207	30
66367	66377	10
66487	66527	40
66717	66787	70
66826	66846	20
66866	66946	80
66966	66986	20
67266	67326	60
67366	67446	80
67466	67486	20
67566	67596	30
67686	67706	20
67956	67986	30
68166	68186	20
70364	70434	70
70454	70484	30
70494	70504	10
70524	70544	20
70584	70614	30
70724	70764	40
70804	70834	30
71094	71114	20
71154	71214	60
71254	71274	20
71534	71624	90
71704	71714	10
71744	71764	20
71974	71984	10
72004	72043	40
72083	72103	20
72153	72193	40
72253	72263	10
72373	72393	20
72523	72593	70
72633	72653	20
72713	72733	20
73123	73163	40
73203	73243	40
73273	73283	10
73293	73383	90
73403	73433	30
73523	73543	20
73862	73872	10
74582	74632	50
74882	74902	20
74922	74942	20
75052	75112	60
75202	75222	20
75232	75242	10
75352	75382	30
75581	75601	20
75851	75871	20
76171	76181	10
76341	76371	30
76681	76701	20
76841	76861	20
77111	77131	20
77260	77280	20
77440	77460	20
78100	78120	20
78900	78930	30
79339	79369	30
81068	81088	20
81298	81318	20
81358	81468	110
81488	81528	40
81548	81598	50
81678	81708	30
81828	81848	20
82587	82627	40
83747	83767	20
85426	85436	10
85836	85856	20
85876	85925	50
85945	85955	10
85965	85975	10
86055	86065	10
86125	86145	20
86205	86245	40
86585	86605	20
86835	86855	20
86875	86945	70
86985	87035	50
87045	87055	10
87275	87315	40
87674	87704	30
87844	87884	40
88064	88084	20
88704	88714	10
88804	88824	20
89264	89294	30
89383	89393	10
90243	90263	20
90673	90703	30
90743	90773	30
91272	91302	30
92082	92102	20
92172	92202	30
92212	92232	20
92272	92292	20
92302	92322	20
92372	92392	20
92402	92422	20
92452	92482	30
92542	92572	30
92592	92612	20
92622	92632	10
92652	92672	20
92941	92991	50
93021	93051	30
93381	93461	80
93501	93511	10
93531	93541	10
93561	93581	20
93831	93861	30
93901	94001	100
94041	94131	90
94171	94211	40
94251	94281	30
94361	94371	10
94720	94740	20
94810	94830	20
95090	95120	30
95570	95630	60
95690	95710	20
95740	95780	40
95790	95830	40
95850	95890	40
96070	96110	40
96309	96349	40
96529	96569	40
96639	96659	20
96669	96689	20
96709	96739	30
96789	96809	20
96979	96989	10
97229	97239	10
97309	97329	20
97339	97359	20
97699	97729	30
97949	97969	20
98098	98118	20
98228	98248	20
98378	98398	20
98848	98868	20
99088	99108	20
99348	99378	30
99608	99638	30
99917	99947	30
100267	100297	30
100707	100737	30
101257	101317	60
101856	101866	10
102186	102236	50
103046	103066	20
103295	103315	20
104065	104085	20
104155	104185	30
104305	104365	60
104405	104435	30
